PCTime	MagType	HX	HY	HZ	AsX	AsY	AsZ	Q0	Q1	Q2	Q3
2026-04-25 22:29:14.771	6	27.747	-9.120	-46.347	0	0	0	0.60452	0	-0.00012	0.79651
2026-04-25 22:29:14.894	6	27.747	-9.120	-46.347	0	0	0.061	0.60452	0	-0.00012	0.79651
2026-04-25 22:29:14.987	6	27.747	-9.120	-46.347	0	0	0	0.60452	0	-0.00012	0.79651
2026-04-25 22:29:15.079	6	27.747	-9.120	-46.347	0	0	0	0.60452	0	-0.00012	0.79651
2026-04-25 22:29:15.186	6	17.060	-28.873	-78.320	0	0	0	0.60452	0	-0.00012	0.79651
2026-04-25 22:29:15.282	6	17.160	-28.860	-78.320	0	0	0	0.60452	0	-0.00012	0.79651
2026-04-25 22:29:15.998	6	17.547	-27.220	-78.740	-56.519	-1.099	-290.649	0.60452	0	-0.00012	0.79651
2026-04-25 22:29:16.062	6	18.907	-23.160	-77.120	15.93	18.433	-211.67	0.60452	0	-0.00012	0.79651
2026-04-25 22:29:16.267	6	18.547	-14.160	-71.973	-2.014	-30.945	-134.216	0.60452	0	-0.00012	0.79651
2026-04-25 22:29:16.596	6	14.860	-3.387	-66.947	13.977	9.705	-23.56	0.60452	0	-0.00012	0.79651
2026-04-25 22:29:16.879	6	6.660	8.553	-60.007	-0.793	0.671	6.775	0.60452	0	-0.00012	0.79651
2026-04-25 22:29:17.086	6	0.460	12.013	-60.640	-2.319	-1.16	4.211	0.60452	0	-0.00012	0.79651
2026-04-25 22:29:17.287	6	-1.980	11.840	-61.780	-1.038	1.587	0.427	0.60452	0	-0.00012	0.79651
2026-04-25 22:29:17.682	6	-1.927	11.153	-62.553	0.549	0.183	-1.587	0.60452	0	-0.00012	0.79651
2026-04-25 22:29:18.882	6	-1.353	11.480	-62.320	-0.854	0.977	0.366	0.60452	0	-0.00012	0.79651
2026-04-25 22:29:19.814	6	-0.800	11.093	-62.407	-0.854	0.244	-2.747	0.60452	0	-0.00012	0.79651
2026-04-25 22:29:21.519	6	-0.180	10.927	-62.827	0.854	0	1.831	0.60452	0	-0.00012	0.79651
2026-04-25 22:29:22.119	6	0.487	11.393	-62.160	-9.216	2.075	-0.977	0.60452	0	-0.00012	0.79651
2026-04-25 22:29:22.568	6	1.460	12.127	-61.073	0.916	-0.244	2.93	0.60452	0	-0.00012	0.79651
2026-04-25 22:29:22.730	6	1.907	12.440	-60.400	0	1.099	-0.366	0.60452	0	-0.00012	0.79651
2026-04-25 22:29:23.114	6	2.147	12.827	-60.000	2.563	-0.732	0.916	0.60452	0	-0.00012	0.79651
2026-04-25 22:29:26.946	6	2.573	12.327	-60.753	6.775	2.563	-12.695	0.60452	0	-0.00012	0.79651
2026-04-25 22:29:27.557	6	0.487	11.840	-61.507	5.981	-3.784	16.541	0.60452	0	-0.00012	0.79651
2026-04-25 22:29:27.760	6	-0.580	11.427	-61.960	14.099	1.404	14.282	0.60452	0	-0.00012	0.79651
2026-04-25 22:29:28.152	6	0.087	10.353	-63.120	-58.655	10.498	-0.61	0.60452	0	-0.00012	0.79651
2026-04-25 22:29:28.360	6	1.520	11.340	-61.860	10.62	-32.532	-20.264	0.60452	0	-0.00012	0.79651
2026-04-25 22:29:28.750	6	-0.467	14.540	-58.987	16.846	9.399	-24.292	0.60452	0	-0.00012	0.79651
2026-04-25 22:29:28.967	6	-1.867	15.113	-58.787	26.733	-28.625	-1.648	0.60452	0	-0.00012	0.79651
2026-04-25 22:29:29.174	6	-7.767	13.853	-61.060	16.968	14.709	13.733	0.60452	0	-0.00012	0.79651
2026-04-25 22:29:29.390	6	-10.593	13.853	-61.060	-37.17	-38.696	-20.569	0.60452	0	-0.00012	0.79651
2026-04-25 22:29:29.500	6	-10.593	11.727	-63.527	13	9.644	-1.892	0.60452	0	-0.00012	0.79651
2026-04-25 22:29:29.768	6	-13.027	9.893	-64.953	-8.728	-3.662	-5.981	0.60452	0	-0.00012	0.79651
2026-04-25 22:29:29.986	6	-13.640	9.567	-65.093	-30.64	3.418	9.216	0.60452	0	-0.00012	0.79651
2026-04-25 22:29:30.218	6	-14.200	10.493	-64.080	0	-34.424	1.587	0.60452	0	-0.00012	0.79651
2026-04-25 22:29:30.579	6	-15.040	11.927	-62.707	5.676	9.033	-13.916	0.60452	0	-0.00012	0.79651
2026-04-25 22:29:30.770	6	-16.113	12.927	-61.700	-6.897	-1.77	8.484	0.60452	0	-0.00012	0.79651
2026-04-25 22:29:30.977	6	-17.480	13.880	-60.587	15.32	6.775	-6.775	0.60452	0	-0.00012	0.79651
2026-04-25 22:29:31.389	6	-18.440	13.540	-60.900	-8.24	-1.099	-6.531	0.60452	0	-0.00012	0.79651
2026-04-25 22:29:31.593	6	-19.127	13.180	-61.013	0.977	0.671	0.305	0.60452	0	-0.00012	0.79651
2026-04-25 22:29:31.910	6	-20.440	12.767	-61.113	12.207	-0.122	3.784	0.60452	0	-0.00012	0.79651
2026-04-25 22:29:32.198	6	-20.900	12.200	-61.447	-18.616	3.723	1.16	0.60452	0	-0.00012	0.79651
2026-04-25 22:29:33.190	6	-21.100	13.000	-60.153	-1.038	-5.127	7.935	0.60452	0	-0.00012	0.79651
2026-04-25 22:29:33.399	6	-22.153	13.280	-59.713	1.282	-2.991	-3.052	0.60452	0	-0.00012	0.79651
2026-04-25 22:29:33.526	6	-22.867	13.440	-59.267	1.892	1.709	-5.249	0.60452	0	-0.00012	0.79651
2026-04-25 22:29:33.789	6	-23.300	13.627	-58.747	2.38	-0.793	6.653	0.60452	0	-0.00012	0.79651
2026-04-25 22:29:36.613	6	-22.627	14.267	-58.873	-18.921	-0.061	-0.488	0.60452	0	-0.00012	0.79651
2026-04-25 22:29:36.831	6	-22.800	14.867	-58.127	-6.226	-11.536	-8.118	0.60452	0	-0.00012	0.79651
2026-04-25 22:29:37.151	6	-22.827	16.867	-55.100	-44.739	1.465	8.484	0.60452	0	-0.00012	0.79651
2026-04-25 22:29:37.418	6	-22.267	20.400	-48.713	-15.381	0.244	-0.366	0.60452	0	-0.00012	0.79651
2026-04-25 22:29:37.628	6	-21.793	22.740	-43.407	-34.973	0.427	2.014	0.60452	0	-0.00012	0.79651
2026-04-25 22:29:37.801	6	-21.393	24.953	-37.373	-20.386	7.141	-0.854	0.60452	0	-0.00012	0.79651
2026-04-25 22:29:38.027	6	-20.940	26.067	-32.560	-11.475	-5.554	2.441	0.60452	0	-0.00012	0.79651
2026-04-25 22:29:38.317	6	-20.800	26.500	-28.680	-20.02	-10.62	-7.874	0.60452	0	-0.00012	0.79651
2026-04-25 22:29:38.532	6	-20.893	26.200	-22.240	-25.696	2.747	-2.625	0.60452	0	-0.00012	0.79651
2026-04-25 22:29:38.833	6	-21.353	24.367	-14.993	-21.118	4.089	-7.751	0.60452	0	-0.00012	0.79651
2026-04-25 22:29:39.038	6	-22.080	22.100	-9.760	-42.725	-0.061	1.16	0.60452	0	-0.00012	0.79651
2026-04-25 22:29:39.218	6	-22.853	19.127	-4.647	-36.011	-5.066	-2.502	0.60452	0	-0.00012	0.79651
2026-04-25 22:29:39.440	6	-23.480	15.413	0.227	-25.146	-0.427	-2.319	0.60452	0	-0.00012	0.79651
2026-04-25 22:29:39.728	6	-23.813	11.493	4.153	-2.869	3.662	-5.371	0.60452	0	-0.00012	0.79651
2026-04-25 22:29:39.925	6	-23.927	7.553	7.587	-17.456	-2.441	3.235	0.60452	0	-0.00012	0.79651
2026-04-25 22:29:40.147	6	-23.853	2.593	10.880	-46.57	-1.526	5.31	0.60452	0	-0.00012	0.79651
2026-04-25 22:29:40.367	6	-23.293	-1.047	12.920	-41.199	-6.836	-8.423	0.60452	0	-0.00012	0.79651
2026-04-25 22:29:40.630	6	-22.793	-5.633	14.700	-49.866	-0.916	-2.38	0.60452	0	-0.00012	0.79651
2026-04-25 22:29:40.898	6	-22.180	-15.547	16.233	-30.029	-0.488	2.93	0.60452	0	-0.00012	0.79651
2026-04-25 22:29:41.057	6	-22.067	-19.307	16.380	-31.25	-3.357	8.484	0.60452	0	-0.00012	0.79651
2026-04-25 22:29:41.277	6	-22.200	-26.500	15.887	-32.166	-0.366	3.723	0.60452	0	-0.00012	0.79651
2026-04-25 22:29:41.435	6	-22.313	-35.047	13.847	-26.611	3.113	-5.798	0.60452	0	-0.00012	0.79651
2026-04-25 22:29:41.738	6	-22.353	-39.073	12.420	-14.16	1.892	-1.831	0.60452	0	-0.00012	0.79651
2026-04-25 22:29:41.870	6	-22.567	-42.520	10.513	-28.442	-0.977	2.869	0.60452	0	-0.00012	0.79651
2026-04-25 22:29:42.157	6	-23.000	-47.400	6.447	-18.25	4.7	-0.671	0.60452	0	-0.00012	0.79651
2026-04-25 22:29:42.345	6	-23.200	-48.947	5.007	-78.796	14.038	0.488	0.60452	0	-0.00012	0.79651
2026-04-25 22:29:42.669	6	-23.980	-53.507	-0.513	-24.231	11.719	0.793	0.60452	0	-0.00012	0.79651
2026-04-25 22:29:42.786	6	-24.367	-56.000	-4.260	-70.496	0.305	-1.709	0.60452	0	-0.00012	0.79651
2026-04-25 22:29:43.067	6	-24.853	-58.447	-8.820	-60.425	-2.075	3.174	0.60452	0	-0.00012	0.79651
2026-04-25 22:29:43.277	6	-25.113	-59.473	-11.200	-80.139	-4.822	-5.737	0.60452	0	-0.00012	0.79651
2026-04-25 22:29:43.452	6	-25.127	-61.747	-19.967	-51.941	-4.333	1.587	0.60452	0	-0.00012	0.79651
2026-04-25 22:29:43.690	6	-25.200	-62.460	-27.240	-38.635	-2.319	1.465	0.60452	0	-0.00012	0.79651
2026-04-25 22:29:43.987	6	-25.127	-61.433	-38.153	-47.974	-3.845	-5.005	0.60452	0	-0.00012	0.79651
2026-04-25 22:29:44.205	6	-25.053	-59.507	-44.553	-31.555	-9.888	4.15	0.60452	0	-0.00012	0.79651
2026-04-25 22:29:44.384	6	-25.440	-56.500	-50.367	-33.081	6.042	2.197	0.60452	0	-0.00012	0.79651
2026-04-25 22:29:44.798	6	-25.527	-49.647	-59.440	-18.433	3.784	-0.732	0.60452	0	-0.00012	0.79651
2026-04-25 22:29:44.887	6	-25.353	-47.973	-61.400	-42.175	6.287	-1.831	0.60452	0	-0.00012	0.79651
2026-04-25 22:29:45.196	6	-24.453	-42.700	-65.907	-14.771	0.427	-3.357	0.60452	0	-0.00012	0.79651
2026-04-25 22:29:45.608	6	-22.800	-34.660	-70.167	-31.616	-9.46	-8.301	0.60452	0	-0.00012	0.79651
2026-04-25 22:29:45.819	6	-22.500	-32.320	-71.160	-25.085	-3.357	-0.793	0.60452	0	-0.00012	0.79651
2026-04-25 22:29:45.955	6	-21.913	-28.133	-72.327	-27.893	-7.935	1.465	0.60452	0	-0.00012	0.79651
2026-04-25 22:29:46.207	6	-21.780	-22.100	-73.113	-36.072	-10.62	10.742	0.60452	0	-0.00012	0.79651
2026-04-25 22:29:46.310	6	-22.427	-17.447	-73.093	-33.02	-0.671	7.629	0.60452	0	-0.00012	0.79651
2026-04-25 22:29:46.606	6	-22.653	-14.860	-72.767	-44.067	5.249	1.038	0.60452	0	-0.00012	0.79651
2026-04-25 22:29:47.018	6	-23.367	-1.407	-69.493	-29.785	0.244	-6.348	0.60452	0	-0.00012	0.79651
2026-04-25 22:29:47.093	6	-23.167	1.093	-68.413	-47.546	-1.099	-1.831	0.60452	0	-0.00012	0.79651
2026-04-25 22:29:47.409	6	-23.067	5.413	-65.627	-12.268	6.958	4.456	0.60452	0	-0.00012	0.79651
2026-04-25 22:29:47.619	6	-22.853	10.893	-60.993	-44.8	-0.671	2.563	0.60452	0	-0.00012	0.79651
2026-04-25 22:29:47.887	6	-22.953	16.293	-54.733	-56.152	-1.282	3.296	0.60452	0	-0.00012	0.79651
2026-04-25 22:29:48.099	6	-23.280	18.000	-51.920	-62.561	-7.08	7.507	0.60452	0	-0.00012	0.79651
2026-04-25 22:29:48.308	6	-23.953	20.993	-45.493	-84.961	-16.663	12.817	0.60452	0	-0.00012	0.79651
2026-04-25 22:29:48.434	6	-24.393	23.693	-36.893	-57.19	5.188	5.066	0.60452	0	-0.00012	0.79651
2026-04-25 22:29:48.830	6	-24.413	23.700	-18.820	-54.077	-0.366	4.578	0.60452	0	-0.00012	0.79651
2026-04-25 22:29:49.036	6	-23.993	21.593	-10.887	-33.264	-2.991	3.113	0.60452	0	-0.00012	0.79651
2026-04-25 22:29:49.422	6	-23.653	16.813	-2.000	-10.498	-3.418	6.714	0.60452	0	-0.00012	0.79651
2026-04-25 22:29:49.718	6	-22.953	13.840	2.313	-12.512	8.911	-3.113	0.60452	0	-0.00012	0.79651
2026-04-25 22:29:49.907	6	-22.027	9.680	6.653	-14.954	0.122	-0.305	0.60452	0	-0.00012	0.79651
2026-04-25 22:29:50.113	6	-21.467	5.893	9.473	-22.949	-9.155	8.545	0.60452	0	-0.00012	0.79651
2026-04-25 22:29:50.437	6	-21.367	4.527	10.527	-71.777	-0.061	-10.437	0.60452	0	-0.00012	0.79651
2026-04-25 22:29:50.618	6	-20.867	-1.760	13.667	-46.082	-2.93	-5.859	0.60452	0	-0.00012	0.79651
2026-04-25 22:29:50.720	6	-20.680	-4.700	14.580	-42.908	2.869	20.752	0.60452	0	-0.00012	0.79651
2026-04-25 22:29:51.048	6	-20.440	-16.100	16.280	-43.701	0.549	8.24	0.60452	0	-0.00012	0.79651
2026-04-25 22:29:51.247	6	-21.113	-24.487	15.833	-52.368	6.775	6.47	0.60452	0	-0.00012	0.79651
2026-04-25 22:29:51.322	6	-21.400	-28.273	15.227	-30.396	13.428	-0.122	0.60452	0	-0.00012	0.79651
2026-04-25 22:29:51.501	6	-22.640	-28.273	15.227	-19.165	4.578	-1.221	0.60452	0	-0.00012	0.79651
2026-04-25 22:29:51.646	6	-22.640	-38.347	11.520	-50.781	2.93	0	0.60452	0	-0.00012	0.79651
2026-04-25 22:29:51.968	6	-23.500	-44.107	7.920	-46.814	-7.08	-1.709	0.60452	0	-0.00012	0.79651
2026-04-25 22:29:52.207	6	-24.880	-52.387	-1.060	-83.923	1.587	4.333	0.60452	0	-0.00012	0.79651
2026-04-25 22:29:52.358	6	-25.627	-57.300	-10.287	-79.773	0.305	5.554	0.60452	0	-0.00012	0.79651
2026-04-25 22:29:52.547	6	-26.053	-59.900	-21.140	-51.025	7.996	0	0.60452	0	-0.00012	0.79651
2026-04-25 22:29:52.837	6	-26.227	-60.173	-32.927	-52.673	9.216	-7.385	0.60452	0	-0.00012	0.79651
2026-04-25 22:29:53.258	6	-24.980	-51.360	-57.200	-33.63	5.92	-4.883	0.60452	0	-0.00012	0.79651
2026-04-25 22:29:53.334	6	-24.567	-48.900	-60.393	17.212	-0.122	2.014	0.60452	0	-0.00012	0.79651
2026-04-25 22:29:53.651	6	-23.813	-44.907	-64.867	-24.902	2.441	4.822	0.60452	0	-0.00012	0.79651
2026-04-25 22:29:53.948	6	-22.313	-36.760	-69.867	-40.771	-8.667	-6.226	0.60452	0	-0.00012	0.79651
2026-04-25 22:29:54.138	6	-21.827	-31.833	-71.207	-44.006	-5.005	11.475	0.60452	0	-0.00012	0.79651
2026-04-25 22:29:54.354	6	-21.467	-28.487	-71.940	-32.959	0.427	-5.188	0.60452	0	-0.00012	0.79651
2026-04-25 22:29:54.559	6	-21.353	-20.820	-72.813	-19.958	-0.122	-1.221	0.60452	0	-0.00012	0.79651
2026-04-25 22:29:54.848	6	-21.667	-9.807	-71.967	-37.231	2.319	-5.188	0.60452	0	-0.00012	0.79651
2026-04-25 22:29:54.948	6	-21.827	-3.807	-70.273	-27.527	-3.662	-2.014	0.60452	0	-0.00012	0.79651
2026-04-25 22:29:55.280	6	-22.367	0.893	-68.207	-38.513	-2.38	1.709	0.60452	0	-0.00012	0.79651
2026-04-25 22:29:55.750	6	-25.093	13.713	-55.253	-33.936	-1.282	1.526	0.60452	0	-0.00012	0.79651
2026-04-25 22:29:55.957	6	-25.913	18.900	-47.253	-52.307	6.104	2.747	0.60452	0	-0.00012	0.79651
2026-04-25 22:29:56.146	6	-26.000	22.553	-38.227	-44.556	3.54	-1.709	0.60452	0	-0.00012	0.79651
2026-04-25 22:29:56.479	6	-25.767	24.113	-29.860	-40.71	-3.052	-1.465	0.60452	0	-0.00012	0.79651
2026-04-25 22:29:56.558	6	-25.340	23.267	-18.407	-23.132	-5.92	-5.127	0.60452	0	-0.00012	0.79651
2026-04-25 22:29:56.892	6	-25.327	19.753	-8.167	-85.022	-12.451	17.944	0.60452	0	-0.00012	0.79651
2026-04-25 22:29:57.281	6	-24.140	12.500	2.140	-33.203	-9.155	7.996	0.60452	0	-0.00012	0.79651
2026-04-25 22:29:57.486	6	-22.853	6.867	7.360	-25.024	-4.15	-1.831	0.60452	0	-0.00012	0.79651
2026-04-25 22:29:57.761	6	-20.253	-3.087	13.873	-92.834	14.587	-11.658	0.60452	0	-0.00012	0.79651
2026-04-25 22:29:57.980	6	-19.653	-10.860	15.873	-51.514	7.019	9.033	0.60452	0	-0.00012	0.79651
2026-04-25 22:29:58.185	6	-19.727	-18.673	16.527	-45.959	8.789	3.296	0.60452	0	-0.00012	0.79651
2026-04-25 22:29:58.478	6	-20.153	-26.960	16.073	-62.073	9.521	8.545	0.60452	0	-0.00012	0.79651
2026-04-25 22:29:58.631	6	-21.253	-34.673	13.980	-42.358	6.836	3.845	0.60452	0	-0.00012	0.79651
2026-04-25 22:29:58.901	6	-22.553	-43.147	9.060	-47.302	13	9.827	0.60452	0	-0.00012	0.79651
2026-04-25 22:29:59.108	6	-23.567	-48.360	4.740	-54.321	-20.569	-2.014	0.60452	0	-0.00012	0.79651
2026-04-25 22:29:59.504	6	-24.513	-57.360	-7.807	-81.848	-11.963	-7.202	0.60452	0	-0.00012	0.79651
2026-04-25 22:29:59.709	6	-24.453	-60.333	-17.067	-49.072	1.038	7.69	0.60452	0	-0.00012	0.79651
2026-04-25 22:29:59.977	6	-24.227	-61.807	-26.533	-100.403	0.854	-0.793	0.60452	0	-0.00012	0.79651
2026-04-25 22:30:00.190	6	-24.100	-60.360	-37.767	-38.635	-4.333	-2.441	0.60452	0	-0.00012	0.79651
2026-04-25 22:30:00.428	6	-24.127	-56.500	-48.267	-48.096	5.859	-2.93	0.60452	0	-0.00012	0.79651
2026-04-25 22:30:00.616	6	-24.053	-50.807	-56.720	-33.203	10.62	-0.854	0.60452	0	-0.00012	0.79651
2026-04-25 22:30:00.911	6	-22.940	-40.900	-66.407	-24.902	6.226	-0.732	0.60452	0	-0.00012	0.79651
2026-04-25 22:30:01.603	6	-20.680	-19.533	-73.313	-113.403	-11.719	12.329	0.60452	0	-0.00012	0.79651
2026-04-25 22:30:01.727	6	-21.227	-12.600	-72.287	-17.273	-1.465	4.944	0.60452	0	-0.00012	0.79651
2026-04-25 22:30:02.406	6	-21.213	11.513	-61.593	-0.732	3.052	-0.854	0.60452	0	-0.00012	0.79651
2026-04-25 22:30:02.803	6	-21.040	14.593	-58.787	13.367	-0.793	-17.456	0.60452	0	-0.00012	0.79651
2026-04-25 22:30:03.008	6	-21.440	16.053	-57.227	-3.235	-9.583	-26.794	0.60452	0	-0.00012	0.79651
2026-04-25 22:30:03.406	6	-25.380	14.680	-56.247	-25.635	28.198	-123.108	0.60452	0	-0.00012	0.79651
2026-04-25 22:30:03.617	6	-29.880	11.480	-56.547	2.441	1.099	-102.783	0.60452	0	-0.00012	0.79651
2026-04-25 22:30:03.818	6	-35.267	5.940	-56.727	26.001	-2.38	-57.617	0.60452	0	-0.00012	0.79651
2026-04-25 22:30:03.970	6	-37.727	2.167	-56.900	31.25	24.658	-76.782	0.60452	0	-0.00012	0.79651
2026-04-25 22:30:04.211	6	-41.540	-6.800	-58.313	-35.095	-20.752	-39.368	0.60452	0	-0.00012	0.79651
2026-04-25 22:30:04.417	6	-44.213	-18.707	-59.693	-6.836	-15.442	-15.625	0.60452	0	-0.00012	0.79651
2026-04-25 22:30:04.819	6	-44.480	-25.673	-59.573	14.282	10.254	6.592	0.60452	0	-0.00012	0.79651
2026-04-25 22:30:05.030	6	-44.827	-26.960	-58.800	-4.944	-30.64	1.465	0.60452	0	-0.00012	0.79651
2026-04-25 22:30:05.258	6	-45.667	-28.107	-57.653	0.183	-72.266	5.31	0.60452	0	-0.00012	0.79651
2026-04-25 22:30:05.347	6	-46.993	-28.733	-55.653	0.793	-61.279	6.775	0.60452	0	-0.00012	0.79651
2026-04-25 22:30:05.769	6	-50.440	-29.060	-49.567	-5.981	-32.837	8.789	0.60452	0	-0.00012	0.79651
2026-04-25 22:30:05.959	6	-54.380	-28.807	-40.853	0.305	-33.02	-0.61	0.60452	0	-0.00012	0.79651
2026-04-25 22:30:06.226	6	-55.867	-28.360	-34.867	2.502	-23.254	1.099	0.60452	0	-0.00012	0.79651
2026-04-25 22:30:06.555	6	-56.440	-28.233	-29.400	-2.441	-37.537	0.793	0.60452	0	-0.00012	0.79651
2026-04-25 22:30:06.824	6	-54.500	-28.300	-14.420	3.479	-7.935	3.235	0.60452	0	-0.00012	0.79651
2026-04-25 22:30:07.030	6	-53.613	-28.200	-11.547	-5.981	-44.861	-4.333	0.60452	0	-0.00012	0.79651
2026-04-25 22:30:07.237	6	-49.780	-28.200	-11.547	-7.385	-60.791	5.798	0.60452	0	-0.00012	0.79651
2026-04-25 22:30:07.364	6	-49.780	-27.687	-3.140	-4.089	-74.219	5.798	0.60452	0	-0.00012	0.79651
2026-04-25 22:30:07.571	6	-47.840	-27.587	-0.527	5.066	-38.818	0.793	0.60452	0	-0.00012	0.79651
2026-04-25 22:30:07.847	6	-36.280	-27.300	9.260	0	-31.616	-1.221	0.60452	0	-0.00012	0.79651
2026-04-25 22:30:08.048	6	-28.993	-27.160	13.560	-3.723	-67.566	7.141	0.60452	0	-0.00012	0.79651
2026-04-25 22:30:08.166	6	-20.967	-27.307	15.867	-12.512	-81.055	-0.916	0.60452	0	-0.00012	0.79651
2026-04-25 22:30:08.564	6	-8.900	-27.887	16.187	0.854	-11.841	3.174	0.60452	0	-0.00012	0.79651
2026-04-25 22:30:08.770	6	-0.913	-28.233	14.780	-2.686	-91.187	-2.502	0.60452	0	-0.00012	0.79651
2026-04-25 22:30:09.040	6	10.700	-28.660	10.113	4.944	-74.768	-7.996	0.60452	0	-0.00012	0.79651
2026-04-25 22:30:09.255	6	17.700	-28.320	5.400	0.244	-67.444	-4.639	0.60452	0	-0.00012	0.79651
2026-04-25 22:30:09.461	6	23.860	-27.820	-1.287	0.366	-23.376	4.15	0.60452	0	-0.00012	0.79651
2026-04-25 22:30:09.757	6	30.747	-27.247	-11.840	1.16	-15.259	-0.549	0.60452	0	-0.00012	0.79651
2026-04-25 22:30:10.065	6	33.860	-26.787	-21.607	-0.61	-39.673	6.531	0.60452	0	-0.00012	0.79651
2026-04-25 22:30:10.239	6	34.220	-26.533	-27.867	3.235	-19.775	1.282	0.60452	0	-0.00012	0.79651
2026-04-25 22:30:10.569	6	34.007	-26.387	-33.620	1.343	-16.541	-0.549	0.60452	0	-0.00012	0.79651
2026-04-25 22:30:10.790	6	32.687	-26.273	-42.100	-10.254	-106.323	5.432	0.60452	0	-0.00012	0.79651
2026-04-25 22:30:10.999	6	30.073	-26.500	-47.540	2.197	-43.701	-0.549	0.60452	0	-0.00012	0.79651
2026-04-25 22:30:11.271	6	26.200	-26.500	-47.540	1.465	-36.865	1.892	0.60452	0	-0.00012	0.79651
2026-04-25 22:30:11.356	6	26.200	-26.547	-53.367	1.465	-36.865	1.892	0.60452	0	-0.00012	0.79651
2026-04-25 22:30:11.483	6	18.107	-26.933	-62.353	-2.563	-24.475	7.446	0.60452	0	-0.00012	0.79651
2026-04-25 22:30:11.863	6	9.560	-26.947	-68.573	13.672	-65.43	1.099	0.60452	0	-0.00012	0.79651
2026-04-25 22:30:12.068	6	3.273	-27.273	-70.987	2.075	-43.701	1.038	0.60452	0	-0.00012	0.79651
2026-04-25 22:30:12.288	6	-3.713	-27.587	-72.147	-0.122	-38.452	4.028	0.60452	0	-0.00012	0.79651
2026-04-25 22:30:12.470	6	-15.680	-27.587	-72.147	4.578	-23.193	-0.122	0.60452	0	-0.00012	0.79651
2026-04-25 22:30:12.587	6	-15.680	-28.173	-72.620	-3.54	-54.749	3.479	0.60452	0	-0.00012	0.79651
2026-04-25 22:30:12.791	6	-22.993	-28.833	-71.427	5.249	-59.937	-5.92	0.60452	0	-0.00012	0.79651
2026-04-25 22:30:13.178	6	-36.227	-29.587	-64.947	-3.052	-56.763	0	0.60452	0	-0.00012	0.79651
2026-04-25 22:30:13.287	6	-42.227	-29.720	-59.340	2.258	-44.373	0.061	0.60452	0	-0.00012	0.79651
2026-04-25 22:30:13.477	6	-45.040	-29.747	-55.940	-4.7	-27.1	2.014	0.60452	0	-0.00012	0.79651
2026-04-25 22:30:13.872	6	-53.627	-29.460	-41.900	-6.47	-30.334	0.793	0.60452	0	-0.00012	0.79651
2026-04-25 22:30:14.075	6	-55.480	-28.933	-33.120	-1.77	-15.137	-4.456	0.60452	0	-0.00012	0.79651
2026-04-25 22:30:14.293	6	-55.753	-28.807	-28.980	19.958	-42.053	1.099	0.60452	0	-0.00012	0.79651
2026-04-25 22:30:14.627	6	-55.013	-28.400	-17.140	7.324	-42.908	-0.793	0.60452	0	-0.00012	0.79651
2026-04-25 22:30:14.899	6	-46.893	-28.747	-1.727	-0.061	-46.509	-1.953	0.60452	0	-0.00012	0.79651
2026-04-25 22:30:15.103	6	-40.127	-28.547	4.793	2.014	-43.213	-5.554	0.60452	0	-0.00012	0.79651
2026-04-25 22:30:15.399	6	-32.293	-28.547	10.967	-0.366	-98.938	-0.122	0.60452	0	-0.00012	0.79651
2026-04-25 22:30:15.700	6	-15.800	-27.900	16.267	2.625	-68.054	6.653	0.60452	0	-0.00012	0.79651
2026-04-25 22:30:15.891	6	-6.740	-27.807	15.660	2.686	-59.937	-2.319	0.60452	0	-0.00012	0.79651
2026-04-25 22:30:16.219	6	2.673	-27.500	13.500	0.916	-28.748	0	0.60452	0	-0.00012	0.79651
2026-04-25 22:30:16.426	6	15.533	-27.487	7.353	1.099	-49.988	-2.075	0.60452	0	-0.00012	0.79651
2026-04-25 22:30:16.633	6	21.860	-27.300	1.913	-4.822	-25.94	3.113	0.60452	0	-0.00012	0.79651
2026-04-25 22:30:16.928	6	27.000	-27.300	1.913	18.677	-51.208	3.601	0.60452	0	-0.00012	0.79651
2026-04-25 22:30:17.020	6	27.000	-27.447	-4.307	99.426	-130.615	-9.521	0.60452	0	-0.00012	0.79651
2026-04-25 22:30:17.228	6	32.887	-27.607	-17.727	7.019	-67.627	6.409	0.60452	0	-0.00012	0.79651
2026-04-25 22:30:17.511	6	33.920	-27.847	-25.087	-9.216	-9.583	-2.014	0.60452	0	-0.00012	0.79651
2026-04-25 22:30:17.718	6	34.047	-27.947	-32.060	19.897	-116.15	-4.333	0.60452	0	-0.00012	0.79651
2026-04-25 22:30:17.922	6	32.787	-28.007	-39.753	-2.441	-57.312	3.174	0.60452	0	-0.00012	0.79651
2026-04-25 22:30:18.158	6	26.407	-28.507	-51.333	-6.042	-57.861	-1.648	0.60452	0	-0.00012	0.79651
2026-04-25 22:30:18.358	6	23.460	-28.660	-55.007	5.676	-39.551	18.86	0.60452	0	-0.00012	0.79651
2026-04-25 22:30:18.636	6	12.973	-28.920	-65.347	-12.207	-63.171	-5.554	0.60452	0	-0.00012	0.79651
2026-04-25 22:30:18.707	6	5.233	-28.747	-69.700	4.517	-77.271	-4.211	0.60452	0	-0.00012	0.79651
2026-04-25 22:30:19.037	6	-3.213	-28.620	-71.733	-6.775	0.244	1.221	0.60452	0	-0.00012	0.79651
2026-04-25 22:30:19.241	6	-11.727	-28.620	-71.733	-17.944	-47.424	-0.916	0.60452	0	-0.00012	0.79651
2026-04-25 22:30:19.462	6	-24.527	-28.600	-70.860	-0.916	-54.504	0	0.60452	0	-0.00012	0.79651
2026-04-25 22:30:19.732	6	-32.140	-28.507	-68.060	-0.977	-76.294	1.831	0.60452	0	-0.00012	0.79651
2026-04-25 22:30:19.934	6	-35.413	-28.507	-68.060	-2.075	-84.778	8.179	0.60452	0	-0.00012	0.79651
2026-04-25 22:30:20.062	6	-35.413	-28.487	-66.040	1.099	-35.889	-0.366	0.60452	0	-0.00012	0.79651
2026-04-25 22:30:20.267	6	-48.100	-28.200	-52.600	-3.662	-49.561	-1.099	0.60452	0	-0.00012	0.79651
2026-04-25 22:30:20.476	6	-52.393	-28.033	-44.853	-3.601	-53.528	-2.563	0.60452	0	-0.00012	0.79651
2026-04-25 22:30:20.744	6	-55.900	-27.720	-33.140	9.888	-33.02	-2.808	0.60452	0	-0.00012	0.79651
2026-04-25 22:30:20.977	6	-56.100	-27.947	-26.487	3.052	-13.916	0.916	0.60452	0	-0.00012	0.79651
2026-04-25 22:30:21.189	6	-55.780	-28.120	-19.927	-8.972	-43.762	-7.935	0.60452	0	-0.00012	0.79651
2026-04-25 22:30:21.459	6	-53.327	-28.700	-11.127	9.949	-51.392	4.517	0.60452	0	-0.00012	0.79651
2026-04-25 22:30:21.530	6	-50.227	-28.747	-5.253	3.967	-39.856	2.563	0.60452	0	-0.00012	0.79651
2026-04-25 22:30:21.860	6	-46.193	-28.507	0.467	-5.371	-3.906	2.625	0.60452	0	-0.00012	0.79651
2026-04-25 22:30:22.088	6	-41.453	-28.387	5.607	10.742	-44.312	0.854	0.60452	0	-0.00012	0.79651
2026-04-25 22:30:22.372	6	-33.000	-28.033	11.547	-4.272	-49.622	-7.507	0.60452	0	-0.00012	0.79651
2026-04-25 22:30:22.549	6	-25.893	-28.507	14.040	2.563	-58.655	-8.24	0.60452	0	-0.00012	0.79651
2026-04-25 22:30:22.753	6	-17.353	-28.507	14.040	2.869	-54.26	-4.578	0.60452	0	-0.00012	0.79651
2026-04-25 22:30:22.866	6	-17.353	-28.820	15.320	6.47	-59.631	2.197	0.60452	0	-0.00012	0.79651
2026-04-25 22:30:23.089	6	-3.293	-29.233	15.393	-5.493	-52.246	1.892	0.60452	0	-0.00012	0.79651
2026-04-25 22:30:23.266	6	5.607	-29.160	12.460	4.028	-78.613	-2.197	0.60452	0	-0.00012	0.79651
2026-04-25 22:30:23.471	6	9.960	-28.887	10.427	16.113	-30.09	-0.122	0.60452	0	-0.00012	0.79651
2026-04-25 22:30:23.717	6	20.587	-28.287	2.780	-1.465	-22.461	0.854	0.60452	0	-0.00012	0.79651
2026-04-25 22:30:23.960	6	26.060	-27.833	-3.413	4.028	-65.186	-5.371	0.60452	0	-0.00012	0.79651
2026-04-25 22:30:24.166	6	30.107	-27.600	-11.073	1.038	-62.866	1.038	0.60452	0	-0.00012	0.79651
2026-04-25 22:30:24.342	6	32.247	-27.520	-18.600	-7.568	-27.527	-0.244	0.60452	0	-0.00012	0.79651
2026-04-25 22:30:24.671	6	33.547	-27.360	-30.680	12.146	-50.598	2.869	0.60452	0	-0.00012	0.79651
2026-04-25 22:30:24.881	6	33.047	-27.333	-37.753	-9.399	-56.946	-2.197	0.60452	0	-0.00012	0.79651
2026-04-25 22:30:25.128	6	30.547	-27.300	-45.140	-0.793	-66.162	-1.587	0.60452	0	-0.00012	0.79651
2026-04-25 22:30:25.365	6	23.673	-27.187	-55.987	0.793	-24.963	8.606	0.60452	0	-0.00012	0.79651
2026-04-25 22:30:25.570	6	20.787	-27.220	-59.640	-16.357	-58.899	-13.855	0.60452	0	-0.00012	0.79651
2026-04-25 22:30:25.760	6	11.007	-27.220	-59.640	-3.723	-53.101	-7.996	0.60452	0	-0.00012	0.79651
2026-04-25 22:30:25.903	6	11.007	-26.920	-68.153	-0.122	-27.771	-5.31	0.60452	0	-0.00012	0.79651
2026-04-25 22:30:26.083	6	-0.240	-26.660	-72.080	2.441	-46.326	-0.061	0.60452	0	-0.00012	0.79651
2026-04-25 22:30:26.325	6	-8.493	-26.707	-72.560	5.371	-69.702	2.686	0.60452	0	-0.00012	0.79651
2026-04-25 22:30:26.568	6	-21.813	-27.147	-71.360	-4.639	-54.749	3.784	0.60452	0	-0.00012	0.79651
2026-04-25 22:30:26.774	6	-29.240	-27.200	-69.540	-1.343	-9.155	-7.996	0.60452	0	-0.00012	0.79651
2026-04-25 22:30:26.985	6	-34.893	-27.200	-69.540	4.028	-20.874	-0.854	0.60452	0	-0.00012	0.79651
2026-04-25 22:30:27.099	6	-34.893	-27.320	-66.953	2.563	-4.456	5.981	0.60452	0	-0.00012	0.79651
2026-04-25 22:30:27.320	6	-40.940	-27.820	-62.533	9.216	-20.325	-1.831	0.60452	0	-0.00012	0.79651
2026-04-25 22:30:27.529	6	-44.140	-28.247	-59.520	-3.54	0.366	2.747	0.60452	0	-0.00012	0.79651
2026-04-25 22:30:27.800	6	-47.540	-28.533	-55.387	-89.844	-2.38	24.475	0.60452	0	-0.00012	0.79651
2026-04-25 22:30:27.987	6	-49.240	-26.473	-53.513	-78.43	-17.09	-6.592	0.60452	0	-0.00012	0.79651
2026-04-25 22:30:28.186	6	-50.667	-26.473	-53.513	-185.974	-20.813	-13.306	0.60452	0	-0.00012	0.79651
2026-04-25 22:30:28.307	6	-50.667	-22.700	-51.133	-4.7	17.334	0.916	0.60452	0	-0.00012	0.79651
2026-04-25 22:30:28.577	6	-52.013	-17.407	-47.927	-45.532	15.015	33.264	0.60452	0	-0.00012	0.79651
2026-04-25 22:30:28.819	6	-53.180	-17.407	-47.927	0.061	5.554	4.639	0.60452	0	-0.00012	0.79651
2026-04-25 22:30:28.898	6	-53.180	-8.700	-42.467	4.333	-12.573	-15.991	0.60452	0	-0.00012	0.79651
2026-04-25 22:30:29.110	6	-53.200	-2.607	-38.100	-19.409	-9.399	-18.555	0.60452	0	-0.00012	0.79651
2026-04-25 22:30:29.322	6	-52.313	0.613	-36.420	-1.587	2.441	-8.362	0.60452	0	-0.00012	0.79651
2026-04-25 22:30:29.535	6	-52.667	0.667	-35.367	-5.005	0.916	-26.306	0.60452	0	-0.00012	0.79651
2026-04-25 22:30:29.805	6	-53.513	-1.000	-34.667	-15.625	-4.333	-59.57	0.60452	0	-0.00012	0.79651
2026-04-25 22:30:29.983	6	-55.453	-7.387	-33.960	1.099	1.282	-84.045	0.60452	0	-0.00012	0.79651
2026-04-25 22:30:30.318	6	-55.840	-11.033	-33.773	-6.226	5.615	-49.683	0.60452	0	-0.00012	0.79651
2026-04-25 22:30:30.522	6	-55.413	-24.987	-34.373	-1.953	1.892	-29.785	0.60452	0	-0.00012	0.79651
2026-04-25 22:30:30.728	6	-53.167	-34.760	-35.067	-2.869	1.831	-30.64	0.60452	0	-0.00012	0.79651
2026-04-25 22:30:30.962	6	-49.953	-43.047	-35.720	-5.676	2.869	-38.208	0.60452	0	-0.00012	0.79651
2026-04-25 22:30:31.215	6	-44.113	-50.747	-36.920	-7.019	5.371	-34.241	0.60452	0	-0.00012	0.79651
2026-04-25 22:30:31.449	6	-40.113	-54.007	-37.493	5.981	-7.568	-51.392	0.60452	0	-0.00012	0.79651
2026-04-25 22:30:31.651	6	-35.893	-56.833	-38.180	-1.099	-5.371	-42.969	0.60452	0	-0.00012	0.79651
2026-04-25 22:30:31.935	6	-27.767	-60.307	-38.647	-5.432	3.357	-65.857	0.60452	0	-0.00012	0.79651
2026-04-25 22:30:32.148	6	-24.040	-61.247	-38.413	-7.751	12.878	-68.848	0.60452	0	-0.00012	0.79651
2026-04-25 22:30:32.358	6	-11.140	-62.307	-38.440	5.188	2.197	-54.565	0.60452	0	-0.00012	0.79651
2026-04-25 22:30:32.627	6	3.660	-59.673	-38.273	-2.136	3.784	-31.555	0.60452	0	-0.00012	0.79651
2026-04-25 22:30:32.925	6	12.120	-55.773	-37.627	-1.648	-4.395	-50.049	0.60452	0	-0.00012	0.79651
2026-04-25 22:30:33.082	6	21.987	-55.773	-37.627	-5.127	-4.089	-32.41	0.60452	0	-0.00012	0.79651
2026-04-25 22:30:33.228	6	21.987	-48.287	-36.967	-2.014	1.16	-31.128	0.60452	0	-0.00012	0.79651
2026-04-25 22:30:33.550	6	29.200	-39.107	-37.247	-0.427	0.488	-8.789	0.60452	0	-0.00012	0.79651
2026-04-25 22:30:33.762	6	30.300	-37.187	-37.527	4.639	-8.118	-78.247	0.60452	0	-0.00012	0.79651
2026-04-25 22:30:34.028	6	33.060	-25.587	-38.707	0.244	1.038	-37.17	0.60452	0	-0.00012	0.79651
2026-04-25 22:30:34.219	6	32.960	-17.147	-39.307	-2.686	4.639	-39.001	0.60452	0	-0.00012	0.79651
2026-04-25 22:30:34.418	6	31.873	-17.147	-39.307	1.953	0.244	-38.147	0.60452	0	-0.00012	0.79651
2026-04-25 22:30:34.549	6	31.873	-7.600	-39.807	11.963	-9.094	-90.027	0.60452	0	-0.00012	0.79651
2026-04-25 22:30:34.754	6	27.247	4.913	-39.987	-2.014	-0.732	-23.376	0.60452	0	-0.00012	0.79651
2026-04-25 22:30:34.976	6	22.947	4.913	-39.987	5.127	-6.042	-60.73	0.60452	0	-0.00012	0.79651
2026-04-25 22:30:35.099	6	22.947	11.040	-40.227	-0.427	7.874	-51.88	0.60452	0	-0.00012	0.79651
2026-04-25 22:30:35.350	6	15.533	17.927	-40.173	0.427	-1.404	-41.199	0.60452	0	-0.00012	0.79651
2026-04-25 22:30:35.557	6	6.707	22.713	-39.987	-7.141	-7.385	-100.098	0.60452	0	-0.00012	0.79651
2026-04-25 22:30:35.840	6	-1.693	24.640	-39.360	3.723	-3.601	-46.265	0.60452	0	-0.00012	0.79651
2026-04-25 22:30:36.048	6	-6.640	25.067	-38.993	-0.366	-6.958	-35.706	0.60452	0	-0.00012	0.79651
2026-04-25 22:30:36.257	6	-26.900	22.067	-38.407	-12.817	-12.512	-81.055	0.60452	0	-0.00012	0.79651
2026-04-25 22:30:36.549	6	-35.740	17.627	-37.760	-8.972	-7.446	-58.594	0.60452	0	-0.00012	0.79651
2026-04-25 22:30:36.968	6	-47.700	7.027	-36.193	-6.531	0.549	-24.902	0.60452	0	-0.00012	0.79651
2026-04-25 22:30:37.043	6	-51.380	1.540	-35.633	6.531	-0.61	-31.372	0.60452	0	-0.00012	0.79651
2026-04-25 22:30:37.357	6	-53.693	-4.073	-35.867	8.24	5.493	-51.758	0.60452	0	-0.00012	0.79651
2026-04-25 22:30:37.579	6	-54.667	-11.100	-37.140	-3.601	5.798	-77.332	0.60452	0	-0.00012	0.79651
2026-04-25 22:30:37.812	6	-54.800	-19.260	-38.600	5.798	-5.615	-79.224	0.60452	0	-0.00012	0.79651
2026-04-25 22:30:38.048	6	-52.513	-33.007	-40.033	0.244	3.723	-24.353	0.60452	0	-0.00012	0.79651
2026-04-25 22:30:38.270	6	-48.813	-41.433	-40.633	-10.803	-7.08	-73.853	0.60452	0	-0.00012	0.79651
2026-04-25 22:30:38.512	6	-43.480	-48.520	-40.807	6.592	-6.47	-27.222	0.60452	0	-0.00012	0.79651
2026-04-25 22:30:38.783	6	-33.980	-56.587	-40.913	5.066	-2.686	-58.289	0.60452	0	-0.00012	0.79651
2026-04-25 22:30:38.988	6	-27.667	-59.787	-40.640	12.634	2.38	-95.398	0.60452	0	-0.00012	0.79651
2026-04-25 22:30:39.215	6	-20.013	-61.773	-40.113	1.282	6.897	-18.494	0.60452	0	-0.00012	0.79651
2026-04-25 22:30:39.468	6	-12.600	-62.447	-39.113	7.629	0.732	-70.984	0.60452	0	-0.00012	0.79651
2026-04-25 22:30:39.674	6	0.107	-60.987	-38.067	6.287	4.578	-36.56	0.60452	0	-0.00012	0.79651
2026-04-25 22:30:39.924	6	4.473	-59.773	-37.567	-3.906	-1.221	-45.654	0.60452	0	-0.00012	0.79651
2026-04-25 22:30:40.176	6	18.787	-51.387	-36.813	0.977	-1.404	-35.217	0.60452	0	-0.00012	0.79651
2026-04-25 22:30:40.399	6	23.987	-46.087	-36.700	-0.122	-0.671	-14.771	0.60452	0	-0.00012	0.79651
2026-04-25 22:30:40.635	6	27.747	-41.100	-36.900	5.554	-0.427	-20.508	0.60452	0	-0.00012	0.79651
2026-04-25 22:30:41.077	6	31.833	-31.707	-37.687	-4.517	-10.803	-72.693	0.60452	0	-0.00012	0.79651
2026-04-25 22:30:41.204	6	32.973	-24.973	-37.873	1.282	4.822	-94.177	0.60452	0	-0.00012	0.79651
2026-04-25 22:30:41.591	6	32.873	-16.120	-38.120	2.747	1.709	-45.105	0.60452	0	-0.00012	0.79651
2026-04-25 22:30:41.808	6	29.833	-1.400	-37.947	2.563	2.747	-36.682	0.60452	0	-0.00012	0.79651
2026-04-25 22:30:42.022	6	26.020	6.993	-37.940	10.376	-1.587	-80.872	0.60452	0	-0.00012	0.79651
2026-04-25 22:30:42.270	6	21.200	13.253	-38.213	-9.888	3.723	-93.994	0.60452	0	-0.00012	0.79651
2026-04-25 22:30:42.490	6	10.533	20.313	-39.140	0.488	-7.812	-23.132	0.60452	0	-0.00012	0.79651
2026-04-25 22:30:42.793	6	-3.713	24.380	-39.147	-19.897	-6.592	-77.393	0.60452	0	-0.00012	0.79651
2026-04-25 22:30:43.092	6	-19.580	24.380	-39.147	0.427	5.31	-75.073	0.60452	0	-0.00012	0.79651
2026-04-25 22:30:43.300	6	-33.153	24.327	-38.267	-0.183	-1.648	-28.809	0.60452	0	-0.00012	0.79651
2026-04-25 22:30:43.455	6	-33.153	18.853	-37.133	-2.441	-2.686	-13.123	0.60452	0	-0.00012	0.79651
2026-04-25 22:30:43.647	6	-40.227	14.027	-36.693	-0.305	-4.211	-36.865	0.60452	0	-0.00012	0.79651
2026-04-25 22:30:44.138	6	-50.540	2.553	-36.367	8.057	11.047	-81.482	0.60452	0	-0.00012	0.79651
2026-04-25 22:30:44.303	6	-52.880	-2.500	-36.780	-1.038	6.104	-65.979	0.60452	0	-0.00012	0.79651
2026-04-25 22:30:44.553	6	-54.527	-9.107	-37.067	7.507	7.507	-72.51	0.60452	0	-0.00012	0.79651
2026-04-25 22:30:44.829	6	-54.567	-22.800	-38.160	0.183	-2.93	-76.721	0.60452	0	-0.00012	0.79651
2026-04-25 22:30:44.895	6	-52.600	-32.833	-38.820	1.953	-5.432	-17.09	0.60452	0	-0.00012	0.79651
2026-04-25 22:30:45.226	6	-48.753	-41.460	-39.187	-4.395	3.418	-44.495	0.60452	0	-0.00012	0.79651
2026-04-25 22:30:45.459	6	-44.093	-48.573	-39.427	5.249	-4.578	-65.247	0.60452	0	-0.00012	0.79651
2026-04-25 22:30:45.698	6	-41.353	-51.473	-39.413	1.831	9.521	-57.922	0.60452	0	-0.00012	0.79651
2026-04-25 22:30:45.919	6	-30.327	-58.420	-39.140	11.292	7.324	-89.478	0.60452	0	-0.00012	0.79651
2026-04-25 22:30:46.160	6	-16.293	-61.860	-38.360	18.433	-4.761	-122.864	0.60452	0	-0.00012	0.79651
2026-04-25 22:30:46.432	6	0.407	-60.107	-37.327	-0.732	2.563	-63.049	0.60452	0	-0.00012	0.79651
2026-04-25 22:30:46.717	6	10.607	-55.500	-36.780	-3.418	3.357	-27.771	0.60452	0	-0.00012	0.79651
2026-04-25 22:30:46.945	6	19.220	-49.847	-36.453	-0.366	-0.061	-15.503	0.60452	0	-0.00012	0.79651
2026-04-25 22:30:47.239	6	27.833	-40.907	-36.007	-2.93	-1.77	-36.682	0.60452	0	-0.00012	0.79651
2026-04-25 22:30:47.451	6	30.873	-35.600	-35.487	1.953	1.587	-55.481	0.60452	0	-0.00012	0.79651
2026-04-25 22:30:47.684	6	32.773	-29.800	-35.413	6.409	-4.639	-72.083	0.60452	0	-0.00012	0.79651
2026-04-25 22:30:47.920	6	33.973	-18.607	-35.147	-1.099	11.292	-43.335	0.60452	0	-0.00012	0.79651
2026-04-25 22:30:48.138	6	33.300	-9.787	-35.167	8.057	-2.93	-74.524	0.60452	0	-0.00012	0.79651
2026-04-25 22:30:48.382	6	31.073	-1.400	-35.247	5.066	0.122	-26.978	0.60452	0	-0.00012	0.79651
2026-04-25 22:30:48.638	6	25.673	9.040	-35.567	0.366	0	-1.892	0.60452	0	-0.00012	0.79651
2026-04-25 22:30:48.880	6	21.447	13.980	-36.560	2.502	2.686	-30.701	0.60452	0	-0.00012	0.79651
2026-04-25 22:30:49.178	6	14.220	19.393	-37.827	-0.061	-10.559	-50.354	0.60452	0	-0.00012	0.79651
2026-04-25 22:30:49.335	6	8.147	22.067	-38.707	-7.69	-4.028	-71.716	0.60452	0	-0.00012	0.79651
2026-04-25 22:30:49.664	6	-4.213	24.840	-38.887	0.488	-6.47	-71.472	0.60452	0	-0.00012	0.79651
2026-04-25 22:30:49.933	6	-19.800	23.613	-38.520	-5.676	-1.526	-108.826	0.60452	0	-0.00012	0.79651
2026-04-25 22:30:50.142	6	-30.167	19.980	-37.753	-1.709	-1.587	-50.72	0.60452	0	-0.00012	0.79651
2026-04-25 22:30:50.411	6	-38.713	14.927	-36.980	-3.418	-5.31	-40.039	0.60452	0	-0.00012	0.79651
2026-04-25 22:30:50.649	6	-48.040	6.053	-36.207	-2.319	-4.395	-28.381	0.60452	0	-0.00012	0.79651
2026-04-25 22:30:51.069	6	-53.700	-2.533	-35.207	4.883	0.122	4.028	0.60452	0	-0.00012	0.79651
2026-04-25 22:30:51.141	6	-54.300	-3.800	-35.153	10.254	1.16	-18.188	0.60452	0	-0.00012	0.79651
2026-04-25 22:30:51.549	6	-55.153	-6.660	-35.687	7.568	7.568	22.4	0.60452	0	-0.00012	0.79651
2026-04-25 22:30:51.950	6	-54.367	-5.120	-35.700	22.156	-9.949	6.775	0.60452	0	-0.00012	0.79651
2026-04-25 22:30:52.366	6	-50.880	3.213	-32.467	21.79	-62.317	-21.851	0.60452	0	-0.00012	0.79651
2026-04-25 22:30:52.585	6	-48.940	7.140	-29.120	-22.278	-43.091	38.94	0.60452	0	-0.00012	0.79651
2026-04-25 22:30:52.750	6	-46.240	10.313	-25.000	25.94	-96.863	-39.062	0.60452	0	-0.00012	0.79651
2026-04-25 22:30:53.082	6	-41.853	12.713	-16.640	-20.447	52.673	-58.228	0.60452	0	-0.00012	0.79651
2026-04-25 22:30:53.280	6	-40.193	12.713	-16.640	-7.446	20.447	-27.466	0.60452	0	-0.00012	0.79651
2026-04-25 22:30:53.412	6	-40.193	13.193	-12.833	-19.592	68.115	-18.799	0.60452	0	-0.00012	0.79651
2026-04-25 22:30:53.686	6	-41.813	10.753	-11.693	-39.124	-77.576	23.376	0.60452	0	-0.00012	0.79651
2026-04-25 22:30:53.891	6	-45.127	10.753	-11.693	44.617	-62.927	18.188	0.60452	0	-0.00012	0.79651
2026-04-25 22:30:53.954	6	-45.127	7.193	-11.000	2.808	-30.64	-3.601	0.60452	0	-0.00012	0.79651
2026-04-25 22:30:54.286	6	-46.693	11.427	-9.040	0.61	3.845	5.005	0.60452	0	-0.00012	0.79651
2026-04-25 22:30:54.500	6	-50.300	19.480	-6.033	-0.305	-10.986	32.104	0.60452	0	-0.00012	0.79651
2026-04-25 22:30:54.729	6	-52.700	26.180	-4.967	9.705	-34.546	6.348	0.60452	0	-0.00012	0.79651
2026-04-25 22:30:54.968	6	-54.040	29.067	-4.253	-48.157	-10.376	-33.569	0.60452	0	-0.00012	0.79651
2026-04-25 22:30:55.200	6	-52.740	26.113	-2.340	5.493	7.141	6.226	0.60452	0	-0.00012	0.79651
2026-04-25 22:30:55.428	6	-51.193	22.753	-0.633	-1.282	-4.639	3.113	0.60452	0	-0.00012	0.79651
