PCTime	MagType	HX	HY	HZ	AsX	AsY	AsZ	Q0	Q1	Q2	Q3
2026-04-25 20:27:50.294	6	33.693	-39.260	-40.547	8.484	9.277	9.277	-0.6673	0.40765	-0.57812	-0.23279
2026-04-25 20:27:50.374	6	33.693	-39.260	-40.547	15.686	13.489	13.916	-0.6673	0.40765	-0.57812	-0.23279
2026-04-25 20:27:50.498	6	33.693	-39.260	-40.547	21.301	-3.479	13.184	-0.6673	0.40765	-0.57812	-0.23279
2026-04-25 20:27:50.591	6	33.693	-39.260	-40.547	52.49	6.958	8.911	-0.6673	0.40765	-0.57812	-0.23279
2026-04-25 20:27:50.701	6	33.693	-39.260	-40.547	78.857	7.996	16.174	-0.6673	0.40765	-0.57812	-0.23279
2026-04-25 20:27:50.791	6	33.693	-39.260	-40.547	78.857	7.996	16.174	-0.6673	0.40765	-0.57812	-0.23279
2026-04-25 20:27:50.931	6	24.107	-7.620	-58.253	100.22	8.118	19.897	-0.6673	0.40765	-0.57812	-0.23279
2026-04-25 20:27:51.183	6	21.900	-3.033	-58.160	90.21	-0.366	27.283	-0.6673	0.40765	-0.57812	-0.23279
2026-04-25 20:27:51.403	6	16.847	2.693	-58.520	61.89	-1.953	-11.414	-0.6673	0.40765	-0.57812	-0.23279
2026-04-25 20:27:51.575	6	6.147	10.367	-59.773	44.189	-0.366	-15.137	-0.6673	0.40765	-0.57812	-0.23279
2026-04-25 20:27:51.793	6	2.200	12.253	-59.947	52.917	10.376	12.634	-0.6673	0.40765	-0.57812	-0.23279
2026-04-25 20:27:52.029	6	-4.927	14.593	-60.087	15.686	1.953	3.601	-0.6673	0.40765	-0.57812	-0.23279
2026-04-25 20:27:52.203	6	-10.627	15.367	-59.873	-7.507	10.376	5.798	-0.6673	0.40765	-0.57812	-0.23279
2026-04-25 20:27:52.440	6	-15.740	15.440	-59.573	-19.409	8.362	-9.521	-0.6673	0.40765	-0.57812	-0.23279
2026-04-25 20:27:52.599	6	-16.453	15.240	-59.740	1.892	-4.456	-7.935	-0.6673	0.40765	-0.57812	-0.23279
2026-04-25 20:27:52.802	6	-17.100	14.800	-59.793	30.823	3.54	10.01	-0.6673	0.40765	-0.57812	-0.23279
2026-04-25 20:27:53.253	6	-18.413	14.500	-59.580	9.521	-24.719	24.536	-0.6673	0.40765	-0.57812	-0.23279
2026-04-25 20:27:53.407	6	-20.027	14.353	-59.380	7.751	-2.197	11.963	-0.6673	0.40765	-0.57812	-0.23279
2026-04-25 20:27:53.612	6	-22.080	14.053	-59.047	16.968	-0.183	-5.92	-0.6673	0.40765	-0.57812	-0.23279
2026-04-25 20:27:53.745	6	-23.880	14.053	-59.047	15.259	5.066	1.587	-0.6673	0.40765	-0.57812	-0.23279
2026-04-25 20:27:54.011	6	-25.027	13.393	-58.420	11.719	-9.521	22.339	-0.6673	0.40765	-0.57812	-0.23279
2026-04-25 20:27:54.212	6	-26.180	13.013	-58.327	-2.075	2.319	16.113	-0.6673	0.40765	-0.57812	-0.23279
2026-04-25 20:27:54.366	6	-26.827	12.413	-58.600	-6.47	-1.221	0.122	-0.6673	0.40765	-0.57812	-0.23279
2026-04-25 20:27:54.812	6	-26.793	11.780	-59.433	20.813	5.249	28.992	-0.6673	0.40765	-0.57812	-0.23279
2026-04-25 20:27:55.259	6	-27.140	10.893	-59.920	-3.662	4.7	-3.479	-0.6673	0.40765	-0.57812	-0.23279
2026-04-25 20:27:56.021	6	-25.513	11.427	-59.660	3.601	-0.305	7.263	-0.6673	0.40765	-0.57812	-0.23279
2026-04-25 20:27:56.233	6	-24.313	12.013	-59.913	9.399	-4.944	-19.653	-0.6673	0.40765	-0.57812	-0.23279
2026-04-25 20:27:56.431	6	-23.027	12.513	-60.087	-3.845	5.371	-39.429	-0.6673	0.40765	-0.57812	-0.23279
2026-04-25 20:27:56.621	6	-22.853	13.927	-58.540	0.549	0.732	-24.17	-0.6673	0.40765	-0.57812	-0.23279
2026-04-25 20:27:56.824	6	-22.880	14.640	-57.687	-1.404	-0.427	-1.892	-0.6673	0.40765	-0.57812	-0.23279
2026-04-25 20:27:57.032	6	-22.793	16.540	-55.460	-0.854	-1.465	4.578	-0.6673	0.40765	-0.57812	-0.23279
2026-04-25 20:27:57.222	6	-22.840	18.567	-52.967	0.122	-2.502	11.963	-0.6673	0.40765	-0.57812	-0.23279
2026-04-25 20:27:57.425	6	-22.813	19.200	-52.147	0.488	-1.953	14.648	-0.6673	0.40765	-0.57812	-0.23279
2026-04-25 20:27:57.871	6	-23.953	16.293	-54.753	1.77	-1.404	32.776	-0.6673	0.40765	-0.57812	-0.23279
2026-04-25 20:27:57.985	6	-24.440	13.327	-57.593	-2.258	1.831	41.992	-0.6673	0.40765	-0.57812	-0.23279
2026-04-25 20:27:58.237	6	-24.880	10.067	-60.660	-5.615	-0.244	23.254	-0.6673	0.40765	-0.57812	-0.23279
2026-04-25 20:27:58.442	6	-25.167	6.800	-63.507	-3.174	-2.502	17.09	-0.6673	0.40765	-0.57812	-0.23279
2026-04-25 20:27:58.591	6	-25.313	3.940	-65.873	-4.578	0	38.696	-0.6673	0.40765	-0.57812	-0.23279
2026-04-25 20:27:58.840	6	-25.427	1.080	-67.687	-1.892	-3.418	21.729	-0.6673	0.40765	-0.57812	-0.23279
2026-04-25 20:27:59.045	6	-25.640	-1.620	-68.887	-0.305	-7.507	57.739	-0.6673	0.40765	-0.57812	-0.23279
2026-04-25 20:27:59.263	6	-25.940	-5.487	-69.760	1.77	7.69	34.729	-0.6673	0.40765	-0.57812	-0.23279
2026-04-25 20:27:59.436	6	-26.267	-10.647	-70.933	-12.939	-18.066	49.744	-0.6673	0.40765	-0.57812	-0.23279
2026-04-25 20:27:59.643	6	-26.467	-16.273	-71.487	9.033	3.54	38.025	-0.6673	0.40765	-0.57812	-0.23279
2026-04-25 20:27:59.852	6	-26.340	-22.673	-71.567	5.798	-1.831	43.213	-0.6673	0.40765	-0.57812	-0.23279
2026-04-25 20:27:59.977	6	-26.067	-28.660	-71.133	3.113	1.831	20.264	-0.6673	0.40765	-0.57812	-0.23279
2026-04-25 20:28:00.244	6	-25.567	-33.660	-69.860	1.465	0.854	8.24	-0.6673	0.40765	-0.57812	-0.23279
2026-04-25 20:28:00.455	6	-24.967	-37.920	-68.420	8.911	1.77	13.306	-0.6673	0.40765	-0.57812	-0.23279
2026-04-25 20:28:00.662	6	-24.640	-41.060	-66.973	5.493	1.465	14.587	-0.6673	0.40765	-0.57812	-0.23279
2026-04-25 20:28:00.804	6	-24.300	-43.087	-65.493	-2.014	2.991	8.118	-0.6673	0.40765	-0.57812	-0.23279
2026-04-25 20:28:01.054	6	-24.153	-44.820	-64.327	2.991	0.061	11.108	-0.6673	0.40765	-0.57812	-0.23279
2026-04-25 20:28:01.261	6	-24.167	-46.673	-62.800	0.671	-4.272	36.804	-0.6673	0.40765	-0.57812	-0.23279
2026-04-25 20:28:01.656	6	-24.453	-51.760	-58.100	-1.099	-3.479	24.109	-0.6673	0.40765	-0.57812	-0.23279
2026-04-25 20:28:01.860	6	-24.727	-54.747	-54.187	-7.263	-0.061	41.138	-0.6673	0.40765	-0.57812	-0.23279
2026-04-25 20:28:02.082	6	-25.240	-57.300	-49.887	-1.892	3.479	14.465	-0.6673	0.40765	-0.57812	-0.23279
2026-04-25 20:28:02.370	6	-25.767	-59.207	-45.713	-3.845	1.465	34.607	-0.6673	0.40765	-0.57812	-0.23279
2026-04-25 20:28:02.509	6	-26.100	-60.700	-42.033	-7.324	1.648	25.146	-0.6673	0.40765	-0.57812	-0.23279
2026-04-25 20:28:02.791	6	-26.767	-62.047	-36.900	-2.197	-0.244	28.32	-0.6673	0.40765	-0.57812	-0.23279
2026-04-25 20:28:02.902	6	-26.900	-62.260	-35.320	7.812	-2.869	34.302	-0.6673	0.40765	-0.57812	-0.23279
2026-04-25 20:28:03.185	6	-26.740	-62.900	-29.020	4.272	4.639	31.006	-0.6673	0.40765	-0.57812	-0.23279
2026-04-25 20:28:03.359	6	-26.253	-62.887	-24.647	-1.77	-0.977	25.574	-0.6673	0.40765	-0.57812	-0.23279
2026-04-25 20:28:03.505	6	-25.853	-62.660	-22.453	4.822	-2.38	19.348	-0.6673	0.40765	-0.57812	-0.23279
2026-04-25 20:28:03.781	6	-24.667	-61.800	-15.833	3.601	-2.869	27.954	-0.6673	0.40765	-0.57812	-0.23279
2026-04-25 20:28:03.916	6	-24.300	-61.300	-14.153	0.916	1.038	20.142	-0.6673	0.40765	-0.57812	-0.23279
2026-04-25 20:28:04.203	6	-23.840	-60.147	-10.900	11.292	-4.089	34.912	-0.6673	0.40765	-0.57812	-0.23279
2026-04-25 20:28:04.301	6	-23.567	-58.773	-7.527	-0.183	-4.272	34.729	-0.6673	0.40765	-0.57812	-0.23279
2026-04-25 20:28:04.601	6	-23.400	-56.987	-4.353	2.686	-2.014	24.17	-0.6673	0.40765	-0.57812	-0.23279
2026-04-25 20:28:04.771	6	-23.167	-54.907	-1.280	2.197	-4.028	27.649	-0.6673	0.40765	-0.57812	-0.23279
2026-04-25 20:28:04.903	6	-22.793	-52.360	2.167	0.366	5.127	9.155	-0.6673	0.40765	-0.57812	-0.23279
2026-04-25 20:28:05.192	6	-22.393	-49.647	4.887	2.686	-0.366	15.137	-0.6673	0.40765	-0.57812	-0.23279
2026-04-25 20:28:05.330	6	-22.053	-46.887	7.207	2.014	-0.977	24.292	-0.6673	0.40765	-0.57812	-0.23279
2026-04-25 20:28:05.641	6	-21.727	-44.207	9.580	0	-1.77	18.616	-0.6673	0.40765	-0.57812	-0.23279
2026-04-25 20:28:05.791	6	-21.713	-41.287	11.160	-5.554	-14.221	15.381	-0.6673	0.40765	-0.57812	-0.23279
2026-04-25 20:28:05.927	6	-21.580	-37.907	12.907	-1.648	-5.127	41.138	-0.6673	0.40765	-0.57812	-0.23279
2026-04-25 20:28:06.101	6	-21.227	-33.707	14.693	1.831	-0.732	36.011	-0.6673	0.40765	-0.57812	-0.23279
2026-04-25 20:28:06.421	6	-20.893	-28.873	16.127	4.272	-6.653	37.598	-0.6673	0.40765	-0.57812	-0.23279
2026-04-25 20:28:06.535	6	-20.400	-23.900	17.033	3.357	3.052	24.048	-0.6673	0.40765	-0.57812	-0.23279
2026-04-25 20:28:06.779	6	-20.240	-19.433	17.580	6.47	3.174	11.658	-0.6673	0.40765	-0.57812	-0.23279
2026-04-25 20:28:06.916	6	-20.267	-17.547	17.633	3.479	-1.282	28.259	-0.6673	0.40765	-0.57812	-0.23279
2026-04-25 20:28:07.202	6	-20.567	-12.273	17.153	-1.221	0.732	6.104	-0.6673	0.40765	-0.57812	-0.23279
2026-04-25 20:28:07.500	6	-20.893	-8.033	16.393	3.174	2.625	19.47	-0.6673	0.40765	-0.57812	-0.23279
2026-04-25 20:28:07.632	6	-20.927	-6.307	15.867	0.793	-10.01	23.804	-0.6673	0.40765	-0.57812	-0.23279
2026-04-25 20:28:07.953	6	-20.980	-2.573	14.653	2.808	-0.244	28.015	-0.6673	0.40765	-0.57812	-0.23279
2026-04-25 20:28:08.117	6	-21.267	2.880	11.993	-0.427	-3.784	22.583	-0.6673	0.40765	-0.57812	-0.23279
2026-04-25 20:28:08.321	6	-21.527	6.840	9.460	4.272	12.39	20.264	-0.6673	0.40765	-0.57812	-0.23279
2026-04-25 20:28:08.610	6	-21.913	10.213	6.760	-8.667	1.404	29.419	-0.6673	0.40765	-0.57812	-0.23279
2026-04-25 20:28:08.730	6	-22.267	13.193	4.040	3.235	-0.488	31.128	-0.6673	0.40765	-0.57812	-0.23279
2026-04-25 20:28:08.920	6	-22.700	16.127	0.673	-7.019	0.061	9.705	-0.6673	0.40765	-0.57812	-0.23279
2026-04-25 20:28:09.243	6	-22.800	18.453	-2.493	-7.69	8.057	29.175	-0.6673	0.40765	-0.57812	-0.23279
2026-04-25 20:28:09.330	6	-23.100	20.540	-5.947	4.089	1.282	20.63	-0.6673	0.40765	-0.57812	-0.23279
2026-04-25 20:28:09.603	6	-23.067	22.240	-9.467	-6.592	1.709	21.973	-0.6673	0.40765	-0.57812	-0.23279
2026-04-25 20:28:09.754	6	-22.713	23.380	-12.053	-3.906	-6.042	13.855	-0.6673	0.40765	-0.57812	-0.23279
2026-04-25 20:28:10.022	6	-21.840	24.953	-16.273	-3.174	-4.272	35.583	-0.6673	0.40765	-0.57812	-0.23279
2026-04-25 20:28:10.273	6	-21.180	25.493	-18.067	3.418	0.671	49.5	-0.6673	0.40765	-0.57812	-0.23279
2026-04-25 20:28:10.446	6	-20.313	26.327	-21.947	-5.31	-1.709	26.001	-0.6673	0.40765	-0.57812	-0.23279
2026-04-25 20:28:10.655	6	-19.500	26.880	-29.693	2.991	-1.587	31.494	-0.6673	0.40765	-0.57812	-0.23279
2026-04-25 20:28:10.861	6	-19.500	26.340	-35.047	2.991	-5.981	26.123	-0.6673	0.40765	-0.57812	-0.23279
2026-04-25 20:28:10.970	6	-19.713	25.813	-37.480	4.028	-6.165	30.518	-0.6673	0.40765	-0.57812	-0.23279
2026-04-25 20:28:11.251	6	-20.140	24.553	-42.300	-1.282	-0.305	34.729	-0.6673	0.40765	-0.57812	-0.23279
2026-04-25 20:28:11.353	6	-20.440	22.880	-46.613	3.357	-6.592	20.935	-0.6673	0.40765	-0.57812	-0.23279
2026-04-25 20:28:11.645	6	-20.940	20.867	-49.987	1.404	-5.798	13.55	-0.6673	0.40765	-0.57812	-0.23279
2026-04-25 20:28:11.941	6	-21.813	17.693	-54.807	0.549	0.977	18.921	-0.6673	0.40765	-0.57812	-0.23279
2026-04-25 20:28:12.181	6	-22.080	15.227	-57.593	-2.441	-0.427	12.756	-0.6673	0.40765	-0.57812	-0.23279
2026-04-25 20:28:12.542	6	-22.400	9.827	-62.880	5.737	-2.319	19.531	-0.6673	0.40765	-0.57812	-0.23279
2026-04-25 20:28:12.675	6	-22.600	6.727	-65.180	0.671	-4.333	33.813	-0.6673	0.40765	-0.57812	-0.23279
2026-04-25 20:28:12.930	6	-22.880	2.993	-67.460	-0.854	11.353	28.992	-0.6673	0.40765	-0.57812	-0.23279
2026-04-25 20:28:13.150	6	-23.053	-1.573	-69.360	3.052	-2.808	55.298	-0.6673	0.40765	-0.57812	-0.23279
2026-04-25 20:28:13.357	6	-23.427	-7.633	-70.907	5.188	4.333	10.498	-0.6673	0.40765	-0.57812	-0.23279
2026-04-25 20:28:13.591	6	-23.427	-14.000	-71.827	4.7	8.057	14.282	-0.6673	0.40765	-0.57812	-0.23279
2026-04-25 20:28:13.750	6	-23.053	-19.700	-72.280	-4.639	5.432	13.062	-0.6673	0.40765	-0.57812	-0.23279
2026-04-25 20:28:13.952	6	-22.527	-24.533	-72.347	2.93	2.808	26.672	-0.6673	0.40765	-0.57812	-0.23279
2026-04-25 20:28:14.071	6	-21.927	-27.773	-72.220	-6.775	-0.488	21.606	-0.6673	0.40765	-0.57812	-0.23279
2026-04-25 20:28:14.352	6	-21.440	-30.860	-71.920	-9.094	-9.705	38.696	-0.6673	0.40765	-0.57812	-0.23279
2026-04-25 20:28:14.563	6	-21.440	-34.747	-70.467	29.663	-10.498	51.697	-0.6673	0.40765	-0.57812	-0.23279
2026-04-25 20:28:14.762	6	-21.840	-39.873	-67.720	-0.549	-6.104	77.698	-0.6673	0.40765	-0.57812	-0.23279
2026-04-25 20:28:14.882	6	-21.980	-42.700	-65.853	2.136	-2.563	38.818	-0.6673	0.40765	-0.57812	-0.23279
2026-04-25 20:28:15.165	6	-22.213	-51.133	-58.453	4.15	-5.493	37.781	-0.6673	0.40765	-0.57812	-0.23279
2026-04-25 20:28:15.361	6	-22.313	-55.920	-52.940	0.793	-0.061	34.912	-0.6673	0.40765	-0.57812	-0.23279
2026-04-25 20:28:15.487	6	-22.193	-57.607	-50.173	3.967	-3.967	34.607	-0.6673	0.40765	-0.57812	-0.23279
2026-04-25 20:28:15.754	6	-22.067	-60.387	-44.547	-0.061	-4.15	28.809	-0.6673	0.40765	-0.57812	-0.23279
2026-04-25 20:28:15.960	6	-22.067	-62.347	-39.213	3.174	-0.671	25.696	-0.6673	0.40765	-0.57812	-0.23279
2026-04-25 20:28:16.175	6	-21.700	-63.947	-31.153	-0.671	-1.648	4.028	-0.6673	0.40765	-0.57812	-0.23279
2026-04-25 20:28:16.350	6	-21.500	-64.333	-26.513	-4.517	0.916	15.381	-0.6673	0.40765	-0.57812	-0.23279
2026-04-25 20:28:16.573	6	-21.553	-64.320	-24.613	-1.465	-2.075	22.949	-0.6673	0.40765	-0.57812	-0.23279
2026-04-25 20:28:16.773	6	-21.313	-64.000	-20.347	4.395	0.977	42.297	-0.6673	0.40765	-0.57812	-0.23279
2026-04-25 20:28:16.964	6	-21.367	-63.073	-16.140	2.258	1.526	53.467	-0.6673	0.40765	-0.57812	-0.23279
2026-04-25 20:28:17.163	6	-21.113	-61.507	-11.447	11.292	9.033	16.296	-0.6673	0.40765	-0.57812	-0.23279
2026-04-25 20:28:17.375	6	-20.893	-59.133	-6.493	-0.854	2.625	47.241	-0.6673	0.40765	-0.57812	-0.23279
2026-04-25 20:28:17.579	6	-20.680	-56.300	-1.807	0.61	1.038	25.33	-0.6673	0.40765	-0.57812	-0.23279
2026-04-25 20:28:17.711	6	-20.527	-52.707	2.833	-3.845	1.526	41.931	-0.6673	0.40765	-0.57812	-0.23279
2026-04-25 20:28:17.972	6	-20.640	-48.000	7.173	1.831	1.404	44.25	-0.6673	0.40765	-0.57812	-0.23279
2026-04-25 20:28:18.213	6	-20.693	-42.320	11.100	2.319	2.502	34.79	-0.6673	0.40765	-0.57812	-0.23279
2026-04-25 20:28:18.311	6	-20.780	-36.500	14.247	-0.549	13.977	8.545	-0.6673	0.40765	-0.57812	-0.23279
2026-04-25 20:28:18.580	6	-21.053	-31.273	16.047	-1.465	0.122	8.484	-0.6673	0.40765	-0.57812	-0.23279
2026-04-25 20:28:18.791	6	-21.040	-27.033	16.807	-1.221	3.235	12.146	-0.6673	0.40765	-0.57812	-0.23279
2026-04-25 20:28:18.992	6	-21.127	-23.647	17.247	1.343	-1.77	47.302	-0.6673	0.40765	-0.57812	-0.23279
2026-04-25 20:28:19.122	6	-21.393	-19.307	17.207	9.033	7.751	51.453	-0.6673	0.40765	-0.57812	-0.23279
2026-04-25 20:28:19.388	6	-21.627	-13.660	16.487	2.686	-1.587	48.035	-0.6673	0.40765	-0.57812	-0.23279
2026-04-25 20:28:19.592	6	-22.427	-7.500	15.013	-13.672	-9.583	64.026	-0.6673	0.40765	-0.57812	-0.23279
2026-04-25 20:28:19.721	6	-22.900	-0.900	12.313	-2.93	1.709	20.325	-0.6673	0.40765	-0.57812	-0.23279
2026-04-25 20:28:20.102	6	-23.167	7.000	8.107	0.488	3.418	45.715	-0.6673	0.40765	-0.57812	-0.23279
2026-04-25 20:28:20.314	6	-22.900	11.513	4.633	-11.169	0.244	31.128	-0.6673	0.40765	-0.57812	-0.23279
2026-04-25 20:28:20.524	6	-22.580	15.527	0.100	-6.104	0.671	23.987	-0.6673	0.40765	-0.57812	-0.23279
2026-04-25 20:28:20.733	6	-22.300	22.300	-11.867	-5.981	4.089	20.569	-0.6673	0.40765	-0.57812	-0.23279
2026-04-25 20:28:21.120	6	-21.727	24.527	-18.173	-3.601	-2.014	37.048	-0.6673	0.40765	-0.57812	-0.23279
2026-04-25 20:28:21.214	6	-21.493	25.293	-21.233	-2.93	-0.183	8.484	-0.6673	0.40765	-0.57812	-0.23279
2026-04-25 20:28:21.517	6	-20.853	26.140	-26.567	-0.122	-6.958	28.564	-0.6673	0.40765	-0.57812	-0.23279
2026-04-25 20:28:21.721	6	-19.927	26.253	-33.193	-1.221	-7.385	14.099	-0.6673	0.40765	-0.57812	-0.23279
2026-04-25 20:28:21.932	6	-19.853	25.993	-36.533	0.488	1.587	16.357	-0.6673	0.40765	-0.57812	-0.23279
2026-04-25 20:28:22.111	6	-19.827	25.313	-39.133	-1.831	-3.906	3.906	-0.6673	0.40765	-0.57812	-0.23279
2026-04-25 20:28:22.231	6	-19.867	25.040	-40.173	0.916	-0.122	15.381	-0.6673	0.40765	-0.57812	-0.23279
2026-04-25 20:28:22.741	6	-20.453	23.413	-44.887	-3.723	0.305	14.526	-0.6673	0.40765	-0.57812	-0.23279
2026-04-25 20:28:22.835	6	-20.740	22.227	-47.387	-2.258	2.869	7.69	-0.6673	0.40765	-0.57812	-0.23279
2026-04-25 20:28:23.227	6	-21.167	19.640	-52.213	1.465	0.244	4.028	-0.6673	0.40765	-0.57812	-0.23279
2026-04-25 20:28:23.400	6	-21.027	18.393	-54.287	-0.916	3.357	16.052	-0.6673	0.40765	-0.57812	-0.23279
2026-04-25 20:28:23.620	6	-20.840	17.040	-56.160	-0.305	-2.258	7.385	-0.6673	0.40765	-0.57812	-0.23279
2026-04-25 20:28:23.823	6	-20.767	15.613	-58.053	-4.211	6.897	26.611	-0.6673	0.40765	-0.57812	-0.23279
2026-04-25 20:28:24.134	6	-20.413	13.667	-60.253	21.79	-17.639	134.521	-0.6673	0.40765	-0.57812	-0.23279
2026-04-25 20:28:24.511	6	-20.040	6.027	-65.733	-0.488	1.587	35.95	-0.6673	0.40765	-0.57812	-0.23279
2026-04-25 20:28:24.636	6	-20.040	0.113	-68.747	0.244	-0.732	30.64	-0.6673	0.40765	-0.57812	-0.23279
2026-04-25 20:28:24.932	6	-20.713	-5.920	-70.993	3.174	-4.7	14.221	-0.6673	0.40765	-0.57812	-0.23279
2026-04-25 20:28:25.027	6	-21.667	-11.747	-72.547	-0.061	2.93	22.095	-0.6673	0.40765	-0.57812	-0.23279
2026-04-25 20:28:25.353	6	-22.093	-16.573	-72.773	2.869	8.85	36.072	-0.6673	0.40765	-0.57812	-0.23279
2026-04-25 20:28:25.458	6	-22.380	-21.460	-72.713	-2.197	0.793	45.227	-0.6673	0.40765	-0.57812	-0.23279
2026-04-25 20:28:25.745	6	-22.393	-27.020	-72.093	-2.319	4.883	33.997	-0.6673	0.40765	-0.57812	-0.23279
2026-04-25 20:28:25.921	6	-22.027	-33.107	-70.213	-9.338	5.188	22.217	-0.6673	0.40765	-0.57812	-0.23279
2026-04-25 20:28:26.058	6	-21.940	-39.000	-68.027	-0.122	2.136	37.354	-0.6673	0.40765	-0.57812	-0.23279
2026-04-25 20:28:26.340	6	-22.267	-41.773	-66.373	-9.399	-8.301	18.738	-0.6673	0.40765	-0.57812	-0.23279
2026-04-25 20:28:26.459	6	-22.927	-48.760	-61.100	-1.038	-0.244	28.259	-0.6673	0.40765	-0.57812	-0.23279
2026-04-25 20:28:26.762	6	-23.140	-50.560	-59.573	5.676	1.953	30.762	-0.6673	0.40765	-0.57812	-0.23279
2026-04-25 20:28:26.843	6	-23.540	-55.307	-54.440	-4.639	-7.263	46.082	-0.6673	0.40765	-0.57812	-0.23279
2026-04-25 20:28:27.033	6	-23.293	-57.920	-50.160	1.953	-2.625	33.63	-0.6673	0.40765	-0.57812	-0.23279
2026-04-25 20:28:27.331	6	-23.113	-59.133	-47.893	4.944	-3.235	63.232	-0.6673	0.40765	-0.57812	-0.23279
2026-04-25 20:28:27.469	6	-23.067	-61.273	-41.907	2.869	-0.671	28.198	-0.6673	0.40765	-0.57812	-0.23279
2026-04-25 20:28:27.644	6	-23.127	-62.760	-35.227	3.784	-6.287	42.725	-0.6673	0.40765	-0.57812	-0.23279
2026-04-25 20:28:27.962	6	-23.027	-63.587	-25.240	-4.333	-1.953	20.996	-0.6673	0.40765	-0.57812	-0.23279
2026-04-25 20:28:28.052	6	-23.067	-62.833	-19.393	0.732	-1.221	26.245	-0.6673	0.40765	-0.57812	-0.23279
2026-04-25 20:28:28.185	6	-22.980	-62.307	-17.087	3.662	-0.488	12.085	-0.6673	0.40765	-0.57812	-0.23279
2026-04-25 20:28:28.563	6	-22.993	-60.620	-10.907	-7.751	0.366	16.663	-0.6673	0.40765	-0.57812	-0.23279
2026-04-25 20:28:28.771	6	-23.013	-59.207	-7.740	5.432	2.38	27.161	-0.6673	0.40765	-0.57812	-0.23279
2026-04-25 20:28:29.048	6	-23.040	-57.860	-5.060	1.648	0.671	46.204	-0.6673	0.40765	-0.57812	-0.23279
2026-04-25 20:28:29.265	6	-23.213	-56.120	-2.333	11.353	14.404	60.852	-0.6673	0.40765	-0.57812	-0.23279
2026-04-25 20:28:29.471	6	-23.240	-53.260	1.080	8.423	-4.883	65.491	-0.6673	0.40765	-0.57812	-0.23279
2026-04-25 20:28:29.644	6	-23.180	-43.620	7.927	1.77	-23.926	112.122	-0.6673	0.40765	-0.57812	-0.23279
2026-04-25 20:28:29.972	6	-22.540	-33.333	12.353	-4.272	-41.138	128.174	-0.6673	0.40765	-0.57812	-0.23279
2026-04-25 20:28:30.064	6	-21.100	-20.747	14.760	-16.357	-33.508	76.843	-0.6673	0.40765	-0.57812	-0.23279
2026-04-25 20:28:30.270	6	-18.980	-8.600	14.760	-5.188	-12.756	37.415	-0.6673	0.40765	-0.57812	-0.23279
2026-04-25 20:28:30.572	6	-16.540	1.713	11.633	-10.376	-13.123	56.824	-0.6673	0.40765	-0.57812	-0.23279
2026-04-25 20:28:30.665	6	-14.027	10.100	6.807	-1.648	-3.113	57.861	-0.6673	0.40765	-0.57812	-0.23279
2026-04-25 20:28:30.991	6	-12.327	16.453	0.640	12.207	-6.409	44.8	-0.6673	0.40765	-0.57812	-0.23279
2026-04-25 20:28:31.077	6	-11.313	21.353	-6.280	7.385	3.357	36.804	-0.6673	0.40765	-0.57812	-0.23279
2026-04-25 20:28:31.389	6	-11.593	26.253	-17.567	4.089	-9.888	41.26	-0.6673	0.40765	-0.57812	-0.23279
2026-04-25 20:28:31.591	6	-12.013	26.980	-21.427	4.15	-3.967	33.081	-0.6673	0.40765	-0.57812	-0.23279
2026-04-25 20:28:31.699	6	-12.900	27.367	-28.587	4.7	-3.906	35.278	-0.6673	0.40765	-0.57812	-0.23279
2026-04-25 20:28:31.873	6	-14.313	26.527	-35.733	13.55	-5.554	42.297	-0.6673	0.40765	-0.57812	-0.23279
2026-04-25 20:28:32.193	6	-15.900	24.640	-42.380	-0.244	-4.639	15.015	-0.6673	0.40765	-0.57812	-0.23279
2026-04-25 20:28:32.414	6	-17.213	22.113	-48.333	5.737	-11.902	51.208	-0.6673	0.40765	-0.57812	-0.23279
2026-04-25 20:28:32.790	6	-19.780	16.040	-57.093	8.728	0.671	-18.005	-0.6673	0.40765	-0.57812	-0.23279
2026-04-25 20:28:33.090	6	-21.280	11.953	-61.513	9.827	3.052	10.01	-0.6673	0.40765	-0.57812	-0.23279
2026-04-25 20:28:33.284	6	-22.227	10.827	-61.513	51.147	-13.733	-28.198	-0.6673	0.40765	-0.57812	-0.23279
2026-04-25 20:28:33.604	6	-24.600	10.500	-61.127	39.49	-8.179	-1.343	-0.6673	0.40765	-0.57812	-0.23279
2026-04-25 20:28:33.812	6	-28.440	9.440	-59.467	47.974	-2.136	0.61	-0.6673	0.40765	-0.57812	-0.23279
2026-04-25 20:28:34.207	6	-38.513	5.300	-54.980	28.992	18.677	-20.874	-0.6673	0.40765	-0.57812	-0.23279
2026-04-25 20:28:34.411	6	-42.040	2.340	-54.033	37.231	22.766	4.456	-0.6673	0.40765	-0.57812	-0.23279
2026-04-25 20:28:34.515	6	-43.200	0.253	-54.307	39.368	6.531	1.404	-0.6673	0.40765	-0.57812	-0.23279
2026-04-25 20:28:34.689	6	-44.953	-4.587	-55.247	16.357	1.099	11.169	-0.6673	0.40765	-0.57812	-0.23279
2026-04-25 20:28:35.012	6	-45.353	-11.447	-57.500	15.747	11.047	0.488	-0.6673	0.40765	-0.57812	-0.23279
2026-04-25 20:28:35.231	6	-45.567	-15.773	-58.933	26.123	7.996	5.493	-0.6673	0.40765	-0.57812	-0.23279
2026-04-25 20:28:35.614	6	-45.053	-22.360	-59.400	21.729	-14.832	3.784	-0.6673	0.40765	-0.57812	-0.23279
2026-04-25 20:28:35.823	6	-44.627	-25.860	-59.567	3.845	4.15	0.244	-0.6673	0.40765	-0.57812	-0.23279
2026-04-25 20:28:35.920	6	-44.313	-27.473	-59.553	5.737	4.517	-1.587	-0.6673	0.40765	-0.57812	-0.23279
2026-04-25 20:28:36.209	6	-44.040	-30.133	-59.300	-3.296	-4.089	0.916	-0.6673	0.40765	-0.57812	-0.23279
2026-04-25 20:28:36.313	6	-43.653	-31.360	-59.127	-12.634	-7.202	4.578	-0.6673	0.40765	-0.57812	-0.23279
2026-04-25 20:28:36.632	6	-42.553	-31.587	-60.140	14.954	39.856	-0.061	-0.6673	0.40765	-0.57812	-0.23279
2026-04-25 20:28:36.746	6	-41.640	-31.673	-60.987	0.732	31.738	16.235	-0.6673	0.40765	-0.57812	-0.23279
2026-04-25 20:28:37.111	6	-37.200	-32.287	-64.087	0.549	19.836	2.747	-0.6673	0.40765	-0.57812	-0.23279
2026-04-25 20:28:37.233	6	-33.113	-32.733	-66.547	-2.441	10.803	1.587	-0.6673	0.40765	-0.57812	-0.23279
2026-04-25 20:28:37.833	6	-22.880	-32.960	-70.587	-6.47	56.152	10.193	-0.6673	0.40765	-0.57812	-0.23279
2026-04-25 20:28:38.053	6	-16.567	-32.773	-71.593	-9.521	46.082	-3.479	-0.6673	0.40765	-0.57812	-0.23279
2026-04-25 20:28:38.431	6	-0.480	-32.287	-70.513	0.061	29.114	1.892	-0.6673	0.40765	-0.57812	-0.23279
2026-04-25 20:28:38.732	6	10.433	-32.073	-66.827	7.324	28.931	0.122	-0.6673	0.40765	-0.57812	-0.23279
2026-04-25 20:28:38.858	6	15.807	-32.073	-66.827	5.981	71.411	9.338	-0.6673	0.40765	-0.57812	-0.23279
2026-04-25 20:28:38.922	6	15.807	-31.747	-63.407	-1.953	54.626	-0.488	-0.6673	0.40765	-0.57812	-0.23279
2026-04-25 20:28:39.129	6	20.773	-31.647	-59.040	-8.545	73.608	1.892	-0.6673	0.40765	-0.57812	-0.23279
2026-04-25 20:28:39.333	6	27.007	-31.473	-50.173	-3.601	59.57	3.601	-0.6673	0.40765	-0.57812	-0.23279
2026-04-25 20:28:39.522	6	30.520	-31.520	-42.820	-2.686	68.359	2.319	-0.6673	0.40765	-0.57812	-0.23279
2026-04-25 20:28:39.853	6	32.507	-31.447	-34.547	-1.465	64.697	7.08	-0.6673	0.40765	-0.57812	-0.23279
2026-04-25 20:28:40.057	6	33.047	-31.500	-26.520	0.122	57.373	-9.583	-0.6673	0.40765	-0.57812	-0.23279
2026-04-25 20:28:40.327	6	31.120	-31.207	-14.907	0.61	48.706	3.174	-0.6673	0.40765	-0.57812	-0.23279
2026-04-25 20:28:40.562	6	29.833	-31.200	-11.333	2.869	37.537	-4.883	-0.6673	0.40765	-0.57812	-0.23279
2026-04-25 20:28:40.863	6	22.847	-31.000	0.260	11.292	121.582	-42.725	-0.6673	0.40765	-0.57812	-0.23279
2026-04-25 20:28:41.145	6	13.100	-31.460	7.807	7.263	54.504	-3.235	-0.6673	0.40765	-0.57812	-0.23279
2026-04-25 20:28:41.352	6	3.700	-31.920	11.673	1.648	50.537	6.836	-0.6673	0.40765	-0.57812	-0.23279
2026-04-25 20:28:41.553	6	-6.880	-32.360	14.360	-6.592	33.447	5.005	-0.6673	0.40765	-0.57812	-0.23279
2026-04-25 20:28:41.685	6	-11.867	-32.347	15.187	1.282	14.832	2.319	-0.6673	0.40765	-0.57812	-0.23279
2026-04-25 20:28:41.953	6	-16.527	-32.187	15.453	7.08	41.016	2.869	-0.6673	0.40765	-0.57812	-0.23279
2026-04-25 20:28:42.158	6	-28.027	-31.147	13.313	-1.465	32.166	2.747	-0.6673	0.40765	-0.57812	-0.23279
2026-04-25 20:28:42.393	6	-32.253	-30.933	11.133	16.479	92.773	-9.583	-0.6673	0.40765	-0.57812	-0.23279
2026-04-25 20:28:42.570	6	-37.593	-31.300	7.600	-8.728	53.894	-12.39	-0.6673	0.40765	-0.57812	-0.23279
2026-04-25 20:28:42.870	6	-46.067	-32.333	-1.387	-6.531	55.42	-2.014	-0.6673	0.40765	-0.57812	-0.23279
2026-04-25 20:28:42.964	6	-48.367	-32.733	-4.947	-7.751	23.499	-4.211	-0.6673	0.40765	-0.57812	-0.23279
2026-04-25 20:28:43.266	6	-53.493	-33.433	-16.720	-4.089	45.776	0.183	-0.6673	0.40765	-0.57812	-0.23279
2026-04-25 20:28:43.572	6	-55.180	-33.500	-28.667	-6.226	22.888	-2.258	-0.6673	0.40765	-0.57812	-0.23279
2026-04-25 20:28:43.745	6	-54.800	-33.000	-35.560	2.014	24.17	1.831	-0.6673	0.40765	-0.57812	-0.23279
2026-04-25 20:28:43.951	6	-54.393	-32.673	-38.473	-6.653	62.988	-2.075	-0.6673	0.40765	-0.57812	-0.23279
2026-04-25 20:28:44.174	6	-52.493	-31.933	-45.873	0.122	22.034	1.953	-0.6673	0.40765	-0.57812	-0.23279
2026-04-25 20:28:44.380	6	-50.640	-31.533	-49.920	-4.028	19.043	0.427	-0.6673	0.40765	-0.57812	-0.23279
2026-04-25 20:28:44.556	6	-48.427	-31.260	-53.327	-2.075	31.25	-0.427	-0.6673	0.40765	-0.57812	-0.23279
2026-04-25 20:28:45.091	6	-42.153	-30.820	-60.673	-2.869	21.851	1.038	-0.6673	0.40765	-0.57812	-0.23279
2026-04-25 20:28:45.164	6	-39.300	-30.573	-63.407	-4.578	6.531	4.822	-0.6673	0.40765	-0.57812	-0.23279
2026-04-25 20:28:45.494	6	-36.927	-30.520	-65.513	-1.221	9.521	-1.16	-0.6673	0.40765	-0.57812	-0.23279
2026-04-25 20:28:45.706	6	-35.727	-30.600	-66.407	-3.357	5.371	-2.136	-0.6673	0.40765	-0.57812	-0.23279
2026-04-25 20:28:45.910	6	-34.513	-30.800	-67.020	-2.014	3.723	-0.305	-0.6673	0.40765	-0.57812	-0.23279
2026-04-25 20:28:46.381	6	-33.040	-30.173	-68.373	-1.587	20.142	6.836	-0.6673	0.40765	-0.57812	-0.23279
2026-04-25 20:28:46.570	6	-32.427	-30.033	-68.933	11.841	33.813	1.099	-0.6673	0.40765	-0.57812	-0.23279
2026-04-25 20:28:46.775	6	-30.453	-30.033	-69.780	8.484	45.471	-1.465	-0.6673	0.40765	-0.57812	-0.23279
2026-04-25 20:28:47.013	6	-26.453	-30.220	-70.893	1.16	53.101	14.221	-0.6673	0.40765	-0.57812	-0.23279
2026-04-25 20:28:47.200	6	-17.940	-31.060	-72.267	3.296	30.579	-3.113	-0.6673	0.40765	-0.57812	-0.23279
2026-04-25 20:28:47.490	6	-11.313	-31.687	-72.587	-4.333	23.926	0.549	-0.6673	0.40765	-0.57812	-0.23279
2026-04-25 20:28:47.579	6	-5.513	-31.960	-72.300	-0.366	35.889	1.892	-0.6673	0.40765	-0.57812	-0.23279
2026-04-25 20:28:47.804	6	-2.800	-32.273	-71.987	3.601	6.775	9.766	-0.6673	0.40765	-0.57812	-0.23279
2026-04-25 20:28:47.977	6	1.760	-32.620	-70.973	-6.897	12.512	2.319	-0.6673	0.40765	-0.57812	-0.23279
2026-04-25 20:28:48.184	6	5.120	-32.900	-69.567	-3.357	-16.907	5.798	-0.6673	0.40765	-0.57812	-0.23279
2026-04-25 20:28:48.390	6	8.433	-33.007	-68.133	0.061	21.118	-7.019	-0.6673	0.40765	-0.57812	-0.23279
2026-04-25 20:28:48.610	6	11.307	-32.860	-66.540	-2.869	54.626	-5.676	-0.6673	0.40765	-0.57812	-0.23279
2026-04-25 20:28:48.788	6	14.873	-32.473	-64.053	1.953	69.336	-11.658	-0.6673	0.40765	-0.57812	-0.23279
2026-04-25 20:28:48.993	6	19.100	-31.900	-60.607	11.475	69.58	7.507	-0.6673	0.40765	-0.57812	-0.23279
2026-04-25 20:28:49.323	6	26.273	-30.420	-51.287	19.043	81.299	-0.488	-0.6673	0.40765	-0.57812	-0.23279
2026-04-25 20:28:49.386	6	28.607	-29.900	-47.333	1.343	46.082	0.732	-0.6673	0.40765	-0.57812	-0.23279
2026-04-25 20:28:49.724	6	33.307	-28.433	-35.113	-6.165	37.354	-0.122	-0.6673	0.40765	-0.57812	-0.23279
2026-04-25 20:28:49.962	6	34.433	-27.733	-27.667	-5.066	39.001	-2.93	-0.6673	0.40765	-0.57812	-0.23279
2026-04-25 20:28:50.139	6	34.007	-27.833	-21.133	0.732	18.555	1.709	-0.6673	0.40765	-0.57812	-0.23279
2026-04-25 20:28:50.324	6	32.647	-27.847	-15.533	-5.127	45.715	-8.972	-0.6673	0.40765	-0.57812	-0.23279
2026-04-25 20:28:50.528	6	30.187	-28.420	-9.893	-4.211	28.687	-3.662	-0.6673	0.40765	-0.57812	-0.23279
2026-04-25 20:28:50.737	6	27.233	-29.007	-4.820	-11.169	20.386	-2.197	-0.6673	0.40765	-0.57812	-0.23279
2026-04-25 20:28:51.006	6	23.960	-29.400	-0.300	-0.488	22.583	-0.854	-0.6673	0.40765	-0.57812	-0.23279
2026-04-25 20:28:51.331	6	18.287	-29.847	5.540	-1.221	30.64	-8.789	-0.6673	0.40765	-0.57812	-0.23279
2026-04-25 20:28:51.429	6	14.287	-30.047	8.827	-5.676	35.706	-12.085	-0.6673	0.40765	-0.57812	-0.23279
2026-04-25 20:28:51.731	6	9.733	-30.700	11.373	-4.822	26.733	-7.812	-0.6673	0.40765	-0.57812	-0.23279
2026-04-25 20:28:52.029	6	1.847	-31.847	14.093	-0.427	70.251	-3.418	-0.6673	0.40765	-0.57812	-0.23279
2026-04-25 20:28:52.204	6	-4.593	-32.873	15.180	4.822	64.941	12.878	-0.6673	0.40765	-0.57812	-0.23279
2026-04-25 20:28:52.424	6	-11.780	-33.320	15.453	3.357	19.348	-5.31	-0.6673	0.40765	-0.57812	-0.23279
2026-04-25 20:28:52.634	6	-18.600	-33.433	15.453	-13.245	21.484	14.221	-0.6673	0.40765	-0.57812	-0.23279
2026-04-25 20:28:52.952	6	-27.413	-32.807	13.307	7.324	11.047	-7.08	-0.6673	0.40765	-0.57812	-0.23279
2026-04-25 20:28:53.025	6	-31.627	-32.307	11.760	-5.371	41.138	-4.822	-0.6673	0.40765	-0.57812	-0.23279
2026-04-25 20:28:53.354	6	-35.067	-31.820	10.020	-15.015	75.012	-26.184	-0.6673	0.40765	-0.57812	-0.23279
2026-04-25 20:28:53.561	6	-39.327	-31.560	7.007	-0.488	47.363	2.991	-0.6673	0.40765	-0.57812	-0.23279
2026-04-25 20:28:53.736	6	-44.167	-31.800	1.820	-3.662	24.109	-0.854	-0.6673	0.40765	-0.57812	-0.23279
2026-04-25 20:28:53.942	6	-48.800	-31.960	-3.900	3.052	75.134	4.272	-0.6673	0.40765	-0.57812	-0.23279
2026-04-25 20:28:54.255	6	-53.793	-32.147	-14.493	-14.099	31.006	6.897	-0.6673	0.40765	-0.57812	-0.23279
2026-04-25 20:28:54.437	6	-55.300	-31.700	-21.467	0	38.757	2.502	-0.6673	0.40765	-0.57812	-0.23279
2026-04-25 20:28:54.641	6	-55.880	-30.960	-28.413	2.808	65.186	9.033	-0.6673	0.40765	-0.57812	-0.23279
2026-04-25 20:28:54.846	6	-55.093	-30.260	-36.120	-2.502	14.893	2.136	-0.6673	0.40765	-0.57812	-0.23279
2026-04-25 20:28:55.083	6	-53.140	-29.820	-43.513	-6.47	41.931	-3.662	-0.6673	0.40765	-0.57812	-0.23279
2026-04-25 20:28:55.245	6	-50.040	-29.507	-50.273	2.38	23.254	-2.136	-0.6673	0.40765	-0.57812	-0.23279
2026-04-25 20:28:55.452	6	-47.980	-29.407	-53.553	-2.625	23.254	0.061	-0.6673	0.40765	-0.57812	-0.23279
2026-04-25 20:28:55.772	6	-39.613	-28.907	-63.273	-2.319	41.321	2.136	-0.6673	0.40765	-0.57812	-0.23279
2026-04-25 20:28:55.839	6	-37.727	-28.847	-65.073	-0.61	19.104	1.343	-0.6673	0.40765	-0.57812	-0.23279
2026-04-25 20:28:56.170	6	-31.567	-28.973	-68.993	-1.221	21.912	4.639	-0.6673	0.40765	-0.57812	-0.23279
2026-04-25 20:28:56.378	6	-27.813	-29.360	-70.273	-2.441	15.32	1.587	-0.6673	0.40765	-0.57812	-0.23279
2026-04-25 20:28:56.552	6	-23.913	-29.707	-71.613	5.371	74.585	-20.142	-0.6673	0.40765	-0.57812	-0.23279
2026-04-25 20:28:56.773	6	-21.580	-29.533	-72.247	-9.338	62.378	4.639	-0.6673	0.40765	-0.57812	-0.23279
2026-04-25 20:28:56.981	6	-10.613	-29.533	-72.247	-8.118	48.218	12.512	-0.6673	0.40765	-0.57812	-0.23279
2026-04-25 20:28:57.376	6	7.773	-29.033	-68.067	-8.057	29.785	-9.338	-0.6673	0.40765	-0.57812	-0.23279
2026-04-25 20:28:57.667	6	15.387	-29.073	-64.440	-2.197	49.194	0.183	-0.6673	0.40765	-0.57812	-0.23279
2026-04-25 20:28:58.065	6	25.560	-28.273	-54.400	-5.188	59.509	3.418	-0.6673	0.40765	-0.57812	-0.23279
2026-04-25 20:28:58.271	6	29.433	-28.187	-47.220	9.277	25.085	9.155	-0.6673	0.40765	-0.57812	-0.23279
2026-04-25 20:28:58.601	6	33.907	-28.307	-30.420	-1.587	87.83	-4.578	-0.6673	0.40765	-0.57812	-0.23279
2026-04-25 20:28:58.954	6	33.373	-28.600	-21.807	-2.625	60.486	6.592	-0.6673	0.40765	-0.57812	-0.23279
2026-04-25 20:28:59.085	6	29.887	-29.507	-10.273	9.216	2.38	12.878	-0.6673	0.40765	-0.57812	-0.23279
2026-04-25 20:28:59.373	6	26.460	-29.733	-4.040	-1.526	26.123	5.981	-0.6673	0.40765	-0.57812	-0.23279
2026-04-25 20:29:00.007	6	8.973	-29.787	10.613	-8.728	96.436	12.451	-0.6673	0.40765	-0.57812	-0.23279
2026-04-25 20:29:00.288	6	-0.900	-29.787	10.613	-4.333	30.884	11.23	-0.6673	0.40765	-0.57812	-0.23279
2026-04-25 20:29:00.440	6	-0.900	-29.720	13.460	-1.648	48.401	8.484	-0.6673	0.40765	-0.57812	-0.23279
2026-04-25 20:29:00.705	6	-20.867	-29.720	13.460	-10.315	83.496	-17.334	-0.6673	0.40765	-0.57812	-0.23279
2026-04-25 20:29:01.203	6	-39.627	-28.887	6.227	5.981	55.481	-7.019	-0.6673	0.40765	-0.57812	-0.23279
2026-04-25 20:29:01.331	6	-42.927	-28.887	6.227	-2.197	55.359	-2.441	-0.6673	0.40765	-0.57812	-0.23279
2026-04-25 20:29:01.544	6	-42.927	-29.173	3.233	-3.845	58.289	-3.906	-0.6673	0.40765	-0.57812	-0.23279
2026-04-25 20:29:01.546	6	-51.093	-29.173	3.233	-3.845	58.289	-3.906	-0.6673	0.40765	-0.57812	-0.23279
2026-04-25 20:29:01.738	6	-51.093	-30.620	-7.680	-5.981	75.378	-2.441	-0.6673	0.40765	-0.57812	-0.23279
2026-04-25 20:29:02.013	6	-55.713	-30.620	-7.680	-11.047	57.251	0.854	-0.6673	0.40765	-0.57812	-0.23279
2026-04-25 20:29:02.154	6	-55.713	-30.560	-22.853	-7.446	48.218	7.019	-0.6673	0.40765	-0.57812	-0.23279
2026-04-25 20:29:02.504	6	-54.913	-29.033	-38.367	-2.38	33.203	-1.648	-0.6673	0.40765	-0.57812	-0.23279
2026-04-25 20:29:02.717	6	-51.780	-27.747	-48.567	-15.015	28.931	-4.761	-0.6673	0.40765	-0.57812	-0.23279
2026-04-25 20:29:03.107	6	-47.453	-25.887	-56.013	2.319	58.167	-4.761	-0.6673	0.40765	-0.57812	-0.23279
2026-04-25 20:29:03.315	6	-43.727	-25.160	-60.840	-3.052	-3.723	1.831	-0.6673	0.40765	-0.57812	-0.23279
2026-04-25 20:29:03.492	6	-39.640	-24.487	-64.347	-6.287	8.423	9.766	-0.6673	0.40765	-0.57812	-0.23279
2026-04-25 20:29:03.905	6	-32.827	-24.887	-69.033	4.028	-9.399	20.081	-0.6673	0.40765	-0.57812	-0.23279
2026-04-25 20:29:04.026	6	-31.213	-25.720	-69.347	-4.089	2.502	3.906	-0.6673	0.40765	-0.57812	-0.23279
2026-04-25 20:29:04.412	6	-30.593	-28.073	-69.407	2.319	5.432	-13.306	-0.6673	0.40765	-0.57812	-0.23279
2026-04-25 20:29:04.562	6	-30.967	-28.600	-69.233	2.136	-10.681	-3.601	-0.6673	0.40765	-0.57812	-0.23279
2026-04-25 20:29:05.101	6	-33.440	-24.620	-68.460	30.09	-22.034	-130.432	-0.6673	0.40765	-0.57812	-0.23279
2026-04-25 20:29:05.326	6	-35.627	-18.200	-66.493	-3.235	6.653	-63.538	-0.6673	0.40765	-0.57812	-0.23279
2026-04-25 20:29:05.715	6	-39.827	-1.147	-57.260	7.324	-2.686	-42.053	-0.6673	0.40765	-0.57812	-0.23279
2026-04-25 20:29:05.923	6	-41.740	5.240	-51.120	-7.446	-6.165	-9.216	-0.6673	0.40765	-0.57812	-0.23279
2026-04-25 20:29:06.133	6	-43.053	5.240	-51.120	1.587	5.066	-9.399	-0.6673	0.40765	-0.57812	-0.23279
2026-04-25 20:29:06.277	6	-43.053	9.513	-45.013	-7.996	10.01	4.578	-0.6673	0.40765	-0.57812	-0.23279
2026-04-25 20:29:06.646	6	-43.767	10.100	-43.240	-2.319	-8.911	-1.16	-0.6673	0.40765	-0.57812	-0.23279
2026-04-25 20:29:07.126	6	-44.013	9.467	-43.713	13.977	29.358	14.465	-0.6673	0.40765	-0.57812	-0.23279
2026-04-25 20:29:07.455	6	-44.000	9.080	-44.600	0.977	7.263	2.808	-0.6673	0.40765	-0.57812	-0.23279
2026-04-25 20:29:07.664	6	-43.653	8.193	-46.767	-6.409	0.793	-4.822	-0.6673	0.40765	-0.57812	-0.23279
2026-04-25 20:29:08.012	6	-42.940	7.500	-48.833	23.438	-38.269	-0.305	-0.6673	0.40765	-0.57812	-0.23279
2026-04-25 20:29:08.180	6	-43.240	7.527	-48.093	-1.282	-11.841	-0.61	-0.6673	0.40765	-0.57812	-0.23279
2026-04-25 20:29:08.747	6	-45.067	9.427	-41.367	17.822	0.549	14.404	-0.6673	0.40765	-0.57812	-0.23279
2026-04-25 20:29:08.942	6	-46.340	9.313	-38.180	7.874	5.798	3.235	-0.6673	0.40765	-0.57812	-0.23279
2026-04-25 20:29:09.241	6	-47.227	8.427	-37.727	4.211	6.104	-0.305	-0.6673	0.40765	-0.57812	-0.23279
2026-04-25 20:29:09.362	6	-48.280	7.027	-38.020	-0.488	2.563	-1.892	-0.6673	0.40765	-0.57812	-0.23279
2026-04-25 20:29:09.661	6	-48.867	5.913	-38.447	4.272	4.639	-2.197	-0.6673	0.40765	-0.57812	-0.23279
2026-04-25 20:29:09.791	6	-49.140	5.453	-38.753	0.305	4.822	-2.38	-0.6673	0.40765	-0.57812	-0.23279
2026-04-25 20:29:10.145	6	-49.467	4.367	-39.567	-0.183	3.296	-4.456	-0.6673	0.40765	-0.57812	-0.23279
2026-04-25 20:29:10.566	6	-49.640	3.553	-40.507	1.282	1.953	-0.916	-0.6673	0.40765	-0.57812	-0.23279
2026-04-25 20:29:11.163	6	-49.427	3.493	-41.633	2.686	-1.709	2.625	-0.6673	0.40765	-0.57812	-0.23279
2026-04-25 20:29:11.765	6	-49.393	3.000	-42.560	1.465	-1.099	1.099	-0.6673	0.40765	-0.57812	-0.23279
2026-04-25 20:29:11.886	6	-49.613	2.400	-42.913	-2.319	-0.732	-0.244	-0.6673	0.40765	-0.57812	-0.23279
2026-04-25 20:29:12.281	6	-49.927	1.713	-43.240	15.198	-0.671	5.737	-0.6673	0.40765	-0.57812	-0.23279
2026-04-25 20:29:12.573	6	-50.553	0.567	-43.340	4.333	-2.441	0.427	-0.6673	0.40765	-0.57812	-0.23279
2026-04-25 20:29:12.692	6	-51.967	-2.700	-43.347	48.34	-7.568	0.732	-0.6673	0.40765	-0.57812	-0.23279
2026-04-25 20:29:13.094	6	-54.013	-9.947	-42.460	72.51	-12.817	2.258	-0.6673	0.40765	-0.57812	-0.23279
2026-04-25 20:29:13.355	6	-54.813	-17.647	-41.433	50.171	4.272	3.845	-0.6673	0.40765	-0.57812	-0.23279
2026-04-25 20:29:13.567	6	-53.793	-17.647	-41.433	34.973	3.479	3.479	-0.6673	0.40765	-0.57812	-0.23279
2026-04-25 20:29:13.721	6	-53.793	-30.747	-39.800	15.32	1.831	0.671	-0.6673	0.40765	-0.57812	-0.23279
2026-04-25 20:29:13.800	6	-51.367	-30.747	-39.800	30.579	-1.526	5.737	-0.6673	0.40765	-0.57812	-0.23279
2026-04-25 20:29:13.901	6	-51.367	-39.187	-38.947	61.096	-6.531	9.827	-0.6673	0.40765	-0.57812	-0.23279
2026-04-25 20:29:14.167	6	-43.040	-51.560	-37.333	51.086	-0.977	3.418	-0.6673	0.40765	-0.57812	-0.23279
2026-04-25 20:29:14.381	6	-37.713	-51.560	-37.333	16.724	4.211	-4.822	-0.6673	0.40765	-0.57812	-0.23279
2026-04-25 20:29:14.508	6	-37.713	-56.100	-36.733	16.113	4.272	-6.897	-0.6673	0.40765	-0.57812	-0.23279
2026-04-25 20:29:14.702	6	-28.127	-61.373	-36.007	22.888	6.042	-6.165	-0.6673	0.40765	-0.57812	-0.23279
2026-04-25 20:29:15.098	6	-14.727	-64.000	-36.600	50.232	-4.7	-10.559	-0.6673	0.40765	-0.57812	-0.23279
2026-04-25 20:29:15.308	6	-7.553	-64.000	-36.600	39.49	1.282	-5.432	-0.6673	0.40765	-0.57812	-0.23279
2026-04-25 20:29:15.692	6	6.000	-59.900	-37.667	51.27	-1.526	-11.292	-0.6673	0.40765	-0.57812	-0.23279
2026-04-25 20:29:15.813	6	9.400	-58.400	-37.867	25.33	-4.15	-3.113	-0.6673	0.40765	-0.57812	-0.23279
2026-04-25 20:29:16.005	6	14.947	-54.747	-38.840	12.329	-0.793	-1.221	-0.6673	0.40765	-0.57812	-0.23279
2026-04-25 20:29:16.296	6	20.820	-50.020	-39.620	17.639	1.465	5.188	-0.6673	0.40765	-0.57812	-0.23279
2026-04-25 20:29:16.713	6	25.360	-44.900	-39.867	61.096	9.399	-7.08	-0.6673	0.40765	-0.57812	-0.23279
2026-04-25 20:29:16.816	6	26.473	-43.047	-39.767	49.805	-3.113	4.395	-0.6673	0.40765	-0.57812	-0.23279
2026-04-25 20:29:17.109	6	30.247	-34.073	-39.547	65.308	-1.099	-5.31	-0.6673	0.40765	-0.57812	-0.23279
2026-04-25 20:29:17.522	6	32.787	-19.707	-38.980	41.565	-7.629	-0.427	-0.6673	0.40765	-0.57812	-0.23279
2026-04-25 20:29:17.606	6	32.100	-9.300	-38.887	82.092	2.014	-4.822	-0.6673	0.40765	-0.57812	-0.23279
2026-04-25 20:29:18.016	6	27.273	4.840	-38.333	51.453	0	0.61	-0.6673	0.40765	-0.57812	-0.23279
2026-04-25 20:29:18.245	6	22.273	4.840	-38.333	39.612	-1.221	-1.343	-0.6673	0.40765	-0.57812	-0.23279
2026-04-25 20:29:18.333	6	22.273	12.267	-38.347	39.612	-1.221	-1.343	-0.6673	0.40765	-0.57812	-0.23279
2026-04-25 20:29:18.521	6	12.987	19.927	-37.920	62.5	15.503	-3.418	-0.6673	0.40765	-0.57812	-0.23279
2026-04-25 20:29:18.732	6	5.760	19.927	-37.920	32.715	12.634	3.479	-0.6673	0.40765	-0.57812	-0.23279
2026-04-25 20:29:18.830	6	5.760	23.293	-37.380	23.926	5.676	-1.343	-0.6673	0.40765	-0.57812	-0.23279
2026-04-25 20:29:19.118	6	-13.267	26.467	-36.353	73.914	-0.854	0.061	-0.6673	0.40765	-0.57812	-0.23279
2026-04-25 20:29:19.415	6	-20.293	25.313	-36.360	29.236	-2.502	9.644	-0.6673	0.40765	-0.57812	-0.23279
2026-04-25 20:29:19.625	6	-26.980	22.967	-36.740	29.785	4.333	5.249	-0.6673	0.40765	-0.57812	-0.23279
2026-04-25 20:29:20.029	6	-38.753	15.813	-38.013	-4.761	-0.854	-1.526	-0.6673	0.40765	-0.57812	-0.23279
2026-04-25 20:29:20.222	6	-42.640	12.367	-38.827	9.277	0.366	-2.197	-0.6673	0.40765	-0.57812	-0.23279
2026-04-25 20:29:20.415	6	-45.340	9.340	-39.480	37.415	5.066	-0.061	-0.6673	0.40765	-0.57812	-0.23279
2026-04-25 20:29:20.824	6	-50.300	0.800	-40.127	29.602	7.446	8.606	-0.6673	0.40765	-0.57812	-0.23279
2026-04-25 20:29:20.947	6	-51.567	-2.387	-40.213	52.734	-5.066	-3.723	-0.6673	0.40765	-0.57812	-0.23279
2026-04-25 20:29:21.338	6	-54.840	-20.647	-38.800	57.373	-6.287	1.343	-0.6673	0.40765	-0.57812	-0.23279
2026-04-25 20:29:21.753	6	-50.667	-40.273	-36.733	98.694	-2.93	7.874	-0.6673	0.40765	-0.57812	-0.23279
2026-04-25 20:29:21.964	6	-46.100	-48.100	-36.400	46.814	-0.916	5.676	-0.6673	0.40765	-0.57812	-0.23279
2026-04-25 20:29:22.034	6	-43.380	-51.120	-36.280	38.147	1.831	-1.77	-0.6673	0.40765	-0.57812	-0.23279
2026-04-25 20:29:22.243	6	-37.480	-51.120	-36.280	24.475	3.052	-3.174	-0.6673	0.40765	-0.57812	-0.23279
2026-04-25 20:29:22.445	6	-34.580	-56.287	-36.453	44.25	-2.625	-0.916	-0.6673	0.40765	-0.57812	-0.23279
2026-04-25 20:29:22.575	6	-34.580	-58.120	-36.833	19.653	-1.465	-4.944	-0.6673	0.40765	-0.57812	-0.23279
2026-04-25 20:29:22.765	6	-22.840	-62.707	-37.600	29.663	-4.822	-1.221	-0.6673	0.40765	-0.57812	-0.23279
2026-04-25 20:29:23.164	6	-12.267	-64.000	-38.247	13.672	-0.305	4.456	-0.6673	0.40765	-0.57812	-0.23279
2026-04-25 20:29:23.256	6	-9.800	-63.787	-38.060	34.546	-9.338	-5.554	-0.6673	0.40765	-0.57812	-0.23279
2026-04-25 20:29:23.643	6	-2.267	-62.500	-38.407	22.156	-1.038	-3.174	-0.6673	0.40765	-0.57812	-0.23279
2026-04-25 20:29:23.774	6	0.273	-61.760	-38.613	33.569	-3.113	0.793	-0.6673	0.40765	-0.57812	-0.23279
2026-04-25 20:29:24.181	6	12.307	-56.333	-40.520	8.057	2.747	-4.028	-0.6673	0.40765	-0.57812	-0.23279
2026-04-25 20:29:24.461	6	15.587	-54.287	-40.880	9.583	-2.136	-4.517	-0.6673	0.40765	-0.57812	-0.23279
2026-04-25 20:29:24.645	6	17.520	-52.647	-41.193	42.297	-1.526	7.202	-0.6673	0.40765	-0.57812	-0.23279
2026-04-25 20:29:25.056	6	21.800	-48.160	-41.640	58.35	4.517	-2.319	-0.6673	0.40765	-0.57812	-0.23279
2026-04-25 20:29:25.270	6	24.720	-43.400	-41.853	51.697	9.338	-8.362	-0.6673	0.40765	-0.57812	-0.23279
2026-04-25 20:29:25.564	6	28.320	-35.920	-41.720	65.552	-6.287	-5.066	-0.6673	0.40765	-0.57812	-0.23279
2026-04-25 20:29:25.672	6	31.847	-20.307	-41.213	50.598	-2.38	-2.747	-0.6673	0.40765	-0.57812	-0.23279
2026-04-25 20:29:25.982	6	31.587	-9.300	-40.887	69.397	0	-4.883	-0.6673	0.40765	-0.57812	-0.23279
2026-04-25 20:29:26.115	6	28.707	0.893	-40.507	62.439	-1.282	-7.996	-0.6673	0.40765	-0.57812	-0.23279
2026-04-25 20:29:26.381	6	23.787	0.893	-40.507	45.227	-2.808	2.563	-0.6673	0.40765	-0.57812	-0.23279
2026-04-25 20:29:26.489	6	23.787	9.327	-40.460	39.795	-6.836	1.404	-0.6673	0.40765	-0.57812	-0.23279
2026-04-25 20:29:26.601	6	15.047	9.327	-40.460	20.508	1.16	1.404	-0.6673	0.40765	-0.57812	-0.23279
2026-04-25 20:29:26.686	6	15.047	18.067	-40.400	26.001	1.038	-1.404	-0.6673	0.40765	-0.57812	-0.23279
2026-04-25 20:29:26.972	6	6.387	23.340	-40.380	46.631	5.859	-5.432	-0.6673	0.40765	-0.57812	-0.23279
2026-04-25 20:29:27.109	6	0.573	25.340	-39.887	23.438	3.113	5.31	-0.6673	0.40765	-0.57812	-0.23279
2026-04-25 20:29:27.399	6	-6.000	26.267	-39.393	121.094	11.719	5.127	-0.6673	0.40765	-0.57812	-0.23279
2026-04-25 20:29:27.790	6	-23.553	23.053	-38.973	26.794	4.7	7.812	-0.6673	0.40765	-0.57812	-0.23279
2026-04-25 20:29:27.994	6	-31.640	19.600	-39.333	7.568	0.488	-1.587	-0.6673	0.40765	-0.57812	-0.23279
2026-04-25 20:29:28.092	6	-35.193	17.827	-39.493	28.137	3.723	1.953	-0.6673	0.40765	-0.57812	-0.23279
2026-04-25 20:29:28.380	6	-41.640	13.100	-40.827	9.949	-0.183	-0.366	-0.6673	0.40765	-0.57812	-0.23279
2026-04-25 20:29:28.802	6	-44.693	10.167	-40.913	31.189	-6.287	-14.587	-0.6673	0.40765	-0.57812	-0.23279
2026-04-25 20:29:28.895	6	-48.400	5.740	-39.540	73.853	-2.991	4.456	-0.6673	0.40765	-0.57812	-0.23279
2026-04-25 20:29:29.282	6	-51.293	0.900	-38.407	28.137	-9.094	8.423	-0.6673	0.40765	-0.57812	-0.23279
2026-04-25 20:29:29.478	6	-54.093	-6.420	-37.127	54.138	-0.366	-3.174	-0.6673	0.40765	-0.57812	-0.23279
2026-04-25 20:29:29.672	6	-56.067	-19.520	-36.340	33.081	5.676	-6.531	-0.6673	0.40765	-0.57812	-0.23279
2026-04-25 20:29:30.104	6	-54.400	-32.433	-36.433	34.424	3.235	-1.709	-0.6673	0.40765	-0.57812	-0.23279
2026-04-25 20:29:30.288	6	-51.480	-39.707	-36.773	20.447	1.709	0.244	-0.6673	0.40765	-0.57812	-0.23279
2026-04-25 20:29:30.630	6	-45.727	-48.460	-37.713	34.058	2.258	-3.235	-0.6673	0.40765	-0.57812	-0.23279
2026-04-25 20:29:30.815	6	-39.953	-48.460	-37.713	42.603	-1.587	4.089	-0.6673	0.40765	-0.57812	-0.23279
2026-04-25 20:29:30.920	6	-39.953	-54.347	-38.127	25.024	0.122	-4.333	-0.6673	0.40765	-0.57812	-0.23279
2026-04-25 20:29:31.210	6	-33.927	-58.633	-37.787	45.532	-0.793	0.488	-0.6673	0.40765	-0.57812	-0.23279
2026-04-25 20:29:31.696	6	-14.100	-62.607	-38.760	111.572	8.606	-9.949	-0.6673	0.40765	-0.57812	-0.23279
2026-04-25 20:29:31.892	6	-3.840	-62.607	-38.760	41.077	-0.244	-2.38	-0.6673	0.40765	-0.57812	-0.23279
2026-04-25 20:29:32.020	6	6.400	-57.873	-40.740	40.527	-0.488	2.808	-0.6673	0.40765	-0.57812	-0.23279
2026-04-25 20:29:32.324	6	14.060	-54.300	-41.080	11.169	-1.343	0	-0.6673	0.40765	-0.57812	-0.23279
2026-04-25 20:29:32.506	6	18.907	-51.233	-41.173	15.076	0.732	5.066	-0.6673	0.40765	-0.57812	-0.23279
2026-04-25 20:29:32.914	6	22.900	-47.300	-40.827	63.782	5.249	4.7	-0.6673	0.40765	-0.57812	-0.23279
2026-04-25 20:29:33.032	6	25.633	-43.133	-40.867	55.237	5.432	1.221	-0.6673	0.40765	-0.57812	-0.23279
2026-04-25 20:29:33.436	6	30.220	-32.307	-40.513	98.816	-6.042	7.385	-0.6673	0.40765	-0.57812	-0.23279
2026-04-25 20:29:33.641	6	31.820	-32.307	-40.513	6.897	-4.822	1.526	-0.6673	0.40765	-0.57812	-0.23279
2026-04-25 20:29:33.729	6	31.820	-15.520	-39.620	18.921	-2.014	3.174	-0.6673	0.40765	-0.57812	-0.23279
2026-04-25 20:29:34.022	6	27.960	1.500	-39.053	81.177	-0.427	-6.226	-0.6673	0.40765	-0.57812	-0.23279
2026-04-25 20:29:34.443	6	15.147	17.567	-39.200	56.702	-0.488	-9.705	-0.6673	0.40765	-0.57812	-0.23279
2026-04-25 20:29:34.543	6	11.533	17.567	-39.200	57.068	-0.793	-6.653	-0.6673	0.40765	-0.57812	-0.23279
2026-04-25 20:29:34.677	6	11.533	19.867	-39.393	-7.812	-1.77	11.475	-0.6673	0.40765	-0.57812	-0.23279
2026-04-25 20:29:34.930	6	-2.627	25.640	-39.273	43.152	-3.967	-0.61	-0.6673	0.40765	-0.57812	-0.23279
2026-04-25 20:29:35.136	6	-8.367	25.640	-39.273	31.677	4.7	-15.32	-0.6673	0.40765	-0.57812	-0.23279
2026-04-25 20:29:35.433	6	-13.467	26.267	-38.920	30.945	13.55	-2.136	-0.6673	0.40765	-0.57812	-0.23279
2026-04-25 20:29:35.561	6	-18.640	25.300	-38.687	43.945	3.723	-4.883	-0.6673	0.40765	-0.57812	-0.23279
2026-04-25 20:29:35.858	6	-27.613	22.400	-37.920	14.16	14.221	1.099	-0.6673	0.40765	-0.57812	-0.23279
2026-04-25 20:29:36.241	6	-32.600	20.300	-38.007	32.227	-29.175	0	-0.6673	0.40765	-0.57812	-0.23279
2026-04-25 20:29:36.462	6	-39.913	15.953	-37.967	6.653	-46.997	4.456	-0.6673	0.40765	-0.57812	-0.23279
2026-04-25 20:29:36.568	6	-41.980	15.953	-37.967	-2.258	-53.284	8.789	-0.6673	0.40765	-0.57812	-0.23279
2026-04-25 20:29:36.797	6	-41.980	14.367	-36.160	0.061	-40.405	17.273	-0.6673	0.40765	-0.57812	-0.23279
2026-04-25 20:29:36.977	6	-44.340	12.880	-30.400	-11.475	-61.951	7.446	-0.6673	0.40765	-0.57812	-0.23279
2026-04-25 20:29:37.264	6	-44.193	12.900	-27.620	16.052	-102.6	7.324	-0.6673	0.40765	-0.57812	-0.23279
2026-04-25 20:29:37.422	6	-40.080	13.653	-16.653	46.082	-112.061	13.977	-0.6673	0.40765	-0.57812	-0.23279
2026-04-25 20:29:37.755	6	-30.093	13.813	-4.453	5.432	-60.364	36.804	-0.6673	0.40765	-0.57812	-0.23279
2026-04-25 20:29:37.969	6	-16.627	13.813	-4.453	-10.742	-0.732	9.949	-0.6673	0.40765	-0.57812	-0.23279
2026-04-25 20:29:38.107	6	-16.627	13.600	3.000	-27.771	-38.086	-20.752	-0.6673	0.40765	-0.57812	-0.23279
2026-04-25 20:29:38.298	6	-8.880	13.627	4.473	-5.188	-7.019	6.042	-0.6673	0.40765	-0.57812	-0.23279
2026-04-25 20:29:38.532	6	-0.627	14.627	2.713	2.441	14.832	-18.921	-0.6673	0.40765	-0.57812	-0.23279
2026-04-25 20:29:39.079	6	2.760	14.153	2.580	-4.15	-3.601	-2.197	-0.6673	0.40765	-0.57812	-0.23279
2026-04-25 20:29:39.288	6	3.133	13.467	3.407	-1.221	0.671	-1.526	-0.6673	0.40765	-0.57812	-0.23279
2026-04-25 20:29:39.548	6	3.500	12.980	4.347	-12.451	-5.249	-0.122	-0.6673	0.40765	-0.57812	-0.23279
2026-04-25 20:29:39.877	6	4.400	12.180	4.907	8.179	-9.766	2.93	-0.6673	0.40765	-0.57812	-0.23279
2026-04-25 20:29:40.088	6	5.433	12.180	4.907	2.38	6.47	12.634	-0.6673	0.40765	-0.57812	-0.23279
2026-04-25 20:29:40.480	6	4.747	13.440	3.960	16.602	10.925	-12.634	-0.6673	0.40765	-0.57812	-0.23279
2026-04-25 20:29:40.690	6	2.933	14.280	3.947	9.46	0	-0.488	-0.6673	0.40765	-0.57812	-0.23279
2026-04-25 20:29:40.893	6	0.633	14.280	3.947	-6.226	3.479	0.244	-0.6673	0.40765	-0.57812	-0.23279
2026-04-25 20:29:41.293	6	-3.140	14.880	4.947	-0.366	-0.977	1.587	-0.6673	0.40765	-0.57812	-0.23279
