PCTime	MagType	HX	HY	HZ	AsX	AsY	AsZ	Q0	Q1	Q2	Q3
2026-04-25 22:05:40.889	6	-17.227	32.060	-28.367	9.155	50.354	-46.021	0.95294	-0.03644	0.02206	-0.29999
2026-04-25 22:05:40.952	6	-17.227	32.060	-28.367	34.424	27.893	-66.467	0.95294	-0.03644	0.02206	-0.29999
2026-04-25 22:05:41.076	6	-17.227	32.060	-28.367	26.184	11.841	-71.716	0.95294	-0.03644	0.02206	-0.29999
2026-04-25 22:05:41.153	6	-17.227	32.060	-28.367	11.658	38.147	-148.56	0.95294	-0.03644	0.02206	-0.29999
2026-04-25 22:05:41.243	6	-17.227	32.060	-28.367	11.658	38.147	-148.56	0.95294	-0.03644	0.02206	-0.29999
2026-04-25 22:05:41.370	6	-30.780	6.800	-60.033	11.475	-45.532	-67.078	0.95294	-0.03644	0.02206	-0.29999
2026-04-25 22:05:41.564	6	-32.767	6.800	-60.033	-25.879	-21.606	-26.062	0.95294	-0.03644	0.02206	-0.29999
2026-04-25 22:05:41.708	6	-32.767	-0.707	-62.793	-37.048	-34.729	130.676	0.95294	-0.03644	0.02206	-0.29999
2026-04-25 22:05:41.971	6	-36.153	-8.860	-65.060	32.959	-6.714	155.64	0.95294	-0.03644	0.02206	-0.29999
2026-04-25 22:05:42.183	6	-34.567	-6.100	-64.587	20.813	-35.156	40.649	0.95294	-0.03644	0.02206	-0.29999
2026-04-25 22:05:42.359	6	-31.440	0.293	-63.327	-12.634	14.221	9.705	0.95294	-0.03644	0.02206	-0.29999
2026-04-25 22:05:42.572	6	-29.367	3.727	-62.560	12.146	13.245	15.747	0.95294	-0.03644	0.02206	-0.29999
2026-04-25 22:05:42.863	6	-24.513	8.053	-62.287	10.986	8.728	-1.221	0.95294	-0.03644	0.02206	-0.29999
2026-04-25 22:05:43.003	6	-20.227	11.527	-61.347	18.982	7.69	3.174	0.95294	-0.03644	0.02206	-0.29999
2026-04-25 22:05:43.284	6	-18.593	11.700	-61.927	26.062	22.644	0.183	0.95294	-0.03644	0.02206	-0.29999
2026-04-25 22:05:43.705	6	-18.000	10.980	-62.747	17.7	-4.822	-9.827	0.95294	-0.03644	0.02206	-0.29999
2026-04-25 22:05:44.319	6	-17.427	11.367	-62.613	1.16	0.366	-1.465	0.95294	-0.03644	0.02206	-0.29999
2026-04-25 22:05:44.575	6	-17.880	11.667	-62.353	0.427	-0.671	-1.465	0.95294	-0.03644	0.02206	-0.29999
2026-04-25 22:05:45.184	6	-19.067	12.527	-61.460	-6.287	-3.357	0.977	0.95294	-0.03644	0.02206	-0.29999
2026-04-25 22:05:45.606	6	-19.040	13.280	-60.360	-11.169	-1.77	-0.305	0.95294	-0.03644	0.02206	-0.29999
2026-04-25 22:05:45.716	6	-19.040	13.867	-59.940	-19.287	-2.014	-0.916	0.95294	-0.03644	0.02206	-0.29999
2026-04-25 22:05:45.992	6	-19.300	14.753	-58.720	-35.767	-2.502	3.357	0.95294	-0.03644	0.02206	-0.29999
2026-04-25 22:05:46.195	6	-19.680	16.267	-57.107	-37.354	-6.042	-1.343	0.95294	-0.03644	0.02206	-0.29999
2026-04-25 22:05:46.404	6	-19.953	17.967	-54.547	-15.076	0.549	-0.977	0.95294	-0.03644	0.02206	-0.29999
2026-04-25 22:05:46.559	6	-20.340	19.813	-51.593	-8.362	-4.822	-3.601	0.95294	-0.03644	0.02206	-0.29999
2026-04-25 22:05:46.795	6	-20.640	21.580	-48.340	-42.419	-8.789	-4.333	0.95294	-0.03644	0.02206	-0.29999
2026-04-25 22:05:47.014	6	-21.140	23.253	-43.927	-62.439	-3.357	-4.333	0.95294	-0.03644	0.02206	-0.29999
2026-04-25 22:05:47.137	6	-21.767	24.480	-39.027	-26.306	-6.165	5.371	0.95294	-0.03644	0.02206	-0.29999
2026-04-25 22:05:47.396	6	-21.840	25.340	-33.333	-23.376	-1.282	-0.671	0.95294	-0.03644	0.02206	-0.29999
2026-04-25 22:05:47.606	6	-21.700	25.713	-27.220	-32.349	-2.197	7.446	0.95294	-0.03644	0.02206	-0.29999
2026-04-25 22:05:47.814	6	-21.180	25.393	-21.487	-34.119	17.151	0.854	0.95294	-0.03644	0.02206	-0.29999
2026-04-25 22:05:48.008	6	-20.793	25.027	-18.720	-31.25	-2.869	3.723	0.95294	-0.03644	0.02206	-0.29999
2026-04-25 22:05:48.207	6	-20.453	24.467	-16.127	-38.635	8.972	-1.099	0.95294	-0.03644	0.02206	-0.29999
2026-04-25 22:05:48.426	6	-19.713	20.293	-5.560	-25.818	9.399	-0.793	0.95294	-0.03644	0.02206	-0.29999
2026-04-25 22:05:48.625	6	-19.980	17.313	-0.773	-31.189	4.028	7.141	0.95294	-0.03644	0.02206	-0.29999
2026-04-25 22:05:48.758	6	-20.027	15.667	1.293	-31.982	2.563	12.268	0.95294	-0.03644	0.02206	-0.29999
2026-04-25 22:05:49.024	6	-20.400	12.193	5.053	-39.978	-0.61	-0.244	0.95294	-0.03644	0.02206	-0.29999
2026-04-25 22:05:49.224	6	-21.040	7.700	8.253	-36.255	-4.883	0	0.95294	-0.03644	0.02206	-0.29999
2026-04-25 22:05:49.357	6	-21.393	2.653	10.980	-22.156	-5.615	3.296	0.95294	-0.03644	0.02206	-0.29999
2026-04-25 22:05:49.613	6	-21.580	-2.847	13.460	-64.88	-17.7	2.075	0.95294	-0.03644	0.02206	-0.29999
2026-04-25 22:05:49.825	6	-21.493	-9.620	15.373	-77.576	0.977	9.46	0.95294	-0.03644	0.02206	-0.29999
2026-04-25 22:05:49.942	6	-20.780	-17.360	16.027	-82.947	-10.01	3.235	0.95294	-0.03644	0.02206	-0.29999
2026-04-25 22:05:50.220	6	-20.013	-26.233	15.247	-38.879	2.38	6.226	0.95294	-0.03644	0.02206	-0.29999
2026-04-25 22:05:50.427	6	-19.567	-35.207	12.900	-26.123	-2.319	1.343	0.95294	-0.03644	0.02206	-0.29999
2026-04-25 22:05:50.636	6	-19.380	-43.260	9.087	-27.1	2.441	4.456	0.95294	-0.03644	0.02206	-0.29999
2026-04-25 22:05:50.762	6	-19.327	-49.660	4.833	-72.083	0.427	-3.479	0.95294	-0.03644	0.02206	-0.29999
2026-04-25 22:05:51.034	6	-19.353	-54.147	-0.133	-27.954	-1.892	1.282	0.95294	-0.03644	0.02206	-0.29999
2026-04-25 22:05:51.236	6	-19.393	-57.647	-5.373	-28.564	-1.343	-2.747	0.95294	-0.03644	0.02206	-0.29999
2026-04-25 22:05:51.366	6	-19.300	-60.347	-10.447	-12.512	5.493	1.648	0.95294	-0.03644	0.02206	-0.29999
2026-04-25 22:05:51.744	6	-19.127	-62.920	-19.193	-28.992	9.46	1.892	0.95294	-0.03644	0.02206	-0.29999
2026-04-25 22:05:52.075	6	-18.953	-63.900	-24.807	-46.753	5.981	19.348	0.95294	-0.03644	0.02206	-0.29999
2026-04-25 22:05:52.173	6	-18.727	-63.287	-34.933	-28.442	0.244	-3.967	0.95294	-0.03644	0.02206	-0.29999
2026-04-25 22:05:52.562	6	-18.740	-60.947	-44.040	-61.035	-4.211	5.188	0.95294	-0.03644	0.02206	-0.29999
2026-04-25 22:05:52.764	6	-18.513	-58.173	-50.533	-55.054	1.343	-0.61	0.95294	-0.03644	0.02206	-0.29999
2026-04-25 22:05:52.861	6	-18.400	-56.520	-53.193	-36.865	-8.24	4.761	0.95294	-0.03644	0.02206	-0.29999
2026-04-25 22:05:53.154	6	-18.080	-52.773	-58.087	-31.433	3.235	-10.437	0.95294	-0.03644	0.02206	-0.29999
2026-04-25 22:05:53.255	6	-17.693	-45.420	-65.073	-37.354	0.732	-3.784	0.95294	-0.03644	0.02206	-0.29999
2026-04-25 22:05:53.575	6	-17.567	-40.047	-68.313	-23.682	-0.549	-1.465	0.95294	-0.03644	0.02206	-0.29999
2026-04-25 22:05:53.668	6	-17.580	-37.387	-69.613	-18.799	-4.578	-1.526	0.95294	-0.03644	0.02206	-0.29999
2026-04-25 22:05:53.843	6	-17.567	-32.107	-71.693	-11.353	-3.113	7.629	0.95294	-0.03644	0.02206	-0.29999
2026-04-25 22:05:54.175	6	-17.667	-27.447	-73.007	-25.33	2.625	-7.507	0.95294	-0.03644	0.02206	-0.29999
2026-04-25 22:05:54.273	6	-17.813	-22.847	-73.360	-23.743	-5.554	0.244	0.95294	-0.03644	0.02206	-0.29999
2026-04-25 22:05:54.446	6	-18.167	-18.007	-73.547	-93.689	-6.714	2.808	0.95294	-0.03644	0.02206	-0.29999
2026-04-25 22:05:54.668	6	-18.500	-12.020	-72.453	-25.574	-2.319	-5.066	0.95294	-0.03644	0.02206	-0.29999
2026-04-25 22:05:54.871	6	-18.793	-5.887	-70.973	-16.296	-1.77	-3.845	0.95294	-0.03644	0.02206	-0.29999
2026-04-25 22:05:55.165	6	-19.093	-0.207	-69.240	-32.532	-13.855	-4.883	0.95294	-0.03644	0.02206	-0.29999
2026-04-25 22:05:55.275	6	-19.600	4.667	-66.480	-31.006	-4.517	-1.099	0.95294	-0.03644	0.02206	-0.29999
2026-04-25 22:05:55.389	6	-19.793	7.767	-64.647	-16.113	-0.977	-0.305	0.95294	-0.03644	0.02206	-0.29999
2026-04-25 22:05:55.682	6	-20.240	10.480	-62.180	-7.507	-1.038	0.916	0.95294	-0.03644	0.02206	-0.29999
2026-04-25 22:05:55.985	6	-20.793	13.113	-59.553	-46.143	-3.906	3.113	0.95294	-0.03644	0.02206	-0.29999
2026-04-25 22:05:56.275	6	-21.000	15.840	-56.587	-53.345	-1.221	1.465	0.95294	-0.03644	0.02206	-0.29999
2026-04-25 22:05:56.396	6	-21.353	18.553	-52.367	-48.584	5.005	-2.869	0.95294	-0.03644	0.02206	-0.29999
2026-04-25 22:05:56.787	6	-21.353	23.600	-40.420	-93.018	10.742	5.554	0.95294	-0.03644	0.02206	-0.29999
2026-04-25 22:05:56.993	6	-21.293	24.700	-32.260	-58.655	-3.967	7.324	0.95294	-0.03644	0.02206	-0.29999
2026-04-25 22:05:57.233	6	-20.953	24.567	-23.400	-50.598	-6.531	8.789	0.95294	-0.03644	0.02206	-0.29999
2026-04-25 22:05:57.387	6	-20.327	22.800	-14.407	-28.809	-4.028	-1.343	0.95294	-0.03644	0.02206	-0.29999
2026-04-25 22:05:57.488	6	-19.600	19.600	-5.760	-32.898	2.197	-3.723	0.95294	-0.03644	0.02206	-0.29999
2026-04-25 22:05:57.818	6	-18.800	15.240	1.160	-45.837	-2.319	5.737	0.95294	-0.03644	0.02206	-0.29999
2026-04-25 22:05:58.194	6	-17.613	4.827	10.640	-13.489	-4.272	-0.61	0.95294	-0.03644	0.02206	-0.29999
2026-04-25 22:05:58.404	6	-17.040	0.527	13.407	-27.344	-0.549	0.549	0.95294	-0.03644	0.02206	-0.29999
2026-04-25 22:05:58.498	6	-16.800	-1.560	14.440	-38.208	7.935	3.357	0.95294	-0.03644	0.02206	-0.29999
2026-04-25 22:05:58.795	6	-16.700	-7.700	16.253	-24.658	5.737	2.808	0.95294	-0.03644	0.02206	-0.29999
2026-04-25 22:05:59.016	6	-17.240	-12.807	16.980	-52.002	15.015	-2.991	0.95294	-0.03644	0.02206	-0.29999
2026-04-25 22:05:59.284	6	-18.127	-19.320	16.933	-24.963	5.432	0.366	0.95294	-0.03644	0.02206	-0.29999
2026-04-25 22:05:59.493	6	-19.427	-29.560	15.180	-10.376	-4.639	2.869	0.95294	-0.03644	0.02206	-0.29999
2026-04-25 22:05:59.697	6	-20.180	-35.600	13.140	-44.739	0.061	1.221	0.95294	-0.03644	0.02206	-0.29999
2026-04-25 22:05:59.903	6	-20.680	-41.260	10.407	-21.606	1.038	-0.427	0.95294	-0.03644	0.02206	-0.29999
2026-04-25 22:06:00.094	6	-21.013	-45.400	7.873	-23.56	3.174	2.014	0.95294	-0.03644	0.02206	-0.29999
2026-04-25 22:06:00.296	6	-21.253	-47.120	6.620	-20.02	3.723	2.258	0.95294	-0.03644	0.02206	-0.29999
2026-04-25 22:06:00.515	6	-21.527	-51.787	2.620	-21.851	2.258	6.287	0.95294	-0.03644	0.02206	-0.29999
2026-04-25 22:06:00.806	6	-21.893	-53.933	0.007	-20.691	1.465	1.404	0.95294	-0.03644	0.02206	-0.29999
2026-04-25 22:06:00.897	6	-22.327	-55.800	-2.447	-10.925	-3.479	-0.183	0.95294	-0.03644	0.02206	-0.29999
2026-04-25 22:06:01.117	6	-22.613	-57.420	-5.060	-51.514	6.409	-0.61	0.95294	-0.03644	0.02206	-0.29999
2026-04-25 22:06:01.327	6	-22.867	-58.987	-5.060	-34.912	9.216	5.432	0.95294	-0.03644	0.02206	-0.29999
2026-04-25 22:06:01.434	6	-22.867	-58.987	-8.373	-34.912	9.216	5.432	0.95294	-0.03644	0.02206	-0.29999
2026-04-25 22:06:01.501	6	-22.967	-60.573	-12.360	-38.269	-23.621	-2.38	0.95294	-0.03644	0.02206	-0.29999
2026-04-25 22:06:01.915	6	-23.000	-62.360	-20.467	-55.603	-3.479	-5.859	0.95294	-0.03644	0.02206	-0.29999
2026-04-25 22:06:02.047	6	-22.913	-62.907	-26.967	-30.701	1.038	-1.709	0.95294	-0.03644	0.02206	-0.29999
2026-04-25 22:06:02.435	6	-22.513	-62.060	-37.653	-34.546	-6.104	1.343	0.95294	-0.03644	0.02206	-0.29999
2026-04-25 22:06:02.638	6	-22.053	-58.607	-48.233	-83.618	-24.231	4.456	0.95294	-0.03644	0.02206	-0.29999
2026-04-25 22:06:02.964	6	-22.193	-52.087	-57.940	-12.695	1.099	0.305	0.95294	-0.03644	0.02206	-0.29999
2026-04-25 22:06:03.125	6	-22.353	-49.747	-60.380	-30.151	5.554	2.136	0.95294	-0.03644	0.02206	-0.29999
2026-04-25 22:06:03.330	6	-22.527	-44.960	-64.447	-5.798	0.732	6.775	0.95294	-0.03644	0.02206	-0.29999
2026-04-25 22:06:03.654	6	-22.240	-38.220	-68.713	-14.587	-4.517	-0.549	0.95294	-0.03644	0.02206	-0.29999
2026-04-25 22:06:03.726	6	-22.027	-34.220	-70.440	-41.565	0.366	-7.263	0.95294	-0.03644	0.02206	-0.29999
2026-04-25 22:06:03.931	6	-21.780	-32.020	-71.273	-33.936	-0.793	5.737	0.95294	-0.03644	0.02206	-0.29999
2026-04-25 22:06:04.135	6	-21.567	-25.673	-72.847	-47.302	-3.113	4.333	0.95294	-0.03644	0.02206	-0.29999
2026-04-25 22:06:04.435	6	-21.493	-20.087	-73.193	-12.695	-4.089	3.296	0.95294	-0.03644	0.02206	-0.29999
2026-04-25 22:06:04.615	6	-21.667	-13.420	-72.427	-56.458	-1.16	8.545	0.95294	-0.03644	0.02206	-0.29999
2026-04-25 22:06:04.735	6	-21.827	-9.807	-71.467	-22.766	4.15	-2.686	0.95294	-0.03644	0.02206	-0.29999
2026-04-25 22:06:05.034	6	-22.093	1.480	-67.053	-35.095	0.305	-12.085	0.95294	-0.03644	0.02206	-0.29999
2026-04-25 22:06:05.344	6	-22.267	10.013	-61.933	-15.991	-3.967	4.7	0.95294	-0.03644	0.02206	-0.29999
2026-04-25 22:06:05.550	6	-22.140	13.740	-58.633	-28.442	-5.92	-6.104	0.95294	-0.03644	0.02206	-0.29999
2026-04-25 22:06:05.785	6	-22.280	16.327	-55.453	-70.984	-0.61	3.662	0.95294	-0.03644	0.02206	-0.29999
2026-04-25 22:06:05.946	6	-22.180	19.113	-50.387	-48.828	7.69	3.357	0.95294	-0.03644	0.02206	-0.29999
2026-04-25 22:06:06.153	6	-21.980	21.713	-44.247	-113.464	6.348	12.817	0.95294	-0.03644	0.02206	-0.29999
2026-04-25 22:06:06.327	6	-21.527	23.740	-35.500	-44.006	1.404	-4.639	0.95294	-0.03644	0.02206	-0.29999
2026-04-25 22:06:06.534	6	-20.993	24.053	-24.907	-66.589	4.211	3.662	0.95294	-0.03644	0.02206	-0.29999
2026-04-25 22:06:06.754	6	-20.727	22.313	-15.013	-63.721	4.333	-0.854	0.95294	-0.03644	0.02206	-0.29999
2026-04-25 22:06:06.959	6	-20.893	18.613	-5.773	-45.349	-5.981	-3.601	0.95294	-0.03644	0.02206	-0.29999
2026-04-25 22:06:07.255	6	-21.540	11.113	3.993	-38.147	-0.977	-7.141	0.95294	-0.03644	0.02206	-0.29999
2026-04-25 22:06:07.359	6	-21.667	8.467	6.300	-25.696	3.601	-3.052	0.95294	-0.03644	0.02206	-0.29999
2026-04-25 22:06:07.563	6	-21.840	3.453	10.120	-7.446	0.061	-3.601	0.95294	-0.03644	0.02206	-0.29999
2026-04-25 22:06:07.737	6	-21.513	-0.700	12.727	-15.564	-4.761	-1.404	0.95294	-0.03644	0.02206	-0.29999
2026-04-25 22:06:08.161	6	-20.493	-8.187	15.913	-44.495	3.906	1.221	0.95294	-0.03644	0.02206	-0.29999
2026-04-25 22:06:08.365	6	-20.200	-12.160	16.673	-53.711	6.409	-0.549	0.95294	-0.03644	0.02206	-0.29999
2026-04-25 22:06:08.662	6	-20.340	-17.033	17.213	-5.859	-5.188	-1.404	0.95294	-0.03644	0.02206	-0.29999
2026-04-25 22:06:08.762	6	-20.667	-22.620	16.980	-44.617	-4.333	-14.16	0.95294	-0.03644	0.02206	-0.29999
2026-04-25 22:06:08.967	6	-20.727	-29.060	15.713	-87.28	5.859	4.089	0.95294	-0.03644	0.02206	-0.29999
2026-04-25 22:06:09.265	6	-20.580	-35.847	13.580	-14.832	-2.319	2.563	0.95294	-0.03644	0.02206	-0.29999
2026-04-25 22:06:09.444	6	-20.293	-42.133	10.440	-35.767	-0.427	4.15	0.95294	-0.03644	0.02206	-0.29999
2026-04-25 22:06:09.565	6	-20.113	-47.573	6.707	-15.137	-6.592	-3.174	0.95294	-0.03644	0.02206	-0.29999
2026-04-25 22:06:09.786	6	-20.213	-49.887	4.827	-46.692	6.958	3.418	0.95294	-0.03644	0.02206	-0.29999
2026-04-25 22:06:09.960	6	-20.600	-53.633	0.647	-60.669	2.808	7.324	0.95294	-0.03644	0.02206	-0.29999
2026-04-25 22:06:10.166	6	-21.180	-56.847	-4.627	-44.556	0.427	-5.249	0.95294	-0.03644	0.02206	-0.29999
2026-04-25 22:06:10.435	6	-21.267	-60.000	-11.307	-89.844	-10.681	-12.512	0.95294	-0.03644	0.02206	-0.29999
2026-04-25 22:06:10.564	6	-21.213	-62.200	-19.520	-47.241	5.676	-0.916	0.95294	-0.03644	0.02206	-0.29999
2026-04-25 22:06:10.766	6	-21.140	-63.120	-28.140	-68.848	-9.521	-8.606	0.95294	-0.03644	0.02206	-0.29999
2026-04-25 22:06:10.988	6	-20.627	-62.520	-36.880	-79.529	-5.066	-4.578	0.95294	-0.03644	0.02206	-0.29999
2026-04-25 22:06:11.304	6	-20.193	-55.047	-49.200	-20.264	1.77	3.845	0.95294	-0.03644	0.02206	-0.29999
2026-04-25 22:06:11.367	6	-20.193	-55.047	-53.073	-38.208	6.042	-2.38	0.95294	-0.03644	0.02206	-0.29999
2026-04-25 22:06:11.725	6	-19.567	-46.500	-62.487	-26.123	12.695	-4.517	0.95294	-0.03644	0.02206	-0.29999
2026-04-25 22:06:11.791	6	-18.800	-40.520	-67.167	-15.564	3.845	-1.038	0.95294	-0.03644	0.02206	-0.29999
2026-04-25 22:06:12.084	6	-17.893	-35.347	-69.940	-23.254	8.423	-0.549	0.95294	-0.03644	0.02206	-0.29999
2026-04-25 22:06:12.186	6	-17.493	-32.973	-70.887	-25.269	-4.028	1.709	0.95294	-0.03644	0.02206	-0.29999
2026-04-25 22:06:12.390	6	-17.067	-28.273	-72.173	-53.528	-7.324	3.784	0.95294	-0.03644	0.02206	-0.29999
2026-04-25 22:06:12.715	6	-17.413	-19.073	-72.833	-111.328	-0.793	6.226	0.95294	-0.03644	0.02206	-0.29999
2026-04-25 22:06:12.780	6	-17.493	-15.220	-72.507	-77.759	1.16	9.583	0.95294	-0.03644	0.02206	-0.29999
2026-04-25 22:06:13.135	6	-17.740	-2.420	-68.953	-56.58	-1.77	5.066	0.95294	-0.03644	0.02206	-0.29999
2026-04-25 22:06:13.203	6	-17.700	5.827	-65.073	-2.075	1.038	-1.343	0.95294	-0.03644	0.02206	-0.29999
2026-04-25 22:06:13.376	6	-17.753	9.313	-62.960	-14.648	-2.991	0.732	0.95294	-0.03644	0.02206	-0.29999
2026-04-25 22:06:13.707	6	-18.067	15.593	-57.453	-16.846	1.343	-3.906	0.95294	-0.03644	0.02206	-0.29999
2026-04-25 22:06:13.915	6	-18.153	17.040	-56.033	0.061	0.916	-5.676	0.95294	-0.03644	0.02206	-0.29999
2026-04-25 22:06:14.005	6	-18.413	18.640	-54.000	-3.113	-5.92	-10.315	0.95294	-0.03644	0.02206	-0.29999
2026-04-25 22:06:14.304	6	-20.267	18.967	-52.860	15.991	-0.488	-60.913	0.95294	-0.03644	0.02206	-0.29999
2026-04-25 22:06:14.605	6	-25.967	16.027	-52.820	-21.973	-11.108	-73.73	0.95294	-0.03644	0.02206	-0.29999
2026-04-25 22:06:14.795	6	-28.580	14.300	-53.153	-3.723	2.563	-33.325	0.95294	-0.03644	0.02206	-0.29999
2026-04-25 22:06:15.002	6	-34.013	9.993	-53.933	10.315	9.644	-44.617	0.95294	-0.03644	0.02206	-0.29999
2026-04-25 22:06:15.335	6	-40.593	-0.220	-56.613	41.809	8.85	-114.441	0.95294	-0.03644	0.02206	-0.29999
2026-04-25 22:06:15.540	6	-41.627	-6.847	-58.707	0.122	16.357	-3.052	0.95294	-0.03644	0.02206	-0.29999
2026-04-25 22:06:15.839	6	-41.693	-13.447	-60.553	7.568	-21.118	-55.969	0.95294	-0.03644	0.02206	-0.29999
2026-04-25 22:06:16.027	6	-41.300	-22.973	-62.007	21.179	-55.603	-41.443	0.95294	-0.03644	0.02206	-0.29999
2026-04-25 22:06:16.314	6	-41.540	-28.573	-61.187	6.165	-30.945	-12.268	0.95294	-0.03644	0.02206	-0.29999
2026-04-25 22:06:16.409	6	-42.027	-31.907	-59.560	-10.071	35.828	-2.136	0.95294	-0.03644	0.02206	-0.29999
2026-04-25 22:06:16.734	6	-42.580	-34.287	-58.240	-4.822	40.771	19.653	0.95294	-0.03644	0.02206	-0.29999
2026-04-25 22:06:16.831	6	-42.893	-34.607	-57.727	10.01	-2.258	11.292	0.95294	-0.03644	0.02206	-0.29999
2026-04-25 22:06:17.127	6	-43.227	-33.800	-58.280	-4.333	-9.705	-0.61	0.95294	-0.03644	0.02206	-0.29999
2026-04-25 22:06:17.227	6	-43.467	-32.720	-58.747	1.77	-13.855	-13.733	0.95294	-0.03644	0.02206	-0.29999
2026-04-25 22:06:17.616	6	-44.227	-31.320	-58.200	6.47	5.859	18.555	0.95294	-0.03644	0.02206	-0.29999
2026-04-25 22:06:17.946	6	-44.353	-30.747	-57.873	-16.357	1.099	-14.709	0.95294	-0.03644	0.02206	-0.29999
2026-04-25 22:06:18.356	6	-43.653	-30.773	-58.620	8.911	-1.343	-19.226	0.95294	-0.03644	0.02206	-0.29999
2026-04-25 22:06:18.625	6	-42.853	-32.460	-59.333	-13.184	5.493	11.475	0.95294	-0.03644	0.02206	-0.29999
2026-04-25 22:06:18.953	6	-41.380	-35.220	-59.847	23.621	-5.676	15.564	0.95294	-0.03644	0.02206	-0.29999
2026-04-25 22:06:19.561	6	-41.640	-34.887	-60.960	3.052	1.099	-7.935	0.95294	-0.03644	0.02206	-0.29999
2026-04-25 22:06:20.252	6	-41.667	-33.907	-61.627	-1.831	-4.7	18.005	0.95294	-0.03644	0.02206	-0.29999
2026-04-25 22:06:20.484	6	-42.040	-32.533	-61.580	-1.282	4.7	8.606	0.95294	-0.03644	0.02206	-0.29999
2026-04-25 22:06:20.647	6	-42.593	-30.687	-61.353	0	-10.254	-7.019	0.95294	-0.03644	0.02206	-0.29999
2026-04-25 22:06:20.853	6	-42.940	-29.647	-61.247	-8.423	6.531	-4.883	0.95294	-0.03644	0.02206	-0.29999
2026-04-25 22:06:21.449	6	-44.540	-29.720	-60.113	-6.531	-69.519	2.686	0.95294	-0.03644	0.02206	-0.29999
2026-04-25 22:06:21.654	6	-47.313	-29.633	-55.947	-8.423	-105.591	8.667	0.95294	-0.03644	0.02206	-0.29999
2026-04-25 22:06:21.842	6	-50.940	-29.147	-48.767	0.244	-19.348	-0.244	0.95294	-0.03644	0.02206	-0.29999
2026-04-25 22:06:22.046	6	-54.593	-28.700	-40.500	-1.038	-23.865	-0.793	0.95294	-0.03644	0.02206	-0.29999
2026-04-25 22:06:22.258	6	-56.840	-28.047	-32.680	-0.854	-33.63	-0.916	0.95294	-0.03644	0.02206	-0.29999
2026-04-25 22:06:22.464	6	-57.667	-27.787	-25.793	-4.761	-59.387	-0.793	0.95294	-0.03644	0.02206	-0.29999
2026-04-25 22:06:22.652	6	-56.993	-27.733	-19.367	-3.723	-34.607	-1.465	0.95294	-0.03644	0.02206	-0.29999
2026-04-25 22:06:22.859	6	-55.253	-27.800	-13.267	-1.892	-26.001	5.92	0.95294	-0.03644	0.02206	-0.29999
2026-04-25 22:06:23.065	6	-52.993	-28.107	-7.227	6.775	-24.841	-2.075	0.95294	-0.03644	0.02206	-0.29999
2026-04-25 22:06:23.220	6	-50.080	-28.333	-1.840	1.038	-43.152	-6.226	0.95294	-0.03644	0.02206	-0.29999
2026-04-25 22:06:23.455	6	-46.667	-28.473	2.360	1.953	-36.072	-5.127	0.95294	-0.03644	0.02206	-0.29999
2026-04-25 22:06:23.676	6	-42.153	-28.420	6.533	3.784	-54.504	7.263	0.95294	-0.03644	0.02206	-0.29999
2026-04-25 22:06:23.876	6	-35.653	-28.420	6.533	1.099	-59.204	-1.282	0.95294	-0.03644	0.02206	-0.29999
2026-04-25 22:06:24.025	6	-35.653	-28.033	10.547	6.714	-50.415	-2.136	0.95294	-0.03644	0.02206	-0.29999
2026-04-25 22:06:24.187	6	-27.440	-27.520	14.127	2.625	-32.166	-0.061	0.95294	-0.03644	0.02206	-0.29999
2026-04-25 22:06:24.392	6	-14.167	-26.320	17.407	7.202	-9.583	6.531	0.95294	-0.03644	0.02206	-0.29999
2026-04-25 22:06:24.600	6	-6.867	-25.507	18.247	-13.733	-67.078	4.639	0.95294	-0.03644	0.02206	-0.29999
2026-04-25 22:06:24.773	6	-0.380	-25.173	17.760	1.282	-35.583	1.831	0.95294	-0.03644	0.02206	-0.29999
2026-04-25 22:06:24.993	6	5.007	-25.107	16.060	-4.028	-28.931	5.798	0.95294	-0.03644	0.02206	-0.29999
2026-04-25 22:06:25.195	6	10.087	-25.460	13.720	-6.042	-85.938	-1.77	0.95294	-0.03644	0.02206	-0.29999
2026-04-25 22:06:25.408	6	16.147	-26.087	9.193	-4.395	-73.792	6.592	0.95294	-0.03644	0.02206	-0.29999
2026-04-25 22:06:25.584	6	22.073	-26.560	2.713	-0.061	-39.124	1.526	0.95294	-0.03644	0.02206	-0.29999
2026-04-25 22:06:25.804	6	24.907	-26.720	-1.207	8.362	-52.429	-7.629	0.95294	-0.03644	0.02206	-0.29999
2026-04-25 22:06:26.011	6	32.033	-26.720	-1.207	-0.793	-65.186	-11.23	0.95294	-0.03644	0.02206	-0.29999
2026-04-25 22:06:26.072	6	32.033	-27.133	-13.847	-0.488	-33.569	-1.282	0.95294	-0.03644	0.02206	-0.29999
2026-04-25 22:06:26.279	6	34.433	-26.847	-22.873	2.869	-32.776	-0.793	0.95294	-0.03644	0.02206	-0.29999
2026-04-25 22:06:26.485	6	35.020	-26.447	-30.593	-0.122	-53.406	-0.732	0.95294	-0.03644	0.02206	-0.29999
2026-04-25 22:06:26.694	6	33.200	-25.960	-41.487	-24.658	-133.423	19.409	0.95294	-0.03644	0.02206	-0.29999
2026-04-25 22:06:26.834	6	31.887	-25.887	-45.413	2.136	-32.959	-9.766	0.95294	-0.03644	0.02206	-0.29999
2026-04-25 22:06:27.088	6	28.460	-25.900	-52.340	8.118	-35.95	5.676	0.95294	-0.03644	0.02206	-0.29999
2026-04-25 22:06:27.297	6	24.420	-25.800	-58.367	5.859	-12.207	1.282	0.95294	-0.03644	0.02206	-0.29999
2026-04-25 22:06:27.439	6	18.933	-26.047	-64.133	2.747	-50.11	-0.854	0.95294	-0.03644	0.02206	-0.29999
2026-04-25 22:06:27.692	6	12.987	-26.333	-67.773	0.122	-39.856	4.333	0.95294	-0.03644	0.02206	-0.29999
2026-04-25 22:06:27.896	6	2.947	-27.133	-71.693	-2.991	-23.315	-8.728	0.95294	-0.03644	0.02206	-0.29999
2026-04-25 22:06:28.106	6	-0.780	-27.320	-72.833	-6.531	-22.095	5.249	0.95294	-0.03644	0.02206	-0.29999
2026-04-25 22:06:28.262	6	-8.180	-27.773	-73.940	8.606	-72.754	10.498	0.95294	-0.03644	0.02206	-0.29999
2026-04-25 22:06:28.498	6	-16.380	-28.133	-73.427	2.991	-44.8	4.639	0.95294	-0.03644	0.02206	-0.29999
2026-04-25 22:06:28.734	6	-25.180	-28.233	-71.173	-3.052	-99.182	15.259	0.95294	-0.03644	0.02206	-0.29999
2026-04-25 22:06:28.867	6	-34.093	-28.073	-67.307	-0.671	3.845	-0.671	0.95294	-0.03644	0.02206	-0.29999
2026-04-25 22:06:29.109	6	-41.400	-27.847	-63.033	1.038	-44.312	3.174	0.95294	-0.03644	0.02206	-0.29999
2026-04-25 22:06:29.312	6	-46.653	-27.607	-57.947	-1.77	-16.602	-1.831	0.95294	-0.03644	0.02206	-0.29999
2026-04-25 22:06:29.515	6	-50.453	-27.507	-52.927	-5.92	-76.66	5.676	0.95294	-0.03644	0.02206	-0.29999
2026-04-25 22:06:29.752	6	-53.080	-27.507	-47.173	-0.122	-35.4	2.747	0.95294	-0.03644	0.02206	-0.29999
2026-04-25 22:06:29.914	6	-55.513	-27.387	-40.233	-11.353	-45.654	4.883	0.95294	-0.03644	0.02206	-0.29999
2026-04-25 22:06:30.124	6	-56.967	-27.020	-33.093	-17.395	-87.463	-17.7	0.95294	-0.03644	0.02206	-0.29999
2026-04-25 22:06:30.303	6	-56.880	-27.033	-24.167	-2.625	-67.2	-3.052	0.95294	-0.03644	0.02206	-0.29999
2026-04-25 22:06:30.509	6	-54.500	-27.060	-14.420	-16.357	-48.096	1.343	0.95294	-0.03644	0.02206	-0.29999
2026-04-25 22:06:30.723	6	-52.513	-27.107	-9.720	-0.671	-73.242	-11.841	0.95294	-0.03644	0.02206	-0.29999
2026-04-25 22:06:30.927	6	-44.127	-27.007	3.680	13.062	-49.316	10.681	0.95294	-0.03644	0.02206	-0.29999
2026-04-25 22:06:31.057	6	-40.440	-26.747	7.340	-0.488	-56.03	2.686	0.95294	-0.03644	0.02206	-0.29999
2026-04-25 22:06:31.324	6	-28.480	-26.200	14.647	-9.888	-59.753	-7.019	0.95294	-0.03644	0.02206	-0.29999
2026-04-25 22:06:31.524	6	-24.413	-25.873	16.107	-4.395	-75.745	-10.254	0.95294	-0.03644	0.02206	-0.29999
2026-04-25 22:06:31.663	6	-14.380	-25.700	17.600	0.671	-52.429	-5.493	0.95294	-0.03644	0.02206	-0.29999
2026-04-25 22:06:31.916	6	-3.853	-25.660	16.527	3.479	-45.044	-3.235	0.95294	-0.03644	0.02206	-0.29999
2026-04-25 22:06:32.126	6	6.033	-25.373	13.487	-6.653	-78.247	-4.517	0.95294	-0.03644	0.02206	-0.29999
2026-04-25 22:06:32.263	6	16.100	-25.247	8.160	4.578	-105.957	-2.747	0.95294	-0.03644	0.02206	-0.29999
2026-04-25 22:06:32.519	6	24.160	-24.907	-0.407	-1.648	-78.796	-1.16	0.95294	-0.03644	0.02206	-0.29999
2026-04-25 22:06:32.731	6	29.900	-24.773	-9.633	2.563	-13.733	4.272	0.95294	-0.03644	0.02206	-0.29999
2026-04-25 22:06:32.936	6	33.807	-24.747	-19.933	-0.793	-115.295	6.47	0.95294	-0.03644	0.02206	-0.29999
2026-04-25 22:06:33.175	6	35.073	-24.660	-34.240	5.554	-50.964	-0.244	0.95294	-0.03644	0.02206	-0.29999
2026-04-25 22:06:33.332	6	34.100	-24.647	-38.687	18.982	-66.406	7.263	0.95294	-0.03644	0.02206	-0.29999
2026-04-25 22:06:33.536	6	30.947	-24.833	-47.333	-8.301	-59.204	-2.075	0.95294	-0.03644	0.02206	-0.29999
2026-04-25 22:06:33.749	6	28.887	-25.100	-51.240	-9.827	-39.856	2.808	0.95294	-0.03644	0.02206	-0.29999
2026-04-25 22:06:33.984	6	20.107	-25.787	-61.667	9.949	-53.101	0	0.95294	-0.03644	0.02206	-0.29999
2026-04-25 22:06:34.138	6	13.273	-26.533	-66.813	-0.916	-21.301	-3.418	0.95294	-0.03644	0.02206	-0.29999
2026-04-25 22:06:34.347	6	9.947	-27.020	-68.720	-9.521	-57.861	-12.573	0.95294	-0.03644	0.02206	-0.29999
2026-04-25 22:06:34.743	6	-12.500	-28.760	-73.800	-2.808	-70.984	7.446	0.95294	-0.03644	0.02206	-0.29999
2026-04-25 22:06:34.953	6	-20.893	-28.760	-73.800	3.723	-32.043	-1.16	0.95294	-0.03644	0.02206	-0.29999
2026-04-25 22:06:35.097	6	-20.893	-29.087	-72.567	-1.526	-41.138	-2.136	0.95294	-0.03644	0.02206	-0.29999
2026-04-25 22:06:35.187	6	-28.713	-29.087	-72.567	4.944	-57.739	6.165	0.95294	-0.03644	0.02206	-0.29999
2026-04-25 22:06:35.294	6	-28.713	-29.220	-70.307	-1.404	-62.561	10.925	0.95294	-0.03644	0.02206	-0.29999
2026-04-25 22:06:35.456	6	-32.480	-29.447	-68.673	-0.427	-62.378	6.775	0.95294	-0.03644	0.02206	-0.29999
2026-04-25 22:06:35.668	6	-42.327	-29.187	-61.360	-0.61	-47.791	3.967	0.95294	-0.03644	0.02206	-0.29999
2026-04-25 22:06:35.882	6	-44.913	-28.987	-58.373	-1.465	-31.25	-0.366	0.95294	-0.03644	0.02206	-0.29999
2026-04-25 22:06:36.063	6	-52.027	-28.173	-48.573	-11.719	-50.659	5.554	0.95294	-0.03644	0.02206	-0.29999
2026-04-25 22:06:36.276	6	-55.300	-27.433	-41.207	-17.761	-63.538	-4.395	0.95294	-0.03644	0.02206	-0.29999
2026-04-25 22:06:36.473	6	-56.927	-27.247	-33.960	-13.489	-121.765	21.851	0.95294	-0.03644	0.02206	-0.29999
2026-04-25 22:06:37.167	6	-47.900	-27.487	-0.673	-11.047	-44.25	-1.16	0.95294	-0.03644	0.02206	-0.29999
2026-04-25 22:06:37.355	6	-45.093	-27.500	3.300	3.418	-39.368	-1.831	0.95294	-0.03644	0.02206	-0.29999
2026-04-25 22:06:37.764	6	-32.600	-27.720	12.807	6.897	-52.368	1.709	0.95294	-0.03644	0.02206	-0.29999
2026-04-25 22:06:37.905	6	-25.380	-27.607	16.153	-12.329	-70.068	9.033	0.95294	-0.03644	0.02206	-0.29999
2026-04-25 22:06:38.162	6	-17.553	-27.707	17.880	1.526	-56.641	-0.427	0.95294	-0.03644	0.02206	-0.29999
2026-04-25 22:06:38.370	6	-8.313	-28.060	17.420	-1.77	-56.763	2.808	0.95294	-0.03644	0.02206	-0.29999
2026-04-25 22:06:38.585	6	1.147	-28.100	14.773	-6.348	-83.618	-3.235	0.95294	-0.03644	0.02206	-0.29999
2026-04-25 22:06:38.761	6	10.647	-28.207	10.880	7.568	-83.13	-12.268	0.95294	-0.03644	0.02206	-0.29999
2026-04-25 22:06:38.976	6	19.207	-28.300	5.100	-0.977	-62.805	0.305	0.95294	-0.03644	0.02206	-0.29999
2026-04-25 22:06:39.175	6	25.433	-28.200	-1.620	-3.723	-86.426	-1.038	0.95294	-0.03644	0.02206	-0.29999
2026-04-25 22:06:39.304	6	30.247	-28.233	-9.520	-4.517	-43.396	6.653	0.95294	-0.03644	0.02206	-0.29999
2026-04-25 22:06:39.625	6	33.300	-28.233	-18.547	-2.38	-92.896	7.08	0.95294	-0.03644	0.02206	-0.29999
2026-04-25 22:06:39.773	6	34.033	-28.520	-28.860	-17.151	-90.332	-5.127	0.95294	-0.03644	0.02206	-0.29999
2026-04-25 22:06:40.015	6	31.820	-28.473	-40.293	-7.019	-51.88	-10.254	0.95294	-0.03644	0.02206	-0.29999
2026-04-25 22:06:40.114	6	27.620	-28.107	-50.653	16.235	-21.79	-1.77	0.95294	-0.03644	0.02206	-0.29999
2026-04-25 22:06:40.382	6	22.787	-27.707	-59.193	-11.414	-60.425	0.122	0.95294	-0.03644	0.02206	-0.29999
2026-04-25 22:06:40.593	6	16.447	-26.947	-65.673	2.136	-40.649	-1.099	0.95294	-0.03644	0.02206	-0.29999
2026-04-25 22:06:40.798	6	10.707	-26.700	-69.407	8.301	-65.125	-27.527	0.95294	-0.03644	0.02206	-0.29999
2026-04-25 22:06:41.036	6	5.287	-27.087	-71.667	10.742	-62.927	-0.916	0.95294	-0.03644	0.02206	-0.29999
2026-04-25 22:06:41.197	6	-2.193	-27.307	-73.580	5.554	-74.768	3.296	0.95294	-0.03644	0.02206	-0.29999
2026-04-25 22:06:41.395	6	-10.167	-27.307	-73.580	0.122	-37.354	-0.549	0.95294	-0.03644	0.02206	-0.29999
2026-04-25 22:06:41.696	6	-18.627	-28.560	-72.433	-1.404	-38.391	0.732	0.95294	-0.03644	0.02206	-0.29999
2026-04-25 22:06:41.996	6	-31.913	-28.507	-68.560	20.447	-60.791	4.7	0.95294	-0.03644	0.02206	-0.29999
2026-04-25 22:06:42.117	6	-38.900	-28.400	-64.340	-13.306	-29.114	-1.892	0.95294	-0.03644	0.02206	-0.29999
2026-04-25 22:06:42.332	6	-41.693	-28.400	-64.340	-18.494	9.583	8.545	0.95294	-0.03644	0.02206	-0.29999
2026-04-25 22:06:42.420	6	-41.693	-28.400	-62.213	-67.322	9.705	21.912	0.95294	-0.03644	0.02206	-0.29999
2026-04-25 22:06:42.594	6	-48.693	-26.173	-56.253	-52.673	0.61	7.568	0.95294	-0.03644	0.02206	-0.29999
2026-04-25 22:06:42.809	6	-49.800	-22.320	-54.433	-34.729	3.052	13.062	0.95294	-0.03644	0.02206	-0.29999
2026-04-25 22:06:42.997	6	-50.213	-15.907	-53.180	-73.242	-40.649	-16.785	0.95294	-0.03644	0.02206	-0.29999
2026-04-25 22:06:43.206	6	-50.400	-12.247	-51.747	-64.819	-7.385	14.343	0.95294	-0.03644	0.02206	-0.29999
2026-04-25 22:06:43.405	6	-50.780	-5.200	-47.500	-74.585	-1.404	10.315	0.95294	-0.03644	0.02206	-0.29999
2026-04-25 22:06:43.532	6	-50.853	-2.033	-45.000	-94.971	8.789	2.502	0.95294	-0.03644	0.02206	-0.29999
2026-04-25 22:06:43.801	6	-51.093	4.813	-35.560	4.028	6.165	0.305	0.95294	-0.03644	0.02206	-0.29999
2026-04-25 22:06:44.005	6	-51.167	5.400	-34.353	0.916	12.024	8.789	0.95294	-0.03644	0.02206	-0.29999
2026-04-25 22:06:44.227	6	-51.253	5.913	-33.000	-2.686	-1.038	-13.733	0.95294	-0.03644	0.02206	-0.29999
2026-04-25 22:06:44.852	6	-51.667	4.967	-34.193	-2.808	-1.221	-2.869	0.95294	-0.03644	0.02206	-0.29999
2026-04-25 22:06:45.415	6	-52.140	3.467	-34.233	-9.216	0.916	-22.278	0.95294	-0.03644	0.02206	-0.29999
2026-04-25 22:06:45.638	6	-53.400	0.540	-34.233	-6.226	1.038	-62.5	0.95294	-0.03644	0.02206	-0.29999
2026-04-25 22:06:45.811	6	-55.127	-4.233	-34.140	-2.258	3.479	-46.753	0.95294	-0.03644	0.02206	-0.29999
2026-04-25 22:06:46.026	6	-56.627	-4.233	-33.887	3.418	0.732	-44.312	0.95294	-0.03644	0.02206	-0.29999
2026-04-25 22:06:46.141	6	-56.627	-11.020	-33.593	6.897	-0.732	-74.829	0.95294	-0.03644	0.02206	-0.29999
2026-04-25 22:06:46.349	6	-57.093	-19.500	-33.613	-1.587	5.554	-110.107	0.95294	-0.03644	0.02206	-0.29999
2026-04-25 22:06:46.565	6	-53.440	-19.500	-33.613	-7.507	-2.563	-53.345	0.95294	-0.03644	0.02206	-0.29999
2026-04-25 22:06:46.648	6	-53.440	-34.760	-33.593	-8.362	-6.836	-31.372	0.95294	-0.03644	0.02206	-0.29999
2026-04-25 22:06:46.950	6	-46.027	-48.660	-34.020	-2.686	-0.793	-69.031	0.95294	-0.03644	0.02206	-0.29999
2026-04-25 22:06:47.154	6	-39.300	-55.660	-34.300	0.488	-2.197	-48.828	0.95294	-0.03644	0.02206	-0.29999
2026-04-25 22:06:47.252	6	-32.553	-60.247	-34.867	-4.822	1.709	-38.147	0.95294	-0.03644	0.02206	-0.29999
2026-04-25 22:06:47.556	6	-25.867	-62.833	-35.320	17.761	-22.339	-134.399	0.95294	-0.03644	0.02206	-0.29999
2026-04-25 22:06:47.754	6	-16.953	-64.300	-35.293	9.338	-15.625	-88.135	0.95294	-0.03644	0.02206	-0.29999
2026-04-25 22:06:47.856	6	-11.953	-64.220	-35.193	5.188	-2.808	-113.22	0.95294	-0.03644	0.02206	-0.29999
2026-04-25 22:06:48.144	6	4.700	-59.873	-35.113	-4.089	7.446	-56.458	0.95294	-0.03644	0.02206	-0.29999
2026-04-25 22:06:48.565	6	24.800	-45.760	-34.560	1.892	7.568	-55.237	0.95294	-0.03644	0.02206	-0.29999
2026-04-25 22:06:48.655	6	28.087	-41.287	-34.540	-12.024	-6.042	-137.695	0.95294	-0.03644	0.02206	-0.29999
2026-04-25 22:06:48.962	6	34.000	-25.900	-34.313	-0.183	-6.897	-48.889	0.95294	-0.03644	0.02206	-0.29999
2026-04-25 22:06:49.163	6	34.907	-16.633	-34.673	4.883	-8.301	-43.518	0.95294	-0.03644	0.02206	-0.29999
2026-04-25 22:06:49.388	6	33.887	-6.700	-35.060	-13.428	15.137	-107.666	0.95294	-0.03644	0.02206	-0.29999
2026-04-25 22:06:49.562	6	30.147	2.927	-35.260	-2.136	-6.226	-45.593	0.95294	-0.03644	0.02206	-0.29999
2026-04-25 22:06:49.768	6	23.760	2.927	-35.260	-9.399	-8.179	-67.444	0.95294	-0.03644	0.02206	-0.29999
2026-04-25 22:06:49.867	6	23.760	11.293	-34.760	-2.93	-1.953	-50.903	0.95294	-0.03644	0.02206	-0.29999
2026-04-25 22:06:49.985	6	15.060	11.293	-34.760	0.854	-2.136	-38.757	0.95294	-0.03644	0.02206	-0.29999
2026-04-25 22:06:50.094	6	15.060	19.040	-33.660	-2.014	-6.348	-49.683	0.95294	-0.03644	0.02206	-0.29999
2026-04-25 22:06:50.257	6	5.287	24.840	-32.467	-4.517	1.16	-122.192	0.95294	-0.03644	0.02206	-0.29999
2026-04-25 22:06:50.465	6	-12.713	24.840	-32.467	0.244	2.441	-24.475	0.95294	-0.03644	0.02206	-0.29999
2026-04-25 22:06:50.604	6	-12.713	26.780	-30.640	-0.061	-3.479	14.099	0.95294	-0.03644	0.02206	-0.29999
2026-04-25 22:06:50.683	6	-23.253	26.780	-30.640	8.423	-1.343	-4.028	0.95294	-0.03644	0.02206	-0.29999
2026-04-25 22:06:50.797	6	-23.253	25.080	-30.047	24.658	-5.615	-14.954	0.95294	-0.03644	0.02206	-0.29999
2026-04-25 22:06:50.911	6	-35.693	20.827	-30.113	9.033	14.221	-104.797	0.95294	-0.03644	0.02206	-0.29999
2026-04-25 22:06:51.266	6	-40.980	17.113	-30.740	7.202	-4.395	-64.514	0.95294	-0.03644	0.02206	-0.29999
2026-04-25 22:06:51.565	6	-47.300	9.540	-31.187	0.427	-14.221	-21.24	0.95294	-0.03644	0.02206	-0.29999
2026-04-25 22:06:51.720	6	-51.967	2.227	-30.687	-9.46	14.832	-26.489	0.95294	-0.03644	0.02206	-0.29999
2026-04-25 22:06:51.987	6	-56.793	-9.200	-29.193	-16.724	12.756	-127.38	0.95294	-0.03644	0.02206	-0.29999
2026-04-25 22:06:52.267	6	-57.393	-18.687	-28.773	-7.812	1.221	-71.899	0.95294	-0.03644	0.02206	-0.29999
2026-04-25 22:06:52.466	6	-54.993	-29.373	-29.100	-6.226	-8.057	-35.278	0.95294	-0.03644	0.02206	-0.29999
2026-04-25 22:06:52.688	6	-50.940	-40.173	-29.933	-6.897	1.221	-24.719	0.95294	-0.03644	0.02206	-0.29999
2026-04-25 22:06:52.862	6	-43.413	-40.173	-29.933	-5.005	-2.991	-32.837	0.95294	-0.03644	0.02206	-0.29999
2026-04-25 22:06:53.003	6	-43.413	-53.287	-31.267	-4.822	5.31	-19.958	0.95294	-0.03644	0.02206	-0.29999
2026-04-25 22:06:53.089	6	-38.780	-53.287	-31.267	-13.611	15.991	-21.545	0.95294	-0.03644	0.02206	-0.29999
2026-04-25 22:06:53.191	6	-38.780	-57.487	-31.907	1.465	-0.183	-36.682	0.95294	-0.03644	0.02206	-0.29999
2026-04-25 22:06:53.316	6	-36.853	-57.487	-31.907	-3.235	3.235	-52.429	0.95294	-0.03644	0.02206	-0.29999
2026-04-25 22:06:53.398	6	-36.853	-58.787	-32.407	-11.658	7.812	-41.992	0.95294	-0.03644	0.02206	-0.29999
2026-04-25 22:06:53.610	6	-30.193	-61.947	-33.787	-2.93	4.395	-33.997	0.95294	-0.03644	0.02206	-0.29999
2026-04-25 22:06:53.885	6	-21.493	-64.300	-35.313	-5.615	-7.141	-11.475	0.95294	-0.03644	0.02206	-0.29999
2026-04-25 22:06:54.092	6	-11.593	-64.860	-36.987	-2.747	-4.089	-57.739	0.95294	-0.03644	0.02206	-0.29999
2026-04-25 22:06:54.265	6	-7.600	-64.273	-37.093	-5.92	-6.409	-93.811	0.95294	-0.03644	0.02206	-0.29999
2026-04-25 22:06:54.481	6	0.833	-64.273	-37.093	-0.977	15.076	-79.773	0.95294	-0.03644	0.02206	-0.29999
2026-04-25 22:06:54.618	6	0.833	-62.207	-38.120	2.686	0.977	-48.279	0.95294	-0.03644	0.02206	-0.29999
2026-04-25 22:06:54.697	6	13.100	-56.187	-38.580	3.357	2.136	-22.339	0.95294	-0.03644	0.02206	-0.29999
2026-04-25 22:06:55.083	6	24.087	-46.747	-37.900	-2.625	-4.333	-46.387	0.95294	-0.03644	0.02206	-0.29999
2026-04-25 22:06:55.289	6	26.907	-42.947	-37.547	-0.122	-3.662	-43.518	0.95294	-0.03644	0.02206	-0.29999
2026-04-25 22:06:55.495	6	32.620	-29.233	-37.833	-0.366	-10.315	-81.726	0.95294	-0.03644	0.02206	-0.29999
2026-04-25 22:06:55.684	6	34.007	-29.233	-37.833	-4.333	5.798	-58.96	0.95294	-0.03644	0.02206	-0.29999
2026-04-25 22:06:55.807	6	34.007	-19.387	-38.347	-2.441	4.395	-76.05	0.95294	-0.03644	0.02206	-0.29999
2026-04-25 22:06:55.976	6	33.233	-9.473	-39.133	-3.54	7.996	-92.59	0.95294	-0.03644	0.02206	-0.29999
2026-04-25 22:06:56.121	6	29.820	0.453	-39.287	2.075	5.798	-58.655	0.95294	-0.03644	0.02206	-0.29999
2026-04-25 22:06:56.426	6	22.433	12.100	-38.587	1.587	0.854	-13	0.95294	-0.03644	0.02206	-0.29999
2026-04-25 22:06:56.610	6	19.873	15.193	-38.440	6.287	-0.732	-33.875	0.95294	-0.03644	0.02206	-0.29999
2026-04-25 22:06:56.821	6	14.900	15.193	-38.440	-4.028	5.188	-57.922	0.95294	-0.03644	0.02206	-0.29999
2026-04-25 22:06:56.913	6	14.900	20.140	-37.907	-4.028	5.188	-57.922	0.95294	-0.03644	0.02206	-0.29999
2026-04-25 22:06:57.038	6	7.133	24.380	-37.547	3.296	-1.465	-62.988	0.95294	-0.03644	0.02206	-0.29999
2026-04-25 22:06:57.420	6	-3.767	26.727	-37.360	1.16	0.732	-62.195	0.95294	-0.03644	0.02206	-0.29999
2026-04-25 22:06:57.626	6	-13.153	26.813	-37.293	3.174	3.113	-83.496	0.95294	-0.03644	0.02206	-0.29999
2026-04-25 22:06:57.741	6	-23.093	24.513	-37.173	-1.526	-0.244	-55.786	0.95294	-0.03644	0.02206	-0.29999
2026-04-25 22:06:57.904	6	-33.127	24.513	-37.173	1.892	-2.258	-49.255	0.95294	-0.03644	0.02206	-0.29999
2026-04-25 22:06:58.043	6	-33.127	20.193	-37.260	0.671	-7.629	-54.81	0.95294	-0.03644	0.02206	-0.29999
2026-04-25 22:06:58.119	6	-41.113	20.193	-37.260	3.296	-8.85	-68.848	0.95294	-0.03644	0.02206	-0.29999
2026-04-25 22:06:58.251	6	-41.113	14.693	-37.073	2.075	-6.714	-29.175	0.95294	-0.03644	0.02206	-0.29999
2026-04-25 22:06:58.435	6	-47.567	8.300	-36.667	-2.686	-8.85	-14.832	0.95294	-0.03644	0.02206	-0.29999
2026-04-25 22:06:58.530	6	-51.900	2.567	-36.100	1.16	3.113	-18.616	0.95294	-0.03644	0.02206	-0.29999
2026-04-25 22:06:58.929	6	-55.640	-5.600	-35.287	18.677	-13.184	-88.562	0.95294	-0.03644	0.02206	-0.29999
2026-04-25 22:06:59.122	6	-56.653	-13.960	-35.007	-2.075	2.197	-47.424	0.95294	-0.03644	0.02206	-0.29999
2026-04-25 22:06:59.429	6	-56.080	-23.673	-34.680	-3.845	4.883	-28.259	0.95294	-0.03644	0.02206	-0.29999
2026-04-25 22:06:59.854	6	-48.013	-47.747	-35.013	0.061	-0.732	-2.625	0.95294	-0.03644	0.02206	-0.29999
2026-04-25 22:07:00.038	6	-43.480	-53.087	-35.700	-3.113	-3.174	-39.795	0.95294	-0.03644	0.02206	-0.29999
2026-04-25 22:07:00.169	6	-38.900	-53.087	-35.700	-7.019	2.563	-41.565	0.95294	-0.03644	0.02206	-0.29999
2026-04-25 22:07:00.282	6	-38.900	-56.660	-36.213	-1.709	2.258	-26.123	0.95294	-0.03644	0.02206	-0.29999
2026-04-25 22:07:00.469	6	-34.567	-59.500	-36.500	1.77	-5.127	-51.147	0.95294	-0.03644	0.02206	-0.29999
2026-04-25 22:07:00.721	6	-27.267	-62.700	-36.600	2.136	-3.418	-51.086	0.95294	-0.03644	0.02206	-0.29999
2026-04-25 22:07:00.935	6	-21.380	-63.907	-36.727	1.465	-4.517	-59.631	0.95294	-0.03644	0.02206	-0.29999
2026-04-25 22:07:01.157	6	-13.927	-63.907	-36.727	3.296	-4.578	-67.017	0.95294	-0.03644	0.02206	-0.29999
2026-04-25 22:07:01.646	6	8.087	-59.433	-36.400	-3.113	4.333	-38.574	0.95294	-0.03644	0.02206	-0.29999
2026-04-25 22:07:01.835	6	16.147	-59.433	-36.400	0.183	5.249	-31.738	0.95294	-0.03644	0.02206	-0.29999
2026-04-25 22:07:02.051	6	16.147	-54.747	-36.440	3.174	6.226	-44.861	0.95294	-0.03644	0.02206	-0.29999
2026-04-25 22:07:02.255	6	27.200	-54.747	-36.440	0	-1.587	-29.602	0.95294	-0.03644	0.02206	-0.29999
2026-04-25 22:07:02.442	6	27.200	-44.187	-35.600	0.854	-2.197	-14.587	0.95294	-0.03644	0.02206	-0.29999
2026-04-25 22:07:02.660	6	32.420	-44.187	-35.600	2.319	-3.906	-25.94	0.95294	-0.03644	0.02206	-0.29999
2026-04-25 22:07:02.842	6	32.420	-35.560	-35.113	-6.836	-6.47	-42.053	0.95294	-0.03644	0.02206	-0.29999
2026-04-25 22:07:03.085	6	34.773	-35.560	-35.113	-5.432	2.502	-56.763	0.95294	-0.03644	0.02206	-0.29999
2026-04-25 22:07:03.229	6	34.773	-23.733	-35.847	1.526	4.089	-44.922	0.95294	-0.03644	0.02206	-0.29999
2026-04-25 22:07:03.455	6	33.607	-6.973	-35.780	3.235	6.226	-56.03	0.95294	-0.03644	0.02206	-0.29999
2026-04-25 22:07:03.962	6	26.673	8.993	-34.667	11.414	-0.366	-60.547	0.95294	-0.03644	0.02206	-0.29999
2026-04-25 22:07:04.139	6	17.960	8.993	-34.667	14.587	14.832	-84.656	0.95294	-0.03644	0.02206	-0.29999
2026-04-25 22:07:04.402	6	17.960	18.153	-34.207	-0.366	-2.93	-51.819	0.95294	-0.03644	0.02206	-0.29999
2026-04-25 22:07:04.765	6	1.220	25.727	-35.020	0.183	3.967	-46.082	0.95294	-0.03644	0.02206	-0.29999
2026-04-25 22:07:04.986	6	-14.013	27.040	-35.527	3.601	0.427	-40.771	0.95294	-0.03644	0.02206	-0.29999
2026-04-25 22:07:05.497	6	-35.780	19.827	-36.593	10.132	-6.958	-0.488	0.95294	-0.03644	0.02206	-0.29999
2026-04-25 22:07:05.783	6	-43.667	19.827	-36.593	0.488	-0.244	0.61	0.95294	-0.03644	0.02206	-0.29999
2026-04-25 22:07:05.961	6	-43.667	13.300	-37.560	4.15	-4.7	7.141	0.95294	-0.03644	0.02206	-0.29999
2026-04-25 22:07:06.199	6	-46.680	10.200	-38.067	3.235	-6.042	9.888	0.95294	-0.03644	0.02206	-0.29999
2026-04-25 22:07:06.499	6	-47.853	8.727	-38.587	3.479	-45.532	7.69	0.95294	-0.03644	0.02206	-0.29999
2026-04-25 22:07:06.784	6	-46.453	10.667	-36.960	-15.747	-72.571	19.043	0.95294	-0.03644	0.02206	-0.29999
2026-04-25 22:07:07.085	6	-45.853	11.653	-33.900	-24.658	-70.19	-1.404	0.95294	-0.03644	0.02206	-0.29999
2026-04-25 22:07:07.401	6	-42.713	12.453	-20.100	15.808	-85.999	-25.94	0.95294	-0.03644	0.02206	-0.29999
2026-04-25 22:07:07.588	6	-39.880	12.453	-20.100	20.63	-109.314	-104.248	0.95294	-0.03644	0.02206	-0.29999
2026-04-25 22:07:07.779	6	-39.880	11.667	-11.427	12.207	-130.066	-4.944	0.95294	-0.03644	0.02206	-0.29999
2026-04-25 22:07:08.132	6	-21.813	11.240	2.847	-30.457	38.025	37.598	0.95294	-0.03644	0.02206	-0.29999
2026-04-25 22:07:08.385	6	-10.640	13.380	3.980	-22.339	-9.155	10.681	0.95294	-0.03644	0.02206	-0.29999
2026-04-25 22:07:08.595	6	-6.100	13.380	3.980	2.319	-25.94	6.531	0.95294	-0.03644	0.02206	-0.29999
2026-04-25 22:07:08.877	6	-6.100	14.213	3.800	1.526	-9.399	-16.052	0.95294	-0.03644	0.02206	-0.29999
2026-04-25 22:07:09.305	6	-3.340	11.640	6.747	15.259	0.916	-10.376	0.95294	-0.03644	0.02206	-0.29999
2026-04-25 22:07:09.897	6	-3.980	11.840	7.193	-3.174	3.235	2.991	0.95294	-0.03644	0.02206	-0.29999
2026-04-25 22:07:10.387	6	-4.240	12.480	6.440	-4.639	5.31	0.549	0.95294	-0.03644	0.02206	-0.29999
2026-04-25 22:07:10.799	6	-4.280	12.953	5.680	-0.671	-1.343	-5.005	0.95294	-0.03644	0.02206	-0.29999
2026-04-25 22:07:11.401	6	-5.253	13.167	5.540	1.953	0.244	0.977	0.95294	-0.03644	0.02206	-0.29999
