PCTime	MagType	HX	HY	HZ	AsX	AsY	AsZ	Q0	Q1	Q2	Q3
2026-04-25 16:17:43.196	6	9.913	37.840	21.773	-4.272	-10.864	-3.296	0.7262	-0.63889	0.17682	-0.18198
2026-04-25 16:17:43.244	6	9.913	37.840	21.773	-5.737	-3.784	0.977	0.7262	-0.63889	0.17682	-0.18198
2026-04-25 16:17:43.387	6	9.913	37.840	21.773	-11.047	7.935	12.268	0.7262	-0.63889	0.17682	-0.18198
2026-04-25 16:17:43.499	6	9.913	37.840	21.773	-4.211	0.305	3.845	0.7262	-0.63889	0.17682	-0.18198
2026-04-25 16:17:43.577	6	9.913	37.840	21.773	-5.676	0.916	17.334	0.7262	-0.63889	0.17682	-0.18198
2026-04-25 16:17:43.688	6	9.913	37.840	21.773	-8.484	1.77	13.062	0.7262	-0.63889	0.17682	-0.18198
2026-04-25 16:17:44.601	6	-1.967	37.840	21.773	-15.991	40.283	36.072	0.7262	-0.63889	0.17682	-0.18198
2026-04-25 16:17:44.983	6	-1.967	63.953	3.980	33.875	16.663	-4.272	0.7262	-0.63889	0.17682	-0.18198
2026-04-25 16:17:45.500	6	-10.040	67.320	3.180	37.048	17.883	39.49	0.7262	-0.63889	0.17682	-0.18198
2026-04-25 16:17:46.261	6	-10.653	66.393	6.340	-2.991	4.578	-2.869	0.7262	-0.63889	0.17682	-0.18198
2026-04-25 16:17:46.716	6	-11.653	66.607	6.080	7.935	7.263	28.442	0.7262	-0.63889	0.17682	-0.18198
2026-04-25 16:17:47.415	6	-10.093	66.580	6.013	-16.846	-6.897	5.737	0.7262	-0.63889	0.17682	-0.18198
2026-04-25 16:17:47.814	6	-9.240	66.967	5.667	8.545	5.798	-23.376	0.7262	-0.63889	0.17682	-0.18198
2026-04-25 16:17:48.290	6	-8.827	65.507	7.340	-2.686	1.831	-17.334	0.7262	-0.63889	0.17682	-0.18198
2026-04-25 16:17:48.808	6	-8.680	63.140	10.813	-1.038	-0.122	-9.644	0.7262	-0.63889	0.17682	-0.18198
2026-04-25 16:17:49.309	6	-7.900	58.300	16.100	1.77	0.305	-18.921	0.7262	-0.63889	0.17682	-0.18198
2026-04-25 16:17:49.750	6	-7.880	54.333	19.513	1.526	-0.793	-10.498	0.7262	-0.63889	0.17682	-0.18198
2026-04-25 16:17:50.429	6	-7.240	45.480	24.027	4.15	2.686	-6.348	0.7262	-0.63889	0.17682	-0.18198
2026-04-25 16:17:50.838	6	-7.093	43.667	24.853	-5.005	0.61	-16.663	0.7262	-0.63889	0.17682	-0.18198
2026-04-25 16:17:51.023	6	-7.313	40.507	25.793	-2.136	0.122	-13.367	0.7262	-0.63889	0.17682	-0.18198
2026-04-25 16:17:51.327	6	-7.740	36.887	26.713	-2.808	5.676	-10.986	0.7262	-0.63889	0.17682	-0.18198
2026-04-25 16:17:51.622	6	-8.413	32.960	27.240	-1.16	-0.305	-9.094	0.7262	-0.63889	0.17682	-0.18198
2026-04-25 16:17:52.131	6	-9.213	27.153	27.667	1.892	1.709	-4.639	0.7262	-0.63889	0.17682	-0.18198
2026-04-25 16:17:52.660	6	-9.193	24.673	27.593	-2.502	0.977	-15.93	0.7262	-0.63889	0.17682	-0.18198
2026-04-25 16:17:53.039	6	-9.227	16.913	26.013	5.737	1.099	-26.245	0.7262	-0.63889	0.17682	-0.18198
2026-04-25 16:17:53.465	6	-8.927	10.160	23.427	5.615	6.348	-8.728	0.7262	-0.63889	0.17682	-0.18198
2026-04-25 16:17:54.084	6	-8.193	3.407	19.593	-9.888	0.61	-17.395	0.7262	-0.63889	0.17682	-0.18198
2026-04-25 16:17:54.566	6	-8.053	-3.613	13.967	1.526	-1.648	-8.179	0.7262	-0.63889	0.17682	-0.18198
2026-04-25 16:17:54.968	6	-8.453	-8.453	8.493	2.136	2.747	-23.621	0.7262	-0.63889	0.17682	-0.18198
2026-04-25 16:17:55.459	6	-8.753	-11.387	4.413	-2.991	-2.075	-16.296	0.7262	-0.63889	0.17682	-0.18198
2026-04-25 16:17:55.960	6	-8.953	-14.953	-3.333	7.629	3.845	-25.269	0.7262	-0.63889	0.17682	-0.18198
2026-04-25 16:17:56.498	6	-9.940	-16.873	-12.187	11.841	3.113	-18.555	0.7262	-0.63889	0.17682	-0.18198
2026-04-25 16:17:57.265	6	-8.313	-15.140	-31.073	-2.991	0.61	-24.292	0.7262	-0.63889	0.17682	-0.18198
2026-04-25 16:17:57.783	6	-8.627	-13.200	-35.960	1.221	-0.061	-33.142	0.7262	-0.63889	0.17682	-0.18198
2026-04-25 16:17:58.283	6	-9.567	-2.420	-51.847	-7.751	-5.737	-47.913	0.7262	-0.63889	0.17682	-0.18198
2026-04-25 16:17:58.971	6	-9.367	7.340	-58.420	-2.869	-0.916	-33.752	0.7262	-0.63889	0.17682	-0.18198
2026-04-25 16:17:59.437	6	-9.027	12.640	-60.547	3.967	-3.113	-49.011	0.7262	-0.63889	0.17682	-0.18198
2026-04-25 16:17:59.972	6	-9.767	28.860	-63.020	0.183	6.592	-46.082	0.7262	-0.63889	0.17682	-0.18198
2026-04-25 16:18:00.736	6	-10.427	51.480	-56.860	-4.7	-2.197	-10.193	0.7262	-0.63889	0.17682	-0.18198
2026-04-25 16:18:01.183	6	-10.313	59.173	-51.333	7.141	-7.69	-59.875	0.7262	-0.63889	0.17682	-0.18198
2026-04-25 16:18:01.709	6	-10.393	68.247	-38.420	-2.136	-4.7	-19.714	0.7262	-0.63889	0.17682	-0.18198
2026-04-25 16:18:02.333	6	-10.080	72.427	-27.520	-4.639	-3.418	-13.672	0.7262	-0.63889	0.17682	-0.18198
2026-04-25 16:18:02.758	6	-9.967	73.600	-16.647	0	0.977	-8.484	0.7262	-0.63889	0.17682	-0.18198
2026-04-25 16:18:03.259	6	-10.280	72.053	-6.420	0.183	3.113	-35.034	0.7262	-0.63889	0.17682	-0.18198
2026-04-25 16:18:03.784	6	-10.627	68.493	3.240	-7.629	-1.587	-37.17	0.7262	-0.63889	0.17682	-0.18198
2026-04-25 16:18:04.281	6	-8.513	68.493	3.240	2.991	-1.343	-34.912	0.7262	-0.63889	0.17682	-0.18198
2026-04-25 16:18:04.654	6	-8.513	53.827	19.353	6.042	-11.475	-32.349	0.7262	-0.63889	0.17682	-0.18198
2026-04-25 16:18:05.229	6	-7.040	37.993	26.253	-0.549	4.456	-27.832	0.7262	-0.63889	0.17682	-0.18198
2026-04-25 16:18:05.758	6	-7.813	19.107	26.567	-1.648	-1.465	-13.428	0.7262	-0.63889	0.17682	-0.18198
2026-04-25 16:18:06.354	6	-7.967	7.687	26.567	0.183	-0.61	-6.714	0.7262	-0.63889	0.17682	-0.18198
2026-04-25 16:18:06.774	6	-7.967	7.687	22.793	11.719	-5.554	-25.513	0.7262	-0.63889	0.17682	-0.18198
2026-04-25 16:18:07.435	6	-8.593	-9.747	6.580	-4.517	1.77	-33.325	0.7262	-0.63889	0.17682	-0.18198
2026-04-25 16:18:08.151	6	-10.153	-15.587	-6.720	5.249	13.245	-71.533	0.7262	-0.63889	0.17682	-0.18198
2026-04-25 16:18:08.770	6	-10.540	-16.173	-14.073	1.892	-1.16	-30.334	0.7262	-0.63889	0.17682	-0.18198
2026-04-25 16:18:09.181	6	-10.680	-15.360	-30.287	4.395	-4.578	-29.175	0.7262	-0.63889	0.17682	-0.18198
2026-04-25 16:18:09.960	6	-11.327	-9.380	-43.533	2.686	5.615	-15.076	0.7262	-0.63889	0.17682	-0.18198
2026-04-25 16:18:10.629	6	-11.853	-6.627	-47.287	2.563	3.601	-50.476	0.7262	-0.63889	0.17682	-0.18198
2026-04-25 16:18:11.096	6	-12.053	6.647	-57.773	5.798	1.77	-34.485	0.7262	-0.63889	0.17682	-0.18198
2026-04-25 16:18:11.792	6	-10.700	22.220	-63.547	4.822	7.324	-19.287	0.7262	-0.63889	0.17682	-0.18198
2026-04-25 16:18:12.375	6	-10.313	26.347	-64.000	4.761	2.93	-53.528	0.7262	-0.63889	0.17682	-0.18198
2026-04-25 16:18:12.990	6	-8.300	50.453	-57.620	-2.869	0.122	-20.691	0.7262	-0.63889	0.17682	-0.18198
2026-04-25 16:18:13.515	6	-8.740	60.013	-50.920	-1.465	-12.329	-59.509	0.7262	-0.63889	0.17682	-0.18198
2026-04-25 16:18:14.263	6	-10.813	72.153	-28.120	-2.93	-4.089	-45.166	0.7262	-0.63889	0.17682	-0.18198
2026-04-25 16:18:15.000	6	-10.740	73.387	-10.007	-2.808	0.488	-24.841	0.7262	-0.63889	0.17682	-0.18198
2026-04-25 16:18:15.602	6	-9.580	69.280	2.100	-1.465	-6.592	-18.188	0.7262	-0.63889	0.17682	-0.18198
2026-04-25 16:18:16.226	6	-9.380	66.000	7.793	-0.122	-0.488	-51.27	0.7262	-0.63889	0.17682	-0.18198
2026-04-25 16:18:16.848	6	-10.353	48.273	21.913	14.343	1.831	-48.584	0.7262	-0.63889	0.17682	-0.18198
2026-04-25 16:18:17.867	6	-9.867	18.380	25.880	15.747	-16.052	-86.243	0.7262	-0.63889	0.17682	-0.18198
2026-04-25 16:18:18.516	6	-9.153	7.280	21.353	-27.1	-3.357	-136.841	0.7262	-0.63889	0.17682	-0.18198
2026-04-25 16:18:18.872	6	-8.100	7.280	21.353	-7.996	2.258	-68.42	0.7262	-0.63889	0.17682	-0.18198
2026-04-25 16:18:18.979	6	-8.100	-10.953	3.780	8.667	6.409	-68.665	0.7262	-0.63889	0.17682	-0.18198
2026-04-25 16:18:20.044	6	-7.440	-13.253	-37.220	-0.061	-7.141	-37.903	0.7262	-0.63889	0.17682	-0.18198
2026-04-25 16:18:20.462	6	-7.440	-10.033	-43.133	-2.197	-1.099	-58.655	0.7262	-0.63889	0.17682	-0.18198
2026-04-25 16:18:20.879	6	-8.153	2.907	-54.173	7.874	-9.155	-55.969	0.7262	-0.63889	0.17682	-0.18198
2026-04-25 16:18:21.445	6	-10.280	33.500	-62.020	-4.944	8.362	-39.551	0.7262	-0.63889	0.17682	-0.18198
2026-04-25 16:18:22.036	6	-10.813	52.753	-56.207	-2.075	0.183	-23.621	0.7262	-0.63889	0.17682	-0.18198
2026-04-25 16:18:22.482	6	-10.000	60.247	-50.533	7.751	4.883	-73.486	0.7262	-0.63889	0.17682	-0.18198
2026-04-25 16:18:23.139	6	-10.280	70.087	-35.533	-4.761	-12.695	-24.902	0.7262	-0.63889	0.17682	-0.18198
2026-04-25 16:18:23.474	6	-11.053	72.507	-26.773	-0.977	-2.136	-19.958	0.7262	-0.63889	0.17682	-0.18198
2026-04-25 16:18:23.981	6	-10.853	73.513	-15.533	-5.127	-1.16	-9.338	0.7262	-0.63889	0.17682	-0.18198
2026-04-25 16:18:24.701	6	-8.453	67.320	5.780	1.648	-8.789	-12.146	0.7262	-0.63889	0.17682	-0.18198
2026-04-25 16:18:25.085	6	-7.993	65.520	9.027	6.531	20.63	7.446	0.7262	-0.63889	0.17682	-0.18198
2026-04-25 16:18:25.589	6	-11.253	65.813	8.140	-24.048	120.056	-28.076	0.7262	-0.63889	0.17682	-0.18198
2026-04-25 16:18:26.098	6	-21.940	65.680	4.640	-1.709	55.176	10.315	0.7262	-0.63889	0.17682	-0.18198
2026-04-25 16:18:26.394	6	-34.153	65.680	4.640	-29.541	44.434	33.142	0.7262	-0.63889	0.17682	-0.18198
2026-04-25 16:18:26.731	6	-34.153	63.960	-2.260	-2.686	7.629	-4.211	0.7262	-0.63889	0.17682	-0.18198
2026-04-25 16:18:27.059	6	-38.853	63.960	-2.260	9.766	3.967	-10.681	0.7262	-0.63889	0.17682	-0.18198
2026-04-25 16:18:27.425	6	-38.853	64.900	-14.800	0.854	0.122	-1.038	0.7262	-0.63889	0.17682	-0.18198
2026-04-25 16:18:27.912	6	-39.800	64.720	-16.187	17.09	-4.333	-4.272	0.7262	-0.63889	0.17682	-0.18198
2026-04-25 16:18:28.496	6	-47.340	56.720	-16.073	36.255	0.061	25.33	0.7262	-0.63889	0.17682	-0.18198
2026-04-25 16:18:29.143	6	-51.080	51.367	-15.573	39.307	2.075	-1.099	0.7262	-0.63889	0.17682	-0.18198
2026-04-25 16:18:29.822	6	-57.500	30.347	-16.200	31.128	10.803	-6.775	0.7262	-0.63889	0.17682	-0.18198
2026-04-25 16:18:30.380	6	-54.693	11.347	-16.747	30.151	1.404	-1.587	0.7262	-0.63889	0.17682	-0.18198
2026-04-25 16:18:30.693	6	-52.440	11.347	-16.747	27.954	-2.136	-1.038	0.7262	-0.63889	0.17682	-0.18198
2026-04-25 16:18:31.067	6	-52.440	7.013	-16.907	12.329	7.324	7.507	0.7262	-0.63889	0.17682	-0.18198
2026-04-25 16:18:31.402	6	-41.467	-6.640	-16.907	42.725	1.343	-2.808	0.7262	-0.63889	0.17682	-0.18198
2026-04-25 16:18:32.008	6	-24.240	-15.600	-16.600	60.181	-6.409	11.536	0.7262	-0.63889	0.17682	-0.18198
2026-04-25 16:18:32.526	6	-12.893	-16.873	-16.673	37.476	0.916	-3.967	0.7262	-0.63889	0.17682	-0.18198
2026-04-25 16:18:33.150	6	21.807	-16.873	-16.673	95.032	-4.211	-1.892	0.7262	-0.63889	0.17682	-0.18198
2026-04-25 16:18:33.443	6	21.807	-2.700	-16.560	42.114	0.122	-1.099	0.7262	-0.63889	0.17682	-0.18198
2026-04-25 16:18:33.956	6	32.347	15.527	-15.260	39.368	4.517	0.549	0.7262	-0.63889	0.17682	-0.18198
2026-04-25 16:18:34.554	6	34.107	36.453	-14.560	17.761	-2.075	-8.85	0.7262	-0.63889	0.17682	-0.18198
2026-04-25 16:18:35.340	6	32.133	44.267	-14.947	20.142	-0.977	0.549	0.7262	-0.63889	0.17682	-0.18198
2026-04-25 16:18:35.863	6	20.707	61.353	-15.273	29.663	-2.563	-6.714	0.7262	-0.63889	0.17682	-0.18198
2026-04-25 16:18:36.495	6	-3.313	73.180	-15.307	49.744	-4.517	0.122	0.7262	-0.63889	0.17682	-0.18198
2026-04-25 16:18:36.881	6	-18.893	73.220	-16.207	24.109	-0.183	2.38	0.7262	-0.63889	0.17682	-0.18198
2026-04-25 16:18:37.604	6	-31.580	68.987	-16.347	79.102	20.569	23.621	0.7262	-0.63889	0.17682	-0.18198
2026-04-25 16:18:38.147	6	-51.753	50.147	-16.347	27.771	-3.235	6.958	0.7262	-0.63889	0.17682	-0.18198
2026-04-25 16:18:38.573	6	-53.413	47.093	-15.673	39.734	5.005	-0.671	0.7262	-0.63889	0.17682	-0.18198
2026-04-25 16:18:39.043	6	-57.867	32.453	-17.073	50.903	-3.845	6.714	0.7262	-0.63889	0.17682	-0.18198
2026-04-25 16:18:39.480	6	-56.627	16.720	-17.420	74.707	-5.371	11.536	0.7262	-0.63889	0.17682	-0.18198
2026-04-25 16:18:39.979	6	-51.180	4.120	-16.773	34.607	-7.141	-0.488	0.7262	-0.63889	0.17682	-0.18198
2026-04-25 16:18:40.492	6	-36.580	-10.847	-16.707	54.871	-2.991	-10.559	0.7262	-0.63889	0.17682	-0.18198
2026-04-25 16:18:40.978	6	-8.953	-10.847	-16.707	17.09	0.183	0.671	0.7262	-0.63889	0.17682	-0.18198
2026-04-25 16:18:41.282	6	-8.953	-18.073	-16.600	24.597	5.432	-2.014	0.7262	-0.63889	0.17682	-0.18198
2026-04-25 16:18:41.623	6	4.760	-15.020	-15.973	39.185	-4.761	7.935	0.7262	-0.63889	0.17682	-0.18198
2026-04-25 16:18:41.878	6	19.087	-15.020	-15.973	26.978	2.441	6.592	0.7262	-0.63889	0.17682	-0.18198
2026-04-25 16:18:42.283	6	19.087	-6.027	-14.020	66.528	-5.432	-3.235	0.7262	-0.63889	0.17682	-0.18198
2026-04-25 16:18:42.739	6	32.487	14.420	-13.607	47.668	-10.437	-6.775	0.7262	-0.63889	0.17682	-0.18198
2026-04-25 16:18:43.306	6	34.773	33.753	-15.200	49.927	5.432	-11.658	0.7262	-0.63889	0.17682	-0.18198
2026-04-25 16:18:43.892	6	22.900	59.007	-16.407	48.645	-1.404	3.174	0.7262	-0.63889	0.17682	-0.18198
2026-04-25 16:18:44.334	6	12.333	67.647	-16.733	57.129	-5.188	-0.549	0.7262	-0.63889	0.17682	-0.18198
2026-04-25 16:18:44.952	6	-10.880	73.973	-17.947	3.723	6.775	-5.432	0.7262	-0.63889	0.17682	-0.18198
2026-04-25 16:18:45.450	6	-31.753	69.480	-18.520	100.281	1.526	-8.789	0.7262	-0.63889	0.17682	-0.18198
2026-04-25 16:18:45.868	6	-49.167	52.747	-17.287	32.776	-1.221	8.362	0.7262	-0.63889	0.17682	-0.18198
2026-04-25 16:18:46.559	6	-57.267	24.407	-18.347	62.5	5.737	20.691	0.7262	-0.63889	0.17682	-0.18198
2026-04-25 16:18:46.958	6	-52.353	8.120	-19.333	173.95	13.062	-6.409	0.7262	-0.63889	0.17682	-0.18198
2026-04-25 16:18:47.674	6	-32.640	-11.313	-19.607	29.602	-7.568	-6.958	0.7262	-0.63889	0.17682	-0.18198
2026-04-25 16:18:48.456	6	7.420	-12.840	-18.333	62.988	2.563	9.216	0.7262	-0.63889	0.17682	-0.18198
2026-04-25 16:18:48.870	6	18.773	-5.847	-18.333	66.406	3.479	-7.446	0.7262	-0.63889	0.17682	-0.18198
2026-04-25 16:18:49.169	6	18.773	-5.847	-16.700	28.076	-0.122	0.305	0.7262	-0.63889	0.17682	-0.18198
2026-04-25 16:18:49.521	6	33.833	-5.847	-16.700	62.683	9.888	0.671	0.7262	-0.63889	0.17682	-0.18198
2026-04-25 16:18:49.870	6	33.833	19.967	-14.960	22.583	-4.944	2.563	0.7262	-0.63889	0.17682	-0.18198
2026-04-25 16:18:50.255	6	31.960	43.980	-16.033	29.419	12.39	-6.775	0.7262	-0.63889	0.17682	-0.18198
2026-04-25 16:18:50.965	6	12.760	66.320	-17.573	75.256	-6.531	1.587	0.7262	-0.63889	0.17682	-0.18198
2026-04-25 16:18:51.538	6	-17.027	73.440	-18.260	35.278	7.385	10.01	0.7262	-0.63889	0.17682	-0.18198
2026-04-25 16:18:51.885	6	-24.467	72.247	-18.647	44.8	1.099	-3.54	0.7262	-0.63889	0.17682	-0.18198
2026-04-25 16:18:52.357	6	-35.613	67.287	-18.860	36.926	-0.122	1.343	0.7262	-0.63889	0.17682	-0.18198
2026-04-25 16:18:52.914	6	-48.353	54.440	-18.233	36.072	5.92	-0.427	0.7262	-0.63889	0.17682	-0.18198
2026-04-25 16:18:53.587	6	-56.980	22.440	-20.047	37.17	7.935	-2.441	0.7262	-0.63889	0.17682	-0.18198
2026-04-25 16:18:53.817	6	-54.267	11.687	-20.873	3.601	-1.282	-8.24	0.7262	-0.63889	0.17682	-0.18198
2026-04-25 16:18:54.082	6	-51.653	11.687	-20.873	86.792	2.563	3.357	0.7262	-0.63889	0.17682	-0.18198
2026-04-25 16:18:54.145	6	-51.653	5.560	-20.833	107.788	2.319	-5.859	0.7262	-0.63889	0.17682	-0.18198
2026-04-25 16:18:54.354	6	-43.967	-3.407	-20.120	52.612	2.197	-6.348	0.7262	-0.63889	0.17682	-0.18198
2026-04-25 16:18:54.561	6	-32.567	-3.407	-20.120	44.922	3.54	1.587	0.7262	-0.63889	0.17682	-0.18198
2026-04-25 16:18:55.004	6	-18.853	-16.267	-19.787	41.138	-0.549	-1.038	0.7262	-0.63889	0.17682	-0.18198
2026-04-25 16:18:55.162	6	-10.293	-16.953	-19.920	61.157	2.075	-2.563	0.7262	-0.63889	0.17682	-0.18198
2026-04-25 16:18:55.385	6	-1.827	-15.673	-19.860	39.185	-1.404	11.169	0.7262	-0.63889	0.17682	-0.18198
2026-04-25 16:18:55.565	6	6.507	-13.113	-19.620	39.124	7.874	3.235	0.7262	-0.63889	0.17682	-0.18198
2026-04-25 16:18:55.769	6	14.787	-8.220	-19.107	129.517	-0.122	-8.484	0.7262	-0.63889	0.17682	-0.18198
2026-04-25 16:18:55.970	6	22.447	-0.520	-18.500	26.123	-0.732	16.846	0.7262	-0.63889	0.17682	-0.18198
2026-04-25 16:18:56.183	6	28.500	9.453	-17.907	55.603	2.991	4.883	0.7262	-0.63889	0.17682	-0.18198
2026-04-25 16:18:56.479	6	33.160	26.967	-17.507	92.468	7.263	-11.414	0.7262	-0.63889	0.17682	-0.18198
2026-04-25 16:18:56.798	6	31.247	43.840	-17.547	33.875	27.466	-4.761	0.7262	-0.63889	0.17682	-0.18198
2026-04-25 16:18:57.343	6	23.600	43.840	-17.547	86.243	-7.751	4.883	0.7262	-0.63889	0.17682	-0.18198
2026-04-25 16:18:57.509	6	23.600	57.420	-16.847	48.767	3.601	5.31	0.7262	-0.63889	0.17682	-0.18198
2026-04-25 16:18:57.704	6	-4.813	57.420	-16.847	30.884	0.244	-0.427	0.7262	-0.63889	0.17682	-0.18198
2026-04-25 16:18:57.776	6	-4.813	72.847	-16.207	-25.757	-0.305	-1.709	0.7262	-0.63889	0.17682	-0.18198
2026-04-25 16:18:58.191	6	-19.680	73.580	-17.107	31.799	12.878	-2.319	0.7262	-0.63889	0.17682	-0.18198
2026-04-25 16:18:58.428	6	-27.553	73.580	-17.107	24.597	3.479	-3.357	0.7262	-0.63889	0.17682	-0.18198
2026-04-25 16:18:58.596	6	-27.553	71.400	-17.320	13.916	-1.526	2.808	0.7262	-0.63889	0.17682	-0.18198
2026-04-25 16:18:58.920	6	-37.313	66.007	-16.447	-13.062	-7.629	-16.907	0.7262	-0.63889	0.17682	-0.18198
2026-04-25 16:18:59.090	6	-38.900	66.007	-16.447	18.677	-10.01	-41.382	0.7262	-0.63889	0.17682	-0.18198
2026-04-25 16:18:59.506	6	-40.200	59.333	-6.287	-4.089	29.053	-20.752	0.7262	-0.63889	0.17682	-0.18198
2026-04-25 16:18:59.715	6	-40.627	54.773	-2.607	-5.981	-5.31	-6.104	0.7262	-0.63889	0.17682	-0.18198
2026-04-25 16:18:59.909	6	-42.893	39.167	7.613	-0.793	9.216	1.465	0.7262	-0.63889	0.17682	-0.18198
2026-04-25 16:19:00.113	6	-44.880	29.267	11.567	-1.709	17.761	-5.31	0.7262	-0.63889	0.17682	-0.18198
2026-04-25 16:19:00.315	6	-46.540	23.007	11.113	-0.427	31.067	-13.428	0.7262	-0.63889	0.17682	-0.18198
2026-04-25 16:19:00.531	6	-48.900	23.007	11.113	-4.333	30.823	-14.526	0.7262	-0.63889	0.17682	-0.18198
2026-04-25 16:19:00.654	6	-48.900	22.140	8.280	10.01	63.416	4.761	0.7262	-0.63889	0.17682	-0.18198
2026-04-25 16:19:00.809	6	-50.893	21.667	4.400	-2.136	49.377	-1.648	0.7262	-0.63889	0.17682	-0.18198
2026-04-25 16:19:01.007	6	-53.167	21.473	-1.260	-4.639	42.725	-6.897	0.7262	-0.63889	0.17682	-0.18198
2026-04-25 16:19:01.227	6	-55.427	21.433	-8.060	-6.836	26.367	-2.991	0.7262	-0.63889	0.17682	-0.18198
2026-04-25 16:19:01.403	6	-56.253	21.580	-11.360	-7.324	25.696	1.038	0.7262	-0.63889	0.17682	-0.18198
2026-04-25 16:19:01.613	6	-57.127	22.780	-21.587	-6.836	59.509	10.62	0.7262	-0.63889	0.17682	-0.18198
2026-04-25 16:19:01.819	6	-56.453	23.613	-27.900	4.333	23.499	3.601	0.7262	-0.63889	0.17682	-0.18198
2026-04-25 16:19:02.055	6	-54.553	23.867	-34.160	7.08	53.04	16.113	0.7262	-0.63889	0.17682	-0.18198
2026-04-25 16:19:02.213	6	-52.127	23.253	-40.107	-4.211	39.368	-10.193	0.7262	-0.63889	0.17682	-0.18198
2026-04-25 16:19:02.421	6	-49.080	22.840	-45.120	-0.183	40.771	-4.333	0.7262	-0.63889	0.17682	-0.18198
2026-04-25 16:19:02.653	6	-45.127	22.373	-49.920	0.732	43.64	2.808	0.7262	-0.63889	0.17682	-0.18198
2026-04-25 16:19:02.823	6	-40.853	22.193	-54.073	16.052	38.269	0.61	0.7262	-0.63889	0.17682	-0.18198
2026-04-25 16:19:03.017	6	-35.640	22.667	-57.687	17.822	52.246	-0.305	0.7262	-0.63889	0.17682	-0.18198
2026-04-25 16:19:03.237	6	-30.080	22.487	-60.520	3.906	12.512	-5.432	0.7262	-0.63889	0.17682	-0.18198
2026-04-25 16:19:03.424	6	-25.400	22.347	-62.260	2.808	29.602	4.395	0.7262	-0.63889	0.17682	-0.18198
2026-04-25 16:19:03.617	6	-21.380	22.233	-63.260	-2.014	18.25	5.066	0.7262	-0.63889	0.17682	-0.18198
2026-04-25 16:19:03.825	6	-18.053	21.913	-63.707	5.188	11.536	5.005	0.7262	-0.63889	0.17682	-0.18198
2026-04-25 16:19:04.038	6	-14.913	21.913	-63.707	-0.427	13.855	-6.348	0.7262	-0.63889	0.17682	-0.18198
2026-04-25 16:19:04.332	6	-8.193	22.053	-63.833	-1.282	19.47	-6.775	0.7262	-0.63889	0.17682	-0.18198
2026-04-25 16:19:04.478	6	-5.193	22.180	-63.233	-2.441	63.171	-3.174	0.7262	-0.63889	0.17682	-0.18198
2026-04-25 16:19:04.755	6	5.333	22.580	-60.047	-0.488	28.564	-1.404	0.7262	-0.63889	0.17682	-0.18198
2026-04-25 16:19:04.880	6	8.720	22.627	-58.347	-10.742	72.754	0.427	0.7262	-0.63889	0.17682	-0.18198
2026-04-25 16:19:05.155	6	15.960	22.620	-53.273	3.357	41.748	-3.235	0.7262	-0.63889	0.17682	-0.18198
2026-04-25 16:19:05.305	6	25.300	22.620	-53.273	6.592	49.194	-3.052	0.7262	-0.63889	0.17682	-0.18198
2026-04-25 16:19:05.454	6	25.300	22.960	-43.300	4.272	35.034	1.953	0.7262	-0.63889	0.17682	-0.18198
2026-04-25 16:19:05.630	6	31.487	24.260	-32.987	-4.211	50.232	-0.61	0.7262	-0.63889	0.17682	-0.18198
2026-04-25 16:19:05.844	6	33.073	24.793	-29.600	-0.793	81.055	-4.822	0.7262	-0.63889	0.17682	-0.18198
2026-04-25 16:19:06.046	6	34.307	25.107	-23.020	7.507	51.697	-6.714	0.7262	-0.63889	0.17682	-0.18198
2026-04-25 16:19:06.187	6	34.360	25.727	-15.887	-2.197	26.428	-2.625	0.7262	-0.63889	0.17682	-0.18198
2026-04-25 16:19:06.556	6	32.500	26.113	-4.847	-3.113	13.855	-3.662	0.7262	-0.63889	0.17682	-0.18198
2026-04-25 16:19:06.778	6	29.933	26.000	2.213	3.54	17.09	-2.319	0.7262	-0.63889	0.17682	-0.18198
2026-04-25 16:19:06.945	6	26.333	25.873	8.453	-4.272	45.593	2.686	0.7262	-0.63889	0.17682	-0.18198
2026-04-25 16:19:07.099	6	20.800	25.567	14.580	-5.737	141.724	3.906	0.7262	-0.63889	0.17682	-0.18198
2026-04-25 16:19:07.371	6	14.233	25.287	19.667	-17.761	45.898	7.446	0.7262	-0.63889	0.17682	-0.18198
2026-04-25 16:19:07.582	6	7.360	25.493	23.680	3.784	54.626	-3.113	0.7262	-0.63889	0.17682	-0.18198
2026-04-25 16:19:07.755	6	0.033	25.833	26.567	-9.949	3.723	-3.113	0.7262	-0.63889	0.17682	-0.18198
2026-04-25 16:19:07.976	6	-6.613	25.673	27.593	6.836	48.462	-12.451	0.7262	-0.63889	0.17682	-0.18198
2026-04-25 16:19:08.179	6	-13.167	25.113	27.413	14.771	41.077	-12.939	0.7262	-0.63889	0.17682	-0.18198
2026-04-25 16:19:08.388	6	-20.867	23.833	26.027	-3.357	19.897	3.845	0.7262	-0.63889	0.17682	-0.18198
2026-04-25 16:19:08.566	6	-28.740	22.893	23.000	0.061	15.137	-0.183	0.7262	-0.63889	0.17682	-0.18198
2026-04-25 16:19:08.716	6	-35.900	22.367	19.240	-4.944	47.302	-0.854	0.7262	-0.63889	0.17682	-0.18198
2026-04-25 16:19:08.986	6	-41.700	22.460	15.167	0.732	26.428	-0.061	0.7262	-0.63889	0.17682	-0.18198
2026-04-25 16:19:09.260	6	-47.327	23.187	9.500	3.967	23.315	-0.122	0.7262	-0.63889	0.17682	-0.18198
2026-04-25 16:19:09.463	6	-49.913	23.187	9.500	-4.089	75.5	0.061	0.7262	-0.63889	0.17682	-0.18198
2026-04-25 16:19:09.651	6	-49.913	23.120	5.793	-4.272	25.085	-3.967	0.7262	-0.63889	0.17682	-0.18198
2026-04-25 16:19:09.652	6	-52.327	23.120	5.793	-4.272	25.085	-3.967	0.7262	-0.63889	0.17682	-0.18198
2026-04-25 16:19:09.810	6	-52.327	23.347	0.827	-5.371	44.678	-4.517	0.7262	-0.63889	0.17682	-0.18198
2026-04-25 16:19:10.192	6	-56.540	24.047	-11.760	4.15	36.377	3.967	0.7262	-0.63889	0.17682	-0.18198
2026-04-25 16:19:10.395	6	-57.027	24.640	-16.907	1.648	29.297	0.732	0.7262	-0.63889	0.17682	-0.18198
2026-04-25 16:19:10.577	6	-57.027	24.820	-19.407	1.404	45.105	1.038	0.7262	-0.63889	0.17682	-0.18198
2026-04-25 16:19:10.709	6	-56.367	25.213	-25.260	-7.69	10.254	-5.127	0.7262	-0.63889	0.17682	-0.18198
2026-04-25 16:19:10.996	6	-55.253	25.233	-31.073	7.507	16.785	0.122	0.7262	-0.63889	0.17682	-0.18198
2026-04-25 16:19:11.134	6	-53.553	24.707	-36.233	-2.075	18.616	8.057	0.7262	-0.63889	0.17682	-0.18198
2026-04-25 16:19:11.386	6	-50.993	23.707	-42.073	-2.38	16.174	-7.69	0.7262	-0.63889	0.17682	-0.18198
2026-04-25 16:19:11.685	6	-48.627	23.340	-45.707	-0.488	49.255	4.211	0.7262	-0.63889	0.17682	-0.18198
2026-04-25 16:19:11.816	6	-45.280	23.393	-49.400	3.174	26.855	2.441	0.7262	-0.63889	0.17682	-0.18198
2026-04-25 16:19:12.086	6	-41.640	23.933	-53.007	11.841	83.618	-6.409	0.7262	-0.63889	0.17682	-0.18198
2026-04-25 16:19:12.284	6	-36.953	24.220	-56.487	7.568	15.442	-7.263	0.7262	-0.63889	0.17682	-0.18198
2026-04-25 16:19:12.527	6	-31.680	24.407	-59.260	-16.052	23.315	-9.521	0.7262	-0.63889	0.17682	-0.18198
2026-04-25 16:19:12.736	6	-26.140	24.687	-61.247	-10.498	44.006	6.836	0.7262	-0.63889	0.17682	-0.18198
2026-04-25 16:19:12.897	6	-19.980	25.200	-62.687	-7.69	37.781	0.793	0.7262	-0.63889	0.17682	-0.18198
2026-04-25 16:19:13.106	6	-14.027	25.200	-62.687	-12.085	42.114	1.587	0.7262	-0.63889	0.17682	-0.18198
2026-04-25 16:19:13.280	6	-5.040	25.367	-63.500	-7.996	30.273	1.465	0.7262	-0.63889	0.17682	-0.18198
2026-04-25 16:19:13.497	6	0.347	25.367	-62.960	-8.728	34.424	10.62	0.7262	-0.63889	0.17682	-0.18198
2026-04-25 16:19:13.643	6	0.347	24.693	-61.660	3.418	50.049	-2.869	0.7262	-0.63889	0.17682	-0.18198
2026-04-25 16:19:13.879	6	10.507	23.753	-56.273	-6.409	16.968	-0.488	0.7262	-0.63889	0.17682	-0.18198
2026-04-25 16:19:14.145	6	16.933	23.340	-51.487	-3.906	6.531	-3.357	0.7262	-0.63889	0.17682	-0.18198
2026-04-25 16:19:14.305	6	22.707	23.213	-45.760	2.38	64.819	10.681	0.7262	-0.63889	0.17682	-0.18198
2026-04-25 16:19:14.511	6	27.600	23.213	-45.760	7.935	19.653	-2.136	0.7262	-0.63889	0.17682	-0.18198
2026-04-25 16:19:14.656	6	27.600	23.593	-39.873	0	58.472	0.061	0.7262	-0.63889	0.17682	-0.18198
2026-04-25 16:19:14.815	6	30.187	23.773	-35.160	17.822	46.448	-8.118	0.7262	-0.63889	0.17682	-0.18198
2026-04-25 16:19:15.025	6	32.860	24.307	-27.347	3.052	31.006	-8.24	0.7262	-0.63889	0.17682	-0.18198
2026-04-25 16:19:15.345	6	33.820	24.967	-22.000	0.061	14.465	-7.202	0.7262	-0.63889	0.17682	-0.18198
2026-04-25 16:19:15.585	6	34.300	25.047	-16.160	-2.808	108.521	17.273	0.7262	-0.63889	0.17682	-0.18198
2026-04-25 16:19:15.750	6	33.833	25.680	-10.147	2.319	32.959	11.047	0.7262	-0.63889	0.17682	-0.18198
2026-04-25 16:19:15.928	6	30.900	26.073	-0.700	1.648	81.909	-2.197	0.7262	-0.63889	0.17682	-0.18198
2026-04-25 16:19:16.103	6	26.833	26.613	6.253	8.667	42.664	-4.578	0.7262	-0.63889	0.17682	-0.18198
2026-04-25 16:19:16.439	6	21.500	27.013	13.167	2.441	102.417	2.563	0.7262	-0.63889	0.17682	-0.18198
2026-04-25 16:19:16.636	6	13.007	27.013	13.167	-15.259	64.575	14.526	0.7262	-0.63889	0.17682	-0.18198
2026-04-25 16:19:16.751	6	13.007	27.447	20.500	-0.854	39.612	6.592	0.7262	-0.63889	0.17682	-0.18198
2026-04-25 16:19:16.964	6	6.760	27.347	23.793	-0.244	10.193	7.69	0.7262	-0.63889	0.17682	-0.18198
2026-04-25 16:19:17.120	6	-1.867	27.547	26.313	9.583	60.364	-9.644	0.7262	-0.63889	0.17682	-0.18198
2026-04-25 16:19:17.324	6	-5.313	27.347	26.813	3.784	32.593	1.16	0.7262	-0.63889	0.17682	-0.18198
2026-04-25 16:19:17.565	6	-11.800	27.200	26.980	9.46	32.959	-7.324	0.7262	-0.63889	0.17682	-0.18198
2026-04-25 16:19:17.723	6	-18.580	26.220	26.113	-1.282	51.331	5.554	0.7262	-0.63889	0.17682	-0.18198
2026-04-25 16:19:17.933	6	-26.040	25.240	23.680	-4.089	45.349	-0.366	0.7262	-0.63889	0.17682	-0.18198
2026-04-25 16:19:18.115	6	-29.667	24.707	22.100	1.953	28.381	-1.587	0.7262	-0.63889	0.17682	-0.18198
2026-04-25 16:19:18.374	6	-39.653	23.520	15.927	-9.949	32.776	-8.911	0.7262	-0.63889	0.17682	-0.18198
2026-04-25 16:19:18.533	6	-44.940	23.527	10.980	-4.883	44.067	-8.484	0.7262	-0.63889	0.17682	-0.18198
2026-04-25 16:19:18.855	6	-52.913	23.240	-1.620	2.808	42.603	-4.028	0.7262	-0.63889	0.17682	-0.18198
2026-04-25 16:19:19.247	6	-54.813	22.860	-7.387	1.038	44.189	-2.502	0.7262	-0.63889	0.17682	-0.18198
2026-04-25 16:19:19.462	6	-55.993	22.680	-12.733	-5.676	58.716	17.639	0.7262	-0.63889	0.17682	-0.18198
2026-04-25 16:19:19.635	6	-56.480	22.407	-18.307	2.075	58.777	4.517	0.7262	-0.63889	0.17682	-0.18198
2026-04-25 16:19:19.795	6	-56.353	22.567	-24.487	-4.883	20.386	0.732	0.7262	-0.63889	0.17682	-0.18198
2026-04-25 16:19:20.060	6	-55.127	22.500	-30.060	11.047	26.917	1.892	0.7262	-0.63889	0.17682	-0.18198
2026-04-25 16:19:20.266	6	-51.253	22.847	-39.820	0.366	14.404	1.648	0.7262	-0.63889	0.17682	-0.18198
2026-04-25 16:19:20.534	6	-48.027	22.907	-45.307	-5.066	18.677	1.16	0.7262	-0.63889	0.17682	-0.18198
2026-04-25 16:19:20.745	6	-44.680	23.080	-49.720	22.949	20.691	8.728	0.7262	-0.63889	0.17682	-0.18198
2026-04-25 16:19:20.872	6	-42.653	23.027	-51.807	2.197	49.194	-4.089	0.7262	-0.63889	0.17682	-0.18198
2026-04-25 16:19:21.194	6	-35.800	23.040	-56.560	-12.024	56.396	2.869	0.7262	-0.63889	0.17682	-0.18198
2026-04-25 16:19:21.354	6	-29.640	23.087	-59.273	-4.456	44.312	5.493	0.7262	-0.63889	0.17682	-0.18198
2026-04-25 16:19:21.554	6	-22.193	23.087	-59.273	-11.108	38.208	0.732	0.7262	-0.63889	0.17682	-0.18198
2026-04-25 16:19:21.706	6	-22.193	22.947	-61.560	-0.183	25.513	1.16	0.7262	-0.63889	0.17682	-0.18198
2026-04-25 16:19:21.855	6	-15.067	22.733	-62.587	-6.409	57.007	3.967	0.7262	-0.63889	0.17682	-0.18198
2026-04-25 16:19:21.984	6	-7.667	22.413	-62.460	16.663	167.786	-8.85	0.7262	-0.63889	0.17682	-0.18198
2026-04-25 16:19:22.277	6	5.120	21.733	-58.073	5.249	44.189	2.869	0.7262	-0.63889	0.17682	-0.18198
2026-04-25 16:19:22.392	6	9.160	21.733	-58.073	8.545	-16.968	-6.653	0.7262	-0.63889	0.17682	-0.18198
2026-04-25 16:19:22.499	6	9.160	21.720	-55.833	-27.771	67.078	6.592	0.7262	-0.63889	0.17682	-0.18198
2026-04-25 16:19:22.622	6	16.200	21.720	-55.833	-7.202	34.302	8.484	0.7262	-0.63889	0.17682	-0.18198
2026-04-25 16:19:22.698	6	16.200	21.607	-51.607	-7.751	33.142	5.737	0.7262	-0.63889	0.17682	-0.18198
2026-04-25 16:19:22.884	6	22.100	21.253	-46.720	-3.967	23.376	-3.845	0.7262	-0.63889	0.17682	-0.18198
2026-04-25 16:19:23.149	6	27.460	21.300	-38.520	8.789	47.424	7.385	0.7262	-0.63889	0.17682	-0.18198
2026-04-25 16:19:23.359	6	30.260	21.447	-32.247	3.235	14.526	0	0.7262	-0.63889	0.17682	-0.18198
2026-04-25 16:19:23.574	6	32.420	21.447	-32.247	-7.751	62.5	-4.517	0.7262	-0.63889	0.17682	-0.18198
2026-04-25 16:19:23.709	6	32.420	21.953	-24.300	-3.906	50.11	-11.78	0.7262	-0.63889	0.17682	-0.18198
2026-04-25 16:19:23.867	6	32.807	22.500	-12.133	-5.066	115.234	9.766	0.7262	-0.63889	0.17682	-0.18198
2026-04-25 16:19:24.007	6	30.300	22.253	-3.120	3.174	48.096	12.024	0.7262	-0.63889	0.17682	-0.18198
2026-04-25 16:19:24.287	6	26.673	22.313	5.113	3.113	37.17	-6.409	0.7262	-0.63889	0.17682	-0.18198
2026-04-25 16:19:24.494	6	21.947	22.320	12.213	7.507	12.39	4.089	0.7262	-0.63889	0.17682	-0.18198
2026-04-25 16:19:24.605	6	16.820	22.487	17.627	0.305	22.644	4.333	0.7262	-0.63889	0.17682	-0.18198
2026-04-25 16:19:24.770	6	12.000	22.487	17.627	-4.333	23.865	7.385	0.7262	-0.63889	0.17682	-0.18198
2026-04-25 16:19:24.910	6	12.000	22.893	20.993	-5.432	28.687	4.456	0.7262	-0.63889	0.17682	-0.18198
2026-04-25 16:19:25.098	6	4.687	22.893	20.993	4.822	38.086	-5.554	0.7262	-0.63889	0.17682	-0.18198
2026-04-25 16:19:25.219	6	4.687	23.027	24.467	7.141	72.937	-3.54	0.7262	-0.63889	0.17682	-0.18198
2026-04-25 16:19:25.425	6	-1.000	23.187	26.027	-1.953	58.655	-4.15	0.7262	-0.63889	0.17682	-0.18198
2026-04-25 16:19:25.577	6	-6.927	23.260	26.793	-17.761	42.358	19.714	0.7262	-0.63889	0.17682	-0.18198
2026-04-25 16:19:25.795	6	-12.167	23.260	26.793	0.244	31.555	7.385	0.7262	-0.63889	0.17682	-0.18198
2026-04-25 16:19:26.085	6	-24.053	23.407	25.340	-4.639	29.48	0	0.7262	-0.63889	0.17682	-0.18198
2026-04-25 16:19:26.505	6	-30.327	23.933	22.093	-6.287	50.354	-2.869	0.7262	-0.63889	0.17682	-0.18198
2026-04-25 16:19:26.625	6	-34.093	24.013	19.767	-1.099	1.221	0.854	0.7262	-0.63889	0.17682	-0.18198
2026-04-25 16:19:26.777	6	-40.927	24.013	19.767	4.272	20.874	3.906	0.7262	-0.63889	0.17682	-0.18198
2026-04-25 16:19:26.915	6	-40.927	24.307	14.413	0.916	6.042	1.587	0.7262	-0.63889	0.17682	-0.18198
2026-04-25 16:19:27.054	6	-46.853	24.307	14.413	0	31.128	9.155	0.7262	-0.63889	0.17682	-0.18198
2026-04-25 16:19:27.124	6	-46.853	24.060	8.800	-2.808	75.989	-1.892	0.7262	-0.63889	0.17682	-0.18198
2026-04-25 16:19:27.328	6	-52.493	24.220	0.580	1.221	42.725	-2.747	0.7262	-0.63889	0.17682	-0.18198
2026-04-25 16:19:27.503	6	-54.413	24.353	-5.047	5.31	55.115	6.531	0.7262	-0.63889	0.17682	-0.18198
2026-04-25 16:19:27.703	6	-55.780	24.073	-12.260	4.944	36.865	-1.221	0.7262	-0.63889	0.17682	-0.18198
2026-04-25 16:19:27.927	6	-56.340	23.400	-20.500	21.24	7.324	-4.639	0.7262	-0.63889	0.17682	-0.18198
2026-04-25 16:19:28.189	6	-55.667	22.560	-27.973	-4.883	39.001	3.845	0.7262	-0.63889	0.17682	-0.18198
2026-04-25 16:19:28.403	6	-52.800	22.267	-37.907	12.39	-0.061	12.207	0.7262	-0.63889	0.17682	-0.18198
2026-04-25 16:19:28.604	6	-50.693	22.267	-37.907	0.366	31.738	-7.324	0.7262	-0.63889	0.17682	-0.18198
2026-04-25 16:19:28.745	6	-50.693	21.987	-41.933	-9.644	28.748	-9.827	0.7262	-0.63889	0.17682	-0.18198
2026-04-25 16:19:28.904	6	-48.540	22.400	-45.547	6.226	10.132	5.249	0.7262	-0.63889	0.17682	-0.18198
2026-04-25 16:19:29.129	6	-46.253	22.807	-48.547	-0.427	-0.061	-2.625	0.7262	-0.63889	0.17682	-0.18198
2026-04-25 16:19:29.322	6	-43.667	22.780	-51.187	-3.662	20.02	4.089	0.7262	-0.63889	0.17682	-0.18198
2026-04-25 16:19:29.504	6	-39.993	23.787	-54.107	2.625	20.691	19.348	0.7262	-0.63889	0.17682	-0.18198
2026-04-25 16:19:29.637	6	-35.967	23.927	-56.833	15.808	42.236	2.502	0.7262	-0.63889	0.17682	-0.18198
2026-04-25 16:19:29.926	6	-30.940	23.833	-59.373	6.287	45.044	11.169	0.7262	-0.63889	0.17682	-0.18198
2026-04-25 16:19:30.146	6	-23.040	23.833	-59.373	6.836	37.231	-2.808	0.7262	-0.63889	0.17682	-0.18198
2026-04-25 16:19:30.242	6	-23.040	23.660	-61.920	-1.892	5.31	-4.822	0.7262	-0.63889	0.17682	-0.18198
2026-04-25 16:19:30.415	6	-17.913	23.487	-62.987	-11.169	61.829	9.705	0.7262	-0.63889	0.17682	-0.18198
2026-04-25 16:19:30.626	6	-13.240	23.487	-62.987	-5.249	3.845	10.986	0.7262	-0.63889	0.17682	-0.18198
2026-04-25 16:19:30.824	6	-7.040	23.573	-63.360	-6.226	32.043	2.014	0.7262	-0.63889	0.17682	-0.18198
2026-04-25 16:19:31.019	6	-3.193	23.633	-63.160	0.488	23.682	6.958	0.7262	-0.63889	0.17682	-0.18198
2026-04-25 16:19:31.148	6	-3.193	23.240	-62.420	-60.364	120.3	33.264	0.7262	-0.63889	0.17682	-0.18198
2026-04-25 16:19:31.253	6	1.560	23.240	-62.420	8.423	75.623	-1.831	0.7262	-0.63889	0.17682	-0.18198
2026-04-25 16:19:31.372	6	1.560	22.720	-61.020	5.188	38.879	2.258	0.7262	-0.63889	0.17682	-0.18198
2026-04-25 16:19:31.551	6	7.547	22.427	-58.207	-6.592	28.931	2.136	0.7262	-0.63889	0.17682	-0.18198
2026-04-25 16:19:31.734	6	13.660	22.427	-58.207	-22.461	213.562	22.278	0.7262	-0.63889	0.17682	-0.18198
2026-04-25 16:19:31.870	6	13.660	22.187	-54.647	10.315	70.19	8.118	0.7262	-0.63889	0.17682	-0.18198
2026-04-25 16:19:32.026	6	23.287	21.860	-45.760	4.517	-26.794	-2.808	0.7262	-0.63889	0.17682	-0.18198
2026-04-25 16:19:32.219	6	27.420	21.847	-39.820	-20.813	39.917	-6.47	0.7262	-0.63889	0.17682	-0.18198
2026-04-25 16:19:32.407	6	30.320	21.847	-39.820	5.615	97.839	10.864	0.7262	-0.63889	0.17682	-0.18198
2026-04-25 16:19:32.557	6	30.320	21.840	-33.587	6.348	39.978	11.597	0.7262	-0.63889	0.17682	-0.18198
2026-04-25 16:19:32.955	6	33.800	22.547	-16.160	5.432	10.925	-2.197	0.7262	-0.63889	0.17682	-0.18198
2026-04-25 16:19:33.070	6	33.760	22.847	-12.820	-33.325	31.372	-9.521	0.7262	-0.63889	0.17682	-0.18198
2026-04-25 16:19:33.314	6	32.833	22.953	-5.647	4.15	8.667	3.784	0.7262	-0.63889	0.17682	-0.18198
2026-04-25 16:19:33.460	6	30.587	23.567	0.667	15.625	50.11	-2.502	0.7262	-0.63889	0.17682	-0.18198
2026-04-25 16:19:33.746	6	25.720	24.413	9.493	-5.249	-20.569	-2.075	0.7262	-0.63889	0.17682	-0.18198
2026-04-25 16:19:33.959	6	21.007	24.413	9.493	-4.761	12.451	2.075	0.7262	-0.63889	0.17682	-0.18198
2026-04-25 16:19:34.060	6	21.007	24.407	15.140	-8.85	50.659	-3.357	0.7262	-0.63889	0.17682	-0.18198
2026-04-25 16:19:34.364	6	10.420	24.167	22.313	1.343	9.277	15.259	0.7262	-0.63889	0.17682	-0.18198
2026-04-25 16:19:34.496	6	6.660	24.000	23.880	-3.235	27.954	-0.366	0.7262	-0.63889	0.17682	-0.18198
2026-04-25 16:19:34.784	6	-0.813	24.040	26.180	14.282	60.425	-6.653	0.7262	-0.63889	0.17682	-0.18198
2026-04-25 16:19:35.357	6	-22.680	24.660	25.953	-9.277	46.753	-1.587	0.7262	-0.63889	0.17682	-0.18198
2026-04-25 16:19:35.506	6	-25.227	24.747	24.967	-7.935	11.047	12.329	0.7262	-0.63889	0.17682	-0.18198
2026-04-25 16:19:35.846	6	-32.640	25.547	21.327	14.16	11.902	5.92	0.7262	-0.63889	0.17682	-0.18198
2026-04-25 16:19:36.069	6	-35.453	25.800	19.427	16.479	12.573	-1.404	0.7262	-0.63889	0.17682	-0.18198
2026-04-25 16:19:36.375	6	-43.213	26.260	13.953	-55.42	-53.65	53.101	0.7262	-0.63889	0.17682	-0.18198
2026-04-25 16:19:36.526	6	-44.427	29.273	12.840	-3.113	-32.166	59.814	0.7262	-0.63889	0.17682	-0.18198
2026-04-25 16:19:36.772	6	-42.080	33.860	12.840	-7.935	-8.606	45.044	0.7262	-0.63889	0.17682	-0.18198
2026-04-25 16:19:36.985	6	-42.080	33.860	13.880	10.986	2.502	58.289	0.7262	-0.63889	0.17682	-0.18198
2026-04-25 16:19:37.272	6	-35.780	50.907	11.793	-27.588	33.875	7.507	0.7262	-0.63889	0.17682	-0.18198
2026-04-25 16:19:37.620	6	-35.113	55.727	7.867	-19.531	27.405	6.104	0.7262	-0.63889	0.17682	-0.18198
2026-04-25 16:19:37.915	6	-32.893	62.460	-1.160	-74.158	31.799	73.303	0.7262	-0.63889	0.17682	-0.18198
2026-04-25 16:19:38.181	6	-26.900	67.080	-10.147	13.916	50.354	-9.644	0.7262	-0.63889	0.17682	-0.18198
2026-04-25 16:19:38.490	6	-24.800	67.640	-20.100	-19.409	110.718	-52.307	0.7262	-0.63889	0.17682	-0.18198
2026-04-25 16:19:38.664	6	-23.627	67.640	-20.100	26.367	114.563	-2.258	0.7262	-0.63889	0.17682	-0.18198
2026-04-25 16:19:38.877	6	-23.627	65.693	-28.407	-20.752	28.809	-35.278	0.7262	-0.63889	0.17682	-0.18198
2026-04-25 16:19:39.210	6	-21.900	58.133	-40.700	11.78	-36.316	15.564	0.7262	-0.63889	0.17682	-0.18198
2026-04-25 16:19:39.469	6	-21.613	55.093	-41.787	-6.958	-92.712	4.761	0.7262	-0.63889	0.17682	-0.18198
2026-04-25 16:19:39.681	6	-26.513	53.193	-40.507	0.732	-120.85	36.133	0.7262	-0.63889	0.17682	-0.18198
2026-04-25 16:19:39.920	6	-32.480	53.193	-40.507	84.9	-150.696	-14.526	0.7262	-0.63889	0.17682	-0.18198
2026-04-25 16:19:40.084	6	-32.480	51.333	-36.947	20.569	-25.818	20.63	0.7262	-0.63889	0.17682	-0.18198
2026-04-25 16:19:40.497	6	-43.000	50.060	-24.620	-23.438	-0.183	-0.427	0.7262	-0.63889	0.17682	-0.18198
2026-04-25 16:19:40.835	6	-46.813	47.693	-20.720	0.732	-2.808	-0.488	0.7262	-0.63889	0.17682	-0.18198
2026-04-25 16:19:41.296	6	-46.727	48.787	-22.833	-5.371	-0.244	0.916	0.7262	-0.63889	0.17682	-0.18198
2026-04-25 16:19:41.467	6	-46.013	49.780	-22.960	1.099	0	-1.221	0.7262	-0.63889	0.17682	-0.18198
2026-04-25 16:19:41.701	6	-45.667	50.287	-22.807	-3.052	11.963	-0.549	0.7262	-0.63889	0.17682	-0.18198
2026-04-25 16:19:42.026	6	-45.027	51.180	-22.887	3.052	0.122	-0.671	0.7262	-0.63889	0.17682	-0.18198
