input0
6.000000
input1
0.000000	0.000000	0.000000	0.000000	0.000000	0.000000	
input2
0.000000	0.000000	0.000000	0.000000	0.000000	0.000000	
input3
0.000000	0.000000	0.000000	0.000000	0.000000	0.000000	
input4
9.913000	9.913000	9.913000	9.913000	9.913000	9.913000	
input5
37.840000	37.840000	37.840000	37.840000	37.840000	37.840000	
input6
21.773000	21.773000	21.773000	21.773000	21.773000	21.773000	
input7
0.000000	0.000000	0.000000	0.000000	0.000000	0.000000	
input8
0.000000	0.000000	0.000000	0.000000	0.000000	0.000000	
input9
0.000000	0.000000	0.000000	0.000000	0.000000	0.000000	
input10
0.000000	0.000000	0.000000	0.000000	0.000000	0.000000	
input11
0.000000	0.000000	0.000000	0.000000	0.000000	0.000000	
input12
0.000000	0.000000	0.000000	0.000000	0.000000	0.000000	
input13
0.000000	0.000000	0.000000	0.000000	0.000000	0.000000	
input14
0.000000	0.000000	0.000000	0.000000	0.000000	0.000000	
input15
0.000000	0.000000	0.000000	0.000000	0.000000	0.000000	0.000000	0.000000	0.000000	0.000000	0.000000	0.000000	0.000000	0.000000	0.000000	0.000000	0.000000	0.000000	0.000000	3.000000	
output1
44.768255	44.768255	44.768255	44.768255	44.768255	44.768255	
output2
26.482515	26.482515	26.482515	26.482515	26.482515	26.482515	
output3
26.482515	26.482515	26.482515	26.482515	26.482515	26.482515	
output4
1.000000	0.000000	0.000000	1.000000	0.000000	1.000000	0.000000	26.482515	0.000000	44.768255	0.000000	0.000000	26.482515	0.000000	0.000000	26.482515	0.000000	0.000000	0.000000	3.000000	