input0
11.000000
input1
0.000000	0.000000	0.000000	0.000000	0.000000	0.000000	0.000000	0.000000	0.000000	0.000000	0.000000	
input2
0.000000	0.000000	0.000000	0.000000	0.000000	0.000000	0.000000	0.000000	0.000000	0.000000	0.000000	
input3
0.000000	0.000000	0.000000	0.000000	0.000000	0.000000	0.000000	0.000000	0.000000	0.000000	0.000000	
input4
9.913000	9.913000	9.913000	9.913000	9.913000	9.913000	-1.967000	-1.967000	-10.040000	-10.653000	-11.653000	
input5
37.840000	37.840000	37.840000	37.840000	37.840000	37.840000	37.840000	63.953000	67.320000	66.393000	66.607000	
input6
21.773000	21.773000	21.773000	21.773000	21.773000	21.773000	21.773000	3.980000	3.180000	6.340000	6.080000	
input7
0.000000	0.000000	0.000000	0.000000	0.000000	0.000000	0.000000	0.000000	0.000000	0.000000	0.000000	
input8
0.000000	0.000000	0.000000	0.000000	0.000000	0.000000	0.000000	0.000000	0.000000	0.000000	0.000000	
input9
0.000000	0.000000	0.000000	0.000000	0.000000	0.000000	0.000000	0.000000	0.000000	0.000000	0.000000	
input10
0.000000	0.000000	0.000000	0.000000	0.000000	0.000000	0.000000	0.000000	0.000000	0.000000	0.000000	
input11
0.000000	0.000000	0.000000	0.000000	0.000000	0.000000	0.000000	0.000000	0.000000	0.000000	0.000000	
input12
0.000000	0.000000	0.000000	0.000000	0.000000	0.000000	0.000000	0.000000	0.000000	0.000000	0.000000	
input13
0.000000	0.000000	0.000000	0.000000	0.000000	0.000000	0.000000	0.000000	0.000000	0.000000	0.000000	
input14
0.000000	0.000000	0.000000	0.000000	0.000000	0.000000	0.000000	0.000000	0.000000	0.000000	0.000000	
input15
0.000000	0.000000	0.000000	0.000000	0.000000	0.000000	0.000000	0.000000	0.000000	0.000000	0.000000	0.000000	0.000000	0.000000	0.000000	0.000000	0.000000	0.000000	0.000000	3.000000	
output1
44.768255	44.768255	44.768255	44.768255	44.768255	44.768255	43.701238	64.106908	68.138802	67.540451	67.891467	
output2
27.998314	27.998314	27.998314	27.998314	27.998314	27.998314	27.238282	26.398779	29.773762	27.125215	27.860212	
output3
27.998314	27.998314	27.998314	27.998314	27.998314	27.998314	27.238282	26.398779	29.773762	27.125215	27.860212	
output4
1.000000	0.000000	0.000000	1.000000	0.000000	1.000000	2.206098	63.455060	30.042096	52.726218	10.322319	15.412584	27.853285	0.508651	1.920477	27.853285	0.508651	1.920477	0.000000	3.000000	