input0
7.000000
input1
0.000000	0.000000	0.000000	0.000000	0.000000	0.000000	0.000000	
input2
0.000000	0.000000	0.000000	0.000000	0.000000	0.000000	0.000000	
input3
0.000000	0.000000	0.000000	0.000000	0.000000	0.000000	0.000000	
input4
9.913000	9.913000	9.913000	9.913000	9.913000	9.913000	-1.967000	
input5
37.840000	37.840000	37.840000	37.840000	37.840000	37.840000	37.840000	
input6
21.773000	21.773000	21.773000	21.773000	21.773000	21.773000	21.773000	
input7
0.000000	0.000000	0.000000	0.000000	0.000000	0.000000	0.000000	
input8
0.000000	0.000000	0.000000	0.000000	0.000000	0.000000	0.000000	
input9
0.000000	0.000000	0.000000	0.000000	0.000000	0.000000	0.000000	
input10
0.000000	0.000000	0.000000	0.000000	0.000000	0.000000	0.000000	
input11
0.000000	0.000000	0.000000	0.000000	0.000000	0.000000	0.000000	
input12
0.000000	0.000000	0.000000	0.000000	0.000000	0.000000	0.000000	
input13
0.000000	0.000000	0.000000	0.000000	0.000000	0.000000	0.000000	
input14
0.000000	0.000000	0.000000	0.000000	0.000000	0.000000	0.000000	
input15
0.000000	0.000000	0.000000	0.000000	0.000000	0.000000	0.000000	0.000000	0.000000	0.000000	0.000000	0.000000	0.000000	0.000000	0.000000	0.000000	0.000000	0.000000	0.000000	3.000000	
output1
44.768255	44.768255	44.768255	44.768255	44.768255	44.768255	43.701238	
output2
25.750047	25.750047	25.750047	25.750047	25.750047	25.750047	25.750047	
output3
25.750047	25.750047	25.750047	25.750047	25.750047	25.750047	25.750047	
output4
1.000000	0.000000	0.000000	1.000000	0.000000	1.000000	3.973000	25.441702	0.000000	44.615824	0.261310	0.914586	25.750047	0.000000	0.000000	25.750047	0.000000	0.000000	0.000000	3.000000	