input0
9.000000
input1
0.000000	0.000000	0.000000	0.000000	0.000000	0.000000	0.000000	0.000000	0.000000	
input2
0.000000	0.000000	0.000000	0.000000	0.000000	0.000000	0.000000	0.000000	0.000000	
input3
0.000000	0.000000	0.000000	0.000000	0.000000	0.000000	0.000000	0.000000	0.000000	
input4
9.913000	9.913000	9.913000	9.913000	9.913000	9.913000	-1.967000	-1.967000	-10.040000	
input5
37.840000	37.840000	37.840000	37.840000	37.840000	37.840000	37.840000	63.953000	67.320000	
input6
21.773000	21.773000	21.773000	21.773000	21.773000	21.773000	21.773000	3.980000	3.180000	
input7
0.000000	0.000000	0.000000	0.000000	0.000000	0.000000	0.000000	0.000000	0.000000	
input8
0.000000	0.000000	0.000000	0.000000	0.000000	0.000000	0.000000	0.000000	0.000000	
input9
0.000000	0.000000	0.000000	0.000000	0.000000	0.000000	0.000000	0.000000	0.000000	
input10
0.000000	0.000000	0.000000	0.000000	0.000000	0.000000	0.000000	0.000000	0.000000	
input11
0.000000	0.000000	0.000000	0.000000	0.000000	0.000000	0.000000	0.000000	0.000000	
input12
0.000000	0.000000	0.000000	0.000000	0.000000	0.000000	0.000000	0.000000	0.000000	
input13
0.000000	0.000000	0.000000	0.000000	0.000000	0.000000	0.000000	0.000000	0.000000	
input14
0.000000	0.000000	0.000000	0.000000	0.000000	0.000000	0.000000	0.000000	0.000000	
input15
0.000000	0.000000	0.000000	0.000000	0.000000	0.000000	0.000000	0.000000	0.000000	0.000000	0.000000	0.000000	0.000000	0.000000	0.000000	0.000000	0.000000	0.000000	0.000000	3.000000	
output1
44.768255	44.768255	44.768255	44.768255	44.768255	44.768255	43.701238	64.106908	68.138802	
output2
112.710324	112.710324	112.710324	112.710324	112.710324	112.710324	112.710324	112.710324	112.710324	
output3
112.710324	112.710324	112.710324	112.710324	112.710324	112.710324	112.710324	112.710324	112.710324	
output4
1.000000	0.000000	0.000000	1.000000	0.000000	1.000000	3.973000	113.647100	104.969256	49.395165	7.434529	18.743638	112.710324	0.000000	0.000000	112.710324	0.000000	0.000000	0.000000	3.000000	