input0
22.000000
input1
0.000000	0.000000	0.000000	0.000000	0.000000	0.000000	0.000000	0.000000	0.000000	0.000000	0.000000	0.000000	0.000000	0.000000	0.000000	0.000000	0.000000	0.000000	0.000000	0.000000	0.000000	0.000000	
input2
0.000000	0.000000	0.000000	0.000000	0.000000	0.000000	0.000000	0.000000	0.000000	0.000000	0.000000	0.000000	0.000000	0.000000	0.000000	0.000000	0.000000	0.000000	0.000000	0.000000	0.000000	0.000000	
input3
0.000000	0.000000	0.000000	0.000000	0.000000	0.000000	0.000000	0.000000	0.000000	0.000000	0.000000	0.000000	0.000000	0.000000	0.000000	0.000000	0.000000	0.000000	0.000000	0.000000	0.000000	0.000000	
input4
9.913000	9.913000	9.913000	9.913000	9.913000	9.913000	-1.967000	-1.967000	-10.040000	-10.653000	-11.653000	-10.093000	-9.240000	-8.827000	-8.680000	-7.900000	-7.880000	-7.240000	-7.093000	-7.313000	-7.740000	-8.413000	
input5
37.840000	37.840000	37.840000	37.840000	37.840000	37.840000	37.840000	63.953000	67.320000	66.393000	66.607000	66.580000	66.967000	65.507000	63.140000	58.300000	54.333000	45.480000	43.667000	40.507000	36.887000	32.960000	
input6
21.773000	21.773000	21.773000	21.773000	21.773000	21.773000	21.773000	3.980000	3.180000	6.340000	6.080000	6.013000	5.667000	7.340000	10.813000	16.100000	19.513000	24.027000	24.853000	25.793000	26.713000	27.240000	
input7
0.000000	0.000000	0.000000	0.000000	0.000000	0.000000	0.000000	0.000000	0.000000	0.000000	0.000000	0.000000	0.000000	0.000000	0.000000	0.000000	0.000000	0.000000	0.000000	0.000000	0.000000	0.000000	
input8
0.000000	0.000000	0.000000	0.000000	0.000000	0.000000	0.000000	0.000000	0.000000	0.000000	0.000000	0.000000	0.000000	0.000000	0.000000	0.000000	0.000000	0.000000	0.000000	0.000000	0.000000	0.000000	
input9
0.000000	0.000000	0.000000	0.000000	0.000000	0.000000	0.000000	0.000000	0.000000	0.000000	0.000000	0.000000	0.000000	0.000000	0.000000	0.000000	0.000000	0.000000	0.000000	0.000000	0.000000	0.000000	
input10
0.000000	0.000000	0.000000	0.000000	0.000000	0.000000	0.000000	0.000000	0.000000	0.000000	0.000000	0.000000	0.000000	0.000000	0.000000	0.000000	0.000000	0.000000	0.000000	0.000000	0.000000	0.000000	
input11
0.000000	0.000000	0.000000	0.000000	0.000000	0.000000	0.000000	0.000000	0.000000	0.000000	0.000000	0.000000	0.000000	0.000000	0.000000	0.000000	0.000000	0.000000	0.000000	0.000000	0.000000	0.000000	
input12
0.000000	0.000000	0.000000	0.000000	0.000000	0.000000	0.000000	0.000000	0.000000	0.000000	0.000000	0.000000	0.000000	0.000000	0.000000	0.000000	0.000000	0.000000	0.000000	0.000000	0.000000	0.000000	
input13
0.000000	0.000000	0.000000	0.000000	0.000000	0.000000	0.000000	0.000000	0.000000	0.000000	0.000000	0.000000	0.000000	0.000000	0.000000	0.000000	0.000000	0.000000	0.000000	0.000000	0.000000	0.000000	
input14
0.000000	0.000000	0.000000	0.000000	0.000000	0.000000	0.000000	0.000000	0.000000	0.000000	0.000000	0.000000	0.000000	0.000000	0.000000	0.000000	0.000000	0.000000	0.000000	0.000000	0.000000	0.000000	
input15
0.000000	0.000000	0.000000	0.000000	0.000000	0.000000	0.000000	0.000000	0.000000	0.000000	0.000000	0.000000	0.000000	0.000000	0.000000	0.000000	0.000000	0.000000	0.000000	3.000000	
output1
44.768255	44.768255	44.768255	44.768255	44.768255	44.768255	43.701238	64.106908	68.138802	67.540451	67.891467	67.608588	67.838570	66.505327	64.644590	60.995983	58.265997	51.943669	50.742380	48.575466	46.196783	43.579327	
output2
33.112076	33.112076	33.112076	33.112076	33.112076	33.112076	28.934850	30.429253	33.088716	33.374009	33.595669	33.361984	33.520425	32.822439	32.426507	31.964087	32.040350	32.158802	32.465257	32.787749	33.402612	34.062616	
output3
33.112076	33.112076	33.112076	33.112076	33.112076	33.112076	28.934850	30.429253	33.088716	33.374009	33.595669	33.361984	33.520425	32.822439	32.426507	31.964087	32.040350	32.158802	32.465257	32.787749	33.402612	34.062616	
output4
1.000000	0.000000	0.000000	1.000000	0.000000	1.000000	-6.935418	35.882692	-6.664814	54.858413	9.541142	13.280390	32.686717	0.762538	3.751868	32.686717	0.762538	3.751868	0.000000	3.000000	