input0
71.000000
input1
0.000000	0.000000	0.000000	0.000000	0.000000	0.000000	0.000000	0.000000	0.000000	0.000000	0.000000	0.000000	0.000000	0.000000	0.000000	0.000000	0.000000	0.000000	0.000000	0.000000	0.000000	0.000000	0.000000	0.000000	0.000000	0.000000	0.000000	0.000000	0.000000	0.000000	0.000000	0.000000	0.000000	0.000000	0.000000	0.000000	0.000000	0.000000	0.000000	0.000000	0.000000	0.000000	0.000000	0.000000	0.000000	0.000000	0.000000	0.000000	0.000000	0.000000	0.000000	0.000000	0.000000	0.000000	0.000000	0.000000	0.000000	0.000000	0.000000	0.000000	0.000000	0.000000	0.000000	0.000000	0.000000	0.000000	0.000000	0.000000	0.000000	0.000000	0.000000	
input2
0.000000	0.000000	0.000000	0.000000	0.000000	0.000000	0.000000	0.000000	0.000000	0.000000	0.000000	0.000000	0.000000	0.000000	0.000000	0.000000	0.000000	0.000000	0.000000	0.000000	0.000000	0.000000	0.000000	0.000000	0.000000	0.000000	0.000000	0.000000	0.000000	0.000000	0.000000	0.000000	0.000000	0.000000	0.000000	0.000000	0.000000	0.000000	0.000000	0.000000	0.000000	0.000000	0.000000	0.000000	0.000000	0.000000	0.000000	0.000000	0.000000	0.000000	0.000000	0.000000	0.000000	0.000000	0.000000	0.000000	0.000000	0.000000	0.000000	0.000000	0.000000	0.000000	0.000000	0.000000	0.000000	0.000000	0.000000	0.000000	0.000000	0.000000	0.000000	
input3
0.000000	0.000000	0.000000	0.000000	0.000000	0.000000	0.000000	0.000000	0.000000	0.000000	0.000000	0.000000	0.000000	0.000000	0.000000	0.000000	0.000000	0.000000	0.000000	0.000000	0.000000	0.000000	0.000000	0.000000	0.000000	0.000000	0.000000	0.000000	0.000000	0.000000	0.000000	0.000000	0.000000	0.000000	0.000000	0.000000	0.000000	0.000000	0.000000	0.000000	0.000000	0.000000	0.000000	0.000000	0.000000	0.000000	0.000000	0.000000	0.000000	0.000000	0.000000	0.000000	0.000000	0.000000	0.000000	0.000000	0.000000	0.000000	0.000000	0.000000	0.000000	0.000000	0.000000	0.000000	0.000000	0.000000	0.000000	0.000000	0.000000	0.000000	0.000000	
input4
9.913000	9.913000	9.913000	9.913000	9.913000	9.913000	-1.967000	-1.967000	-10.040000	-10.653000	-11.653000	-10.093000	-9.240000	-8.827000	-8.680000	-7.900000	-7.880000	-7.240000	-7.093000	-7.313000	-7.740000	-8.413000	-9.213000	-9.193000	-9.227000	-8.927000	-8.193000	-8.053000	-8.453000	-8.753000	-8.953000	-9.940000	-8.313000	-8.627000	-9.567000	-9.367000	-9.027000	-9.767000	-10.427000	-10.313000	-10.393000	-10.080000	-9.967000	-10.280000	-10.627000	-8.513000	-8.513000	-7.040000	-7.813000	-7.967000	-7.967000	-8.593000	-10.153000	-10.540000	-10.680000	-11.327000	-11.853000	-12.053000	-10.700000	-10.313000	-8.300000	-8.740000	-10.813000	-10.740000	-9.580000	-9.380000	-10.353000	-9.867000	-9.153000	-8.100000	-8.100000	
input5
37.840000	37.840000	37.840000	37.840000	37.840000	37.840000	37.840000	63.953000	67.320000	66.393000	66.607000	66.580000	66.967000	65.507000	63.140000	58.300000	54.333000	45.480000	43.667000	40.507000	36.887000	32.960000	27.153000	24.673000	16.913000	10.160000	3.407000	-3.613000	-8.453000	-11.387000	-14.953000	-16.873000	-15.140000	-13.200000	-2.420000	7.340000	12.640000	28.860000	51.480000	59.173000	68.247000	72.427000	73.600000	72.053000	68.493000	68.493000	53.827000	37.993000	19.107000	7.687000	7.687000	-9.747000	-15.587000	-16.173000	-15.360000	-9.380000	-6.627000	6.647000	22.220000	26.347000	50.453000	60.013000	72.153000	73.387000	69.280000	66.000000	48.273000	18.380000	7.280000	7.280000	-10.953000	
input6
21.773000	21.773000	21.773000	21.773000	21.773000	21.773000	21.773000	3.980000	3.180000	6.340000	6.080000	6.013000	5.667000	7.340000	10.813000	16.100000	19.513000	24.027000	24.853000	25.793000	26.713000	27.240000	27.667000	27.593000	26.013000	23.427000	19.593000	13.967000	8.493000	4.413000	-3.333000	-12.187000	-31.073000	-35.960000	-51.847000	-58.420000	-60.547000	-63.020000	-56.860000	-51.333000	-38.420000	-27.520000	-16.647000	-6.420000	3.240000	3.240000	19.353000	26.253000	26.567000	26.567000	22.793000	6.580000	-6.720000	-14.073000	-30.287000	-43.533000	-47.287000	-57.773000	-63.547000	-64.000000	-57.620000	-50.920000	-28.120000	-10.007000	2.100000	7.793000	21.913000	25.880000	21.353000	21.353000	3.780000	
input7
0.000000	0.000000	0.000000	0.000000	0.000000	0.000000	0.000000	0.000000	0.000000	0.000000	0.000000	0.000000	0.000000	0.000000	0.000000	0.000000	0.000000	0.000000	0.000000	0.000000	0.000000	0.000000	0.000000	0.000000	0.000000	0.000000	0.000000	0.000000	0.000000	0.000000	0.000000	0.000000	0.000000	0.000000	0.000000	0.000000	0.000000	0.000000	0.000000	0.000000	0.000000	0.000000	0.000000	0.000000	0.000000	0.000000	0.000000	0.000000	0.000000	0.000000	0.000000	0.000000	0.000000	0.000000	0.000000	0.000000	0.000000	0.000000	0.000000	0.000000	0.000000	0.000000	0.000000	0.000000	0.000000	0.000000	0.000000	0.000000	0.000000	0.000000	0.000000	
input8
0.000000	0.000000	0.000000	0.000000	0.000000	0.000000	0.000000	0.000000	0.000000	0.000000	0.000000	0.000000	0.000000	0.000000	0.000000	0.000000	0.000000	0.000000	0.000000	0.000000	0.000000	0.000000	0.000000	0.000000	0.000000	0.000000	0.000000	0.000000	0.000000	0.000000	0.000000	0.000000	0.000000	0.000000	0.000000	0.000000	0.000000	0.000000	0.000000	0.000000	0.000000	0.000000	0.000000	0.000000	0.000000	0.000000	0.000000	0.000000	0.000000	0.000000	0.000000	0.000000	0.000000	0.000000	0.000000	0.000000	0.000000	0.000000	0.000000	0.000000	0.000000	0.000000	0.000000	0.000000	0.000000	0.000000	0.000000	0.000000	0.000000	0.000000	0.000000	
input9
0.000000	0.000000	0.000000	0.000000	0.000000	0.000000	0.000000	0.000000	0.000000	0.000000	0.000000	0.000000	0.000000	0.000000	0.000000	0.000000	0.000000	0.000000	0.000000	0.000000	0.000000	0.000000	0.000000	0.000000	0.000000	0.000000	0.000000	0.000000	0.000000	0.000000	0.000000	0.000000	0.000000	0.000000	0.000000	0.000000	0.000000	0.000000	0.000000	0.000000	0.000000	0.000000	0.000000	0.000000	0.000000	0.000000	0.000000	0.000000	0.000000	0.000000	0.000000	0.000000	0.000000	0.000000	0.000000	0.000000	0.000000	0.000000	0.000000	0.000000	0.000000	0.000000	0.000000	0.000000	0.000000	0.000000	0.000000	0.000000	0.000000	0.000000	0.000000	
input10
0.000000	0.000000	0.000000	0.000000	0.000000	0.000000	0.000000	0.000000	0.000000	0.000000	0.000000	0.000000	0.000000	0.000000	0.000000	0.000000	0.000000	0.000000	0.000000	0.000000	0.000000	0.000000	0.000000	0.000000	0.000000	0.000000	0.000000	0.000000	0.000000	0.000000	0.000000	0.000000	0.000000	0.000000	0.000000	0.000000	0.000000	0.000000	0.000000	0.000000	0.000000	0.000000	0.000000	0.000000	0.000000	0.000000	0.000000	0.000000	0.000000	0.000000	0.000000	0.000000	0.000000	0.000000	0.000000	0.000000	0.000000	0.000000	0.000000	0.000000	0.000000	0.000000	0.000000	0.000000	0.000000	0.000000	0.000000	0.000000	0.000000	0.000000	0.000000	
input11
0.000000	0.000000	0.000000	0.000000	0.000000	0.000000	0.000000	0.000000	0.000000	0.000000	0.000000	0.000000	0.000000	0.000000	0.000000	0.000000	0.000000	0.000000	0.000000	0.000000	0.000000	0.000000	0.000000	0.000000	0.000000	0.000000	0.000000	0.000000	0.000000	0.000000	0.000000	0.000000	0.000000	0.000000	0.000000	0.000000	0.000000	0.000000	0.000000	0.000000	0.000000	0.000000	0.000000	0.000000	0.000000	0.000000	0.000000	0.000000	0.000000	0.000000	0.000000	0.000000	0.000000	0.000000	0.000000	0.000000	0.000000	0.000000	0.000000	0.000000	0.000000	0.000000	0.000000	0.000000	0.000000	0.000000	0.000000	0.000000	0.000000	0.000000	0.000000	
input12
0.000000	0.000000	0.000000	0.000000	0.000000	0.000000	0.000000	0.000000	0.000000	0.000000	0.000000	0.000000	0.000000	0.000000	0.000000	0.000000	0.000000	0.000000	0.000000	0.000000	0.000000	0.000000	0.000000	0.000000	0.000000	0.000000	0.000000	0.000000	0.000000	0.000000	0.000000	0.000000	0.000000	0.000000	0.000000	0.000000	0.000000	0.000000	0.000000	0.000000	0.000000	0.000000	0.000000	0.000000	0.000000	0.000000	0.000000	0.000000	0.000000	0.000000	0.000000	0.000000	0.000000	0.000000	0.000000	0.000000	0.000000	0.000000	0.000000	0.000000	0.000000	0.000000	0.000000	0.000000	0.000000	0.000000	0.000000	0.000000	0.000000	0.000000	0.000000	
input13
0.000000	0.000000	0.000000	0.000000	0.000000	0.000000	0.000000	0.000000	0.000000	0.000000	0.000000	0.000000	0.000000	0.000000	0.000000	0.000000	0.000000	0.000000	0.000000	0.000000	0.000000	0.000000	0.000000	0.000000	0.000000	0.000000	0.000000	0.000000	0.000000	0.000000	0.000000	0.000000	0.000000	0.000000	0.000000	0.000000	0.000000	0.000000	0.000000	0.000000	0.000000	0.000000	0.000000	0.000000	0.000000	0.000000	0.000000	0.000000	0.000000	0.000000	0.000000	0.000000	0.000000	0.000000	0.000000	0.000000	0.000000	0.000000	0.000000	0.000000	0.000000	0.000000	0.000000	0.000000	0.000000	0.000000	0.000000	0.000000	0.000000	0.000000	0.000000	
input14
0.000000	0.000000	0.000000	0.000000	0.000000	0.000000	0.000000	0.000000	0.000000	0.000000	0.000000	0.000000	0.000000	0.000000	0.000000	0.000000	0.000000	0.000000	0.000000	0.000000	0.000000	0.000000	0.000000	0.000000	0.000000	0.000000	0.000000	0.000000	0.000000	0.000000	0.000000	0.000000	0.000000	0.000000	0.000000	0.000000	0.000000	0.000000	0.000000	0.000000	0.000000	0.000000	0.000000	0.000000	0.000000	0.000000	0.000000	0.000000	0.000000	0.000000	0.000000	0.000000	0.000000	0.000000	0.000000	0.000000	0.000000	0.000000	0.000000	0.000000	0.000000	0.000000	0.000000	0.000000	0.000000	0.000000	0.000000	0.000000	0.000000	0.000000	0.000000	
input15
0.000000	0.000000	0.000000	0.000000	0.000000	0.000000	0.000000	0.000000	0.000000	0.000000	0.000000	0.000000	0.000000	0.000000	0.000000	0.000000	0.000000	0.000000	0.000000	3.000000	
output1
44.768255	44.768255	44.768255	44.768255	44.768255	44.768255	43.701238	64.106908	68.138802	67.540451	67.891467	67.608588	67.838570	66.505327	64.644590	60.995983	58.265997	51.943669	50.742380	48.575466	46.196783	43.579327	39.845046	38.139767	32.370716	27.050716	21.508569	16.522157	14.664156	15.025091	17.744219	23.065661	35.550765	39.265592	52.777792	59.619734	62.507564	69.998673	77.407831	79.011890	79.004834	78.132113	76.114543	73.065242	69.388196	69.096019	57.830405	46.714555	33.644107	28.781392	25.339375	14.565029	19.778685	23.889472	35.599078	45.950054	49.198284	59.390041	68.164797	69.975155	77.035444	79.188346	78.190222	74.840760	69.970742	67.117176	54.015245	33.240886	24.345973	23.969961	14.137419	
output2
45.674015	45.674015	45.674015	45.674015	45.674015	45.674015	41.787370	42.841191	44.535016	45.337469	45.397664	45.320712	45.480788	45.170309	45.361500	45.587446	45.817702	45.569989	45.695855	45.607995	45.637094	45.540032	45.695813	45.743636	45.441720	45.189227	45.057886	45.122860	45.224059	45.475093	45.549737	45.396177	45.262093	45.110006	45.610013	45.467651	45.299745	45.024968	45.323267	45.534683	44.997793	45.291453	45.474550	45.408345	45.598117	45.633518	45.368843	45.458698	45.548607	49.100074	45.701603	45.203819	45.166871	44.494678	45.209086	45.398168	45.486611	45.241215	45.928295	46.030975	45.509273	45.841219	45.156057	45.943023	45.789268	45.817496	44.703859	44.960458	44.562616	44.602942	44.814822	
output3
45.674015	45.674015	45.674015	45.674015	45.674015	45.674015	41.787370	42.841191	44.535016	45.337469	45.397664	45.320712	45.480788	45.170309	45.361500	45.587446	45.817702	45.569989	45.695855	45.607995	45.637094	45.540032	45.695813	45.743636	45.441720	45.189227	45.057886	45.122860	45.224059	45.475093	45.549737	45.396177	45.262093	45.110006	45.610013	45.467651	45.299745	45.024968	45.323267	45.534683	44.997793	45.291453	45.474550	45.408345	45.598117	45.633518	45.368843	45.458698	45.548607	49.100074	45.701603	45.203819	45.166871	44.494678	45.209086	45.398168	45.486611	45.241215	45.928295	46.030975	45.509273	45.841219	45.156057	45.943023	45.789268	45.817496	44.703859	44.960458	44.562616	44.602942	44.814822	
output4
1.000000	0.000000	0.000000	1.000000	0.000000	1.000000	-10.333875	28.147189	-18.004244	49.980769	17.147566	35.843350	45.362017	0.397891	3.738057	45.362017	0.397891	3.738057	0.000000	3.000000	