input0
162.000000
input1
0.000000	0.000000	0.000000	0.000000	0.000000	0.000000	0.000000	0.000000	0.000000	0.000000	0.000000	0.000000	0.000000	0.000000	0.000000	0.000000	0.000000	0.000000	0.000000	0.000000	0.000000	0.000000	0.000000	0.000000	0.000000	0.000000	0.000000	0.000000	0.000000	0.000000	0.000000	0.000000	0.000000	0.000000	0.000000	0.000000	0.000000	0.000000	0.000000	0.000000	0.000000	0.000000	0.000000	0.000000	0.000000	0.000000	0.000000	0.000000	0.000000	0.000000	0.000000	0.000000	0.000000	0.000000	0.000000	0.000000	0.000000	0.000000	0.000000	0.000000	0.000000	0.000000	0.000000	0.000000	0.000000	0.000000	0.000000	0.000000	0.000000	0.000000	0.000000	0.000000	0.000000	0.000000	0.000000	0.000000	0.000000	0.000000	0.000000	0.000000	0.000000	0.000000	0.000000	0.000000	0.000000	0.000000	0.000000	0.000000	0.000000	0.000000	0.000000	0.000000	0.000000	0.000000	0.000000	0.000000	0.000000	0.000000	0.000000	0.000000	0.000000	0.000000	0.000000	0.000000	0.000000	0.000000	0.000000	0.000000	0.000000	0.000000	0.000000	0.000000	0.000000	0.000000	0.000000	0.000000	0.000000	0.000000	0.000000	0.000000	0.000000	0.000000	0.000000	0.000000	0.000000	0.000000	0.000000	0.000000	0.000000	0.000000	0.000000	0.000000	0.000000	0.000000	0.000000	0.000000	0.000000	0.000000	0.000000	0.000000	0.000000	0.000000	0.000000	0.000000	0.000000	0.000000	0.000000	0.000000	0.000000	0.000000	0.000000	0.000000	0.000000	0.000000	0.000000	0.000000	0.000000	0.000000	0.000000	0.000000	0.000000	0.000000	
input2
0.000000	0.000000	0.000000	0.000000	0.000000	0.000000	0.000000	0.000000	0.000000	0.000000	0.000000	0.000000	0.000000	0.000000	0.000000	0.000000	0.000000	0.000000	0.000000	0.000000	0.000000	0.000000	0.000000	0.000000	0.000000	0.000000	0.000000	0.000000	0.000000	0.000000	0.000000	0.000000	0.000000	0.000000	0.000000	0.000000	0.000000	0.000000	0.000000	0.000000	0.000000	0.000000	0.000000	0.000000	0.000000	0.000000	0.000000	0.000000	0.000000	0.000000	0.000000	0.000000	0.000000	0.000000	0.000000	0.000000	0.000000	0.000000	0.000000	0.000000	0.000000	0.000000	0.000000	0.000000	0.000000	0.000000	0.000000	0.000000	0.000000	0.000000	0.000000	0.000000	0.000000	0.000000	0.000000	0.000000	0.000000	0.000000	0.000000	0.000000	0.000000	0.000000	0.000000	0.000000	0.000000	0.000000	0.000000	0.000000	0.000000	0.000000	0.000000	0.000000	0.000000	0.000000	0.000000	0.000000	0.000000	0.000000	0.000000	0.000000	0.000000	0.000000	0.000000	0.000000	0.000000	0.000000	0.000000	0.000000	0.000000	0.000000	0.000000	0.000000	0.000000	0.000000	0.000000	0.000000	0.000000	0.000000	0.000000	0.000000	0.000000	0.000000	0.000000	0.000000	0.000000	0.000000	0.000000	0.000000	0.000000	0.000000	0.000000	0.000000	0.000000	0.000000	0.000000	0.000000	0.000000	0.000000	0.000000	0.000000	0.000000	0.000000	0.000000	0.000000	0.000000	0.000000	0.000000	0.000000	0.000000	0.000000	0.000000	0.000000	0.000000	0.000000	0.000000	0.000000	0.000000	0.000000	0.000000	0.000000	0.000000	0.000000	
input3
0.000000	0.000000	0.000000	0.000000	0.000000	0.000000	0.000000	0.000000	0.000000	0.000000	0.000000	0.000000	0.000000	0.000000	0.000000	0.000000	0.000000	0.000000	0.000000	0.000000	0.000000	0.000000	0.000000	0.000000	0.000000	0.000000	0.000000	0.000000	0.000000	0.000000	0.000000	0.000000	0.000000	0.000000	0.000000	0.000000	0.000000	0.000000	0.000000	0.000000	0.000000	0.000000	0.000000	0.000000	0.000000	0.000000	0.000000	0.000000	0.000000	0.000000	0.000000	0.000000	0.000000	0.000000	0.000000	0.000000	0.000000	0.000000	0.000000	0.000000	0.000000	0.000000	0.000000	0.000000	0.000000	0.000000	0.000000	0.000000	0.000000	0.000000	0.000000	0.000000	0.000000	0.000000	0.000000	0.000000	0.000000	0.000000	0.000000	0.000000	0.000000	0.000000	0.000000	0.000000	0.000000	0.000000	0.000000	0.000000	0.000000	0.000000	0.000000	0.000000	0.000000	0.000000	0.000000	0.000000	0.000000	0.000000	0.000000	0.000000	0.000000	0.000000	0.000000	0.000000	0.000000	0.000000	0.000000	0.000000	0.000000	0.000000	0.000000	0.000000	0.000000	0.000000	0.000000	0.000000	0.000000	0.000000	0.000000	0.000000	0.000000	0.000000	0.000000	0.000000	0.000000	0.000000	0.000000	0.000000	0.000000	0.000000	0.000000	0.000000	0.000000	0.000000	0.000000	0.000000	0.000000	0.000000	0.000000	0.000000	0.000000	0.000000	0.000000	0.000000	0.000000	0.000000	0.000000	0.000000	0.000000	0.000000	0.000000	0.000000	0.000000	0.000000	0.000000	0.000000	0.000000	0.000000	0.000000	0.000000	0.000000	0.000000	
input4
9.913000	9.913000	9.913000	9.913000	9.913000	9.913000	-1.967000	-1.967000	-10.040000	-10.653000	-11.653000	-10.093000	-9.240000	-8.827000	-8.680000	-7.900000	-7.880000	-7.240000	-7.093000	-7.313000	-7.740000	-8.413000	-9.213000	-9.193000	-9.227000	-8.927000	-8.193000	-8.053000	-8.453000	-8.753000	-8.953000	-9.940000	-8.313000	-8.627000	-9.567000	-9.367000	-9.027000	-9.767000	-10.427000	-10.313000	-10.393000	-10.080000	-9.967000	-10.280000	-10.627000	-8.513000	-8.513000	-7.040000	-7.813000	-7.967000	-7.967000	-8.593000	-10.153000	-10.540000	-10.680000	-11.327000	-11.853000	-12.053000	-10.700000	-10.313000	-8.300000	-8.740000	-10.813000	-10.740000	-9.580000	-9.380000	-10.353000	-9.867000	-9.153000	-8.100000	-8.100000	-7.440000	-7.440000	-8.153000	-10.280000	-10.813000	-10.000000	-10.280000	-11.053000	-10.853000	-8.453000	-7.993000	-11.253000	-21.940000	-34.153000	-34.153000	-38.853000	-38.853000	-39.800000	-47.340000	-51.080000	-57.500000	-54.693000	-52.440000	-52.440000	-41.467000	-24.240000	-12.893000	21.807000	21.807000	32.347000	34.107000	32.133000	20.707000	-3.313000	-18.893000	-31.580000	-51.753000	-53.413000	-57.867000	-56.627000	-51.180000	-36.580000	-8.953000	-8.953000	4.760000	19.087000	19.087000	32.487000	34.773000	22.900000	12.333000	-10.880000	-31.753000	-49.167000	-57.267000	-52.353000	-32.640000	7.420000	18.773000	18.773000	33.833000	33.833000	31.960000	12.760000	-17.027000	-24.467000	-35.613000	-48.353000	-56.980000	-54.267000	-51.653000	-51.653000	-43.967000	-32.567000	-18.853000	-10.293000	-1.827000	6.507000	14.787000	22.447000	28.500000	33.160000	31.247000	23.600000	23.600000	-4.813000	-4.813000	-19.680000	-27.553000	-27.553000	-37.313000	
input5
37.840000	37.840000	37.840000	37.840000	37.840000	37.840000	37.840000	63.953000	67.320000	66.393000	66.607000	66.580000	66.967000	65.507000	63.140000	58.300000	54.333000	45.480000	43.667000	40.507000	36.887000	32.960000	27.153000	24.673000	16.913000	10.160000	3.407000	-3.613000	-8.453000	-11.387000	-14.953000	-16.873000	-15.140000	-13.200000	-2.420000	7.340000	12.640000	28.860000	51.480000	59.173000	68.247000	72.427000	73.600000	72.053000	68.493000	68.493000	53.827000	37.993000	19.107000	7.687000	7.687000	-9.747000	-15.587000	-16.173000	-15.360000	-9.380000	-6.627000	6.647000	22.220000	26.347000	50.453000	60.013000	72.153000	73.387000	69.280000	66.000000	48.273000	18.380000	7.280000	7.280000	-10.953000	-13.253000	-10.033000	2.907000	33.500000	52.753000	60.247000	70.087000	72.507000	73.513000	67.320000	65.520000	65.813000	65.680000	65.680000	63.960000	63.960000	64.900000	64.720000	56.720000	51.367000	30.347000	11.347000	11.347000	7.013000	-6.640000	-15.600000	-16.873000	-16.873000	-2.700000	15.527000	36.453000	44.267000	61.353000	73.180000	73.220000	68.987000	50.147000	47.093000	32.453000	16.720000	4.120000	-10.847000	-10.847000	-18.073000	-15.020000	-15.020000	-6.027000	14.420000	33.753000	59.007000	67.647000	73.973000	69.480000	52.747000	24.407000	8.120000	-11.313000	-12.840000	-5.847000	-5.847000	-5.847000	19.967000	43.980000	66.320000	73.440000	72.247000	67.287000	54.440000	22.440000	11.687000	11.687000	5.560000	-3.407000	-3.407000	-16.267000	-16.953000	-15.673000	-13.113000	-8.220000	-0.520000	9.453000	26.967000	43.840000	43.840000	57.420000	57.420000	72.847000	73.580000	73.580000	71.400000	66.007000	
input6
21.773000	21.773000	21.773000	21.773000	21.773000	21.773000	21.773000	3.980000	3.180000	6.340000	6.080000	6.013000	5.667000	7.340000	10.813000	16.100000	19.513000	24.027000	24.853000	25.793000	26.713000	27.240000	27.667000	27.593000	26.013000	23.427000	19.593000	13.967000	8.493000	4.413000	-3.333000	-12.187000	-31.073000	-35.960000	-51.847000	-58.420000	-60.547000	-63.020000	-56.860000	-51.333000	-38.420000	-27.520000	-16.647000	-6.420000	3.240000	3.240000	19.353000	26.253000	26.567000	26.567000	22.793000	6.580000	-6.720000	-14.073000	-30.287000	-43.533000	-47.287000	-57.773000	-63.547000	-64.000000	-57.620000	-50.920000	-28.120000	-10.007000	2.100000	7.793000	21.913000	25.880000	21.353000	21.353000	3.780000	-37.220000	-43.133000	-54.173000	-62.020000	-56.207000	-50.533000	-35.533000	-26.773000	-15.533000	5.780000	9.027000	8.140000	4.640000	4.640000	-2.260000	-2.260000	-14.800000	-16.187000	-16.073000	-15.573000	-16.200000	-16.747000	-16.747000	-16.907000	-16.907000	-16.600000	-16.673000	-16.673000	-16.560000	-15.260000	-14.560000	-14.947000	-15.273000	-15.307000	-16.207000	-16.347000	-16.347000	-15.673000	-17.073000	-17.420000	-16.773000	-16.707000	-16.707000	-16.600000	-15.973000	-15.973000	-14.020000	-13.607000	-15.200000	-16.407000	-16.733000	-17.947000	-18.520000	-17.287000	-18.347000	-19.333000	-19.607000	-18.333000	-18.333000	-16.700000	-16.700000	-14.960000	-16.033000	-17.573000	-18.260000	-18.647000	-18.860000	-18.233000	-20.047000	-20.873000	-20.873000	-20.833000	-20.120000	-20.120000	-19.787000	-19.920000	-19.860000	-19.620000	-19.107000	-18.500000	-17.907000	-17.507000	-17.547000	-17.547000	-16.847000	-16.847000	-16.207000	-17.107000	-17.107000	-17.320000	-16.447000	
input7
0.000000	0.000000	0.000000	0.000000	0.000000	0.000000	0.000000	0.000000	0.000000	0.000000	0.000000	0.000000	0.000000	0.000000	0.000000	0.000000	0.000000	0.000000	0.000000	0.000000	0.000000	0.000000	0.000000	0.000000	0.000000	0.000000	0.000000	0.000000	0.000000	0.000000	0.000000	0.000000	0.000000	0.000000	0.000000	0.000000	0.000000	0.000000	0.000000	0.000000	0.000000	0.000000	0.000000	0.000000	0.000000	0.000000	0.000000	0.000000	0.000000	0.000000	0.000000	0.000000	0.000000	0.000000	0.000000	0.000000	0.000000	0.000000	0.000000	0.000000	0.000000	0.000000	0.000000	0.000000	0.000000	0.000000	0.000000	0.000000	0.000000	0.000000	0.000000	0.000000	0.000000	0.000000	0.000000	0.000000	0.000000	0.000000	0.000000	0.000000	0.000000	0.000000	0.000000	0.000000	0.000000	0.000000	0.000000	0.000000	0.000000	0.000000	0.000000	0.000000	0.000000	0.000000	0.000000	0.000000	0.000000	0.000000	0.000000	0.000000	0.000000	0.000000	0.000000	0.000000	0.000000	0.000000	0.000000	0.000000	0.000000	0.000000	0.000000	0.000000	0.000000	0.000000	0.000000	0.000000	0.000000	0.000000	0.000000	0.000000	0.000000	0.000000	0.000000	0.000000	0.000000	0.000000	0.000000	0.000000	0.000000	0.000000	0.000000	0.000000	0.000000	0.000000	0.000000	0.000000	0.000000	0.000000	0.000000	0.000000	0.000000	0.000000	0.000000	0.000000	0.000000	0.000000	0.000000	0.000000	0.000000	0.000000	0.000000	0.000000	0.000000	0.000000	0.000000	0.000000	0.000000	0.000000	0.000000	0.000000	0.000000	0.000000	
input8
0.000000	0.000000	0.000000	0.000000	0.000000	0.000000	0.000000	0.000000	0.000000	0.000000	0.000000	0.000000	0.000000	0.000000	0.000000	0.000000	0.000000	0.000000	0.000000	0.000000	0.000000	0.000000	0.000000	0.000000	0.000000	0.000000	0.000000	0.000000	0.000000	0.000000	0.000000	0.000000	0.000000	0.000000	0.000000	0.000000	0.000000	0.000000	0.000000	0.000000	0.000000	0.000000	0.000000	0.000000	0.000000	0.000000	0.000000	0.000000	0.000000	0.000000	0.000000	0.000000	0.000000	0.000000	0.000000	0.000000	0.000000	0.000000	0.000000	0.000000	0.000000	0.000000	0.000000	0.000000	0.000000	0.000000	0.000000	0.000000	0.000000	0.000000	0.000000	0.000000	0.000000	0.000000	0.000000	0.000000	0.000000	0.000000	0.000000	0.000000	0.000000	0.000000	0.000000	0.000000	0.000000	0.000000	0.000000	0.000000	0.000000	0.000000	0.000000	0.000000	0.000000	0.000000	0.000000	0.000000	0.000000	0.000000	0.000000	0.000000	0.000000	0.000000	0.000000	0.000000	0.000000	0.000000	0.000000	0.000000	0.000000	0.000000	0.000000	0.000000	0.000000	0.000000	0.000000	0.000000	0.000000	0.000000	0.000000	0.000000	0.000000	0.000000	0.000000	0.000000	0.000000	0.000000	0.000000	0.000000	0.000000	0.000000	0.000000	0.000000	0.000000	0.000000	0.000000	0.000000	0.000000	0.000000	0.000000	0.000000	0.000000	0.000000	0.000000	0.000000	0.000000	0.000000	0.000000	0.000000	0.000000	0.000000	0.000000	0.000000	0.000000	0.000000	0.000000	0.000000	0.000000	0.000000	0.000000	0.000000	0.000000	0.000000	
input9
0.000000	0.000000	0.000000	0.000000	0.000000	0.000000	0.000000	0.000000	0.000000	0.000000	0.000000	0.000000	0.000000	0.000000	0.000000	0.000000	0.000000	0.000000	0.000000	0.000000	0.000000	0.000000	0.000000	0.000000	0.000000	0.000000	0.000000	0.000000	0.000000	0.000000	0.000000	0.000000	0.000000	0.000000	0.000000	0.000000	0.000000	0.000000	0.000000	0.000000	0.000000	0.000000	0.000000	0.000000	0.000000	0.000000	0.000000	0.000000	0.000000	0.000000	0.000000	0.000000	0.000000	0.000000	0.000000	0.000000	0.000000	0.000000	0.000000	0.000000	0.000000	0.000000	0.000000	0.000000	0.000000	0.000000	0.000000	0.000000	0.000000	0.000000	0.000000	0.000000	0.000000	0.000000	0.000000	0.000000	0.000000	0.000000	0.000000	0.000000	0.000000	0.000000	0.000000	0.000000	0.000000	0.000000	0.000000	0.000000	0.000000	0.000000	0.000000	0.000000	0.000000	0.000000	0.000000	0.000000	0.000000	0.000000	0.000000	0.000000	0.000000	0.000000	0.000000	0.000000	0.000000	0.000000	0.000000	0.000000	0.000000	0.000000	0.000000	0.000000	0.000000	0.000000	0.000000	0.000000	0.000000	0.000000	0.000000	0.000000	0.000000	0.000000	0.000000	0.000000	0.000000	0.000000	0.000000	0.000000	0.000000	0.000000	0.000000	0.000000	0.000000	0.000000	0.000000	0.000000	0.000000	0.000000	0.000000	0.000000	0.000000	0.000000	0.000000	0.000000	0.000000	0.000000	0.000000	0.000000	0.000000	0.000000	0.000000	0.000000	0.000000	0.000000	0.000000	0.000000	0.000000	0.000000	0.000000	0.000000	0.000000	0.000000	
input10
0.000000	0.000000	0.000000	0.000000	0.000000	0.000000	0.000000	0.000000	0.000000	0.000000	0.000000	0.000000	0.000000	0.000000	0.000000	0.000000	0.000000	0.000000	0.000000	0.000000	0.000000	0.000000	0.000000	0.000000	0.000000	0.000000	0.000000	0.000000	0.000000	0.000000	0.000000	0.000000	0.000000	0.000000	0.000000	0.000000	0.000000	0.000000	0.000000	0.000000	0.000000	0.000000	0.000000	0.000000	0.000000	0.000000	0.000000	0.000000	0.000000	0.000000	0.000000	0.000000	0.000000	0.000000	0.000000	0.000000	0.000000	0.000000	0.000000	0.000000	0.000000	0.000000	0.000000	0.000000	0.000000	0.000000	0.000000	0.000000	0.000000	0.000000	0.000000	0.000000	0.000000	0.000000	0.000000	0.000000	0.000000	0.000000	0.000000	0.000000	0.000000	0.000000	0.000000	0.000000	0.000000	0.000000	0.000000	0.000000	0.000000	0.000000	0.000000	0.000000	0.000000	0.000000	0.000000	0.000000	0.000000	0.000000	0.000000	0.000000	0.000000	0.000000	0.000000	0.000000	0.000000	0.000000	0.000000	0.000000	0.000000	0.000000	0.000000	0.000000	0.000000	0.000000	0.000000	0.000000	0.000000	0.000000	0.000000	0.000000	0.000000	0.000000	0.000000	0.000000	0.000000	0.000000	0.000000	0.000000	0.000000	0.000000	0.000000	0.000000	0.000000	0.000000	0.000000	0.000000	0.000000	0.000000	0.000000	0.000000	0.000000	0.000000	0.000000	0.000000	0.000000	0.000000	0.000000	0.000000	0.000000	0.000000	0.000000	0.000000	0.000000	0.000000	0.000000	0.000000	0.000000	0.000000	0.000000	0.000000	0.000000	0.000000	
input11
0.000000	0.000000	0.000000	0.000000	0.000000	0.000000	0.000000	0.000000	0.000000	0.000000	0.000000	0.000000	0.000000	0.000000	0.000000	0.000000	0.000000	0.000000	0.000000	0.000000	0.000000	0.000000	0.000000	0.000000	0.000000	0.000000	0.000000	0.000000	0.000000	0.000000	0.000000	0.000000	0.000000	0.000000	0.000000	0.000000	0.000000	0.000000	0.000000	0.000000	0.000000	0.000000	0.000000	0.000000	0.000000	0.000000	0.000000	0.000000	0.000000	0.000000	0.000000	0.000000	0.000000	0.000000	0.000000	0.000000	0.000000	0.000000	0.000000	0.000000	0.000000	0.000000	0.000000	0.000000	0.000000	0.000000	0.000000	0.000000	0.000000	0.000000	0.000000	0.000000	0.000000	0.000000	0.000000	0.000000	0.000000	0.000000	0.000000	0.000000	0.000000	0.000000	0.000000	0.000000	0.000000	0.000000	0.000000	0.000000	0.000000	0.000000	0.000000	0.000000	0.000000	0.000000	0.000000	0.000000	0.000000	0.000000	0.000000	0.000000	0.000000	0.000000	0.000000	0.000000	0.000000	0.000000	0.000000	0.000000	0.000000	0.000000	0.000000	0.000000	0.000000	0.000000	0.000000	0.000000	0.000000	0.000000	0.000000	0.000000	0.000000	0.000000	0.000000	0.000000	0.000000	0.000000	0.000000	0.000000	0.000000	0.000000	0.000000	0.000000	0.000000	0.000000	0.000000	0.000000	0.000000	0.000000	0.000000	0.000000	0.000000	0.000000	0.000000	0.000000	0.000000	0.000000	0.000000	0.000000	0.000000	0.000000	0.000000	0.000000	0.000000	0.000000	0.000000	0.000000	0.000000	0.000000	0.000000	0.000000	0.000000	0.000000	
input12
0.000000	0.000000	0.000000	0.000000	0.000000	0.000000	0.000000	0.000000	0.000000	0.000000	0.000000	0.000000	0.000000	0.000000	0.000000	0.000000	0.000000	0.000000	0.000000	0.000000	0.000000	0.000000	0.000000	0.000000	0.000000	0.000000	0.000000	0.000000	0.000000	0.000000	0.000000	0.000000	0.000000	0.000000	0.000000	0.000000	0.000000	0.000000	0.000000	0.000000	0.000000	0.000000	0.000000	0.000000	0.000000	0.000000	0.000000	0.000000	0.000000	0.000000	0.000000	0.000000	0.000000	0.000000	0.000000	0.000000	0.000000	0.000000	0.000000	0.000000	0.000000	0.000000	0.000000	0.000000	0.000000	0.000000	0.000000	0.000000	0.000000	0.000000	0.000000	0.000000	0.000000	0.000000	0.000000	0.000000	0.000000	0.000000	0.000000	0.000000	0.000000	0.000000	0.000000	0.000000	0.000000	0.000000	0.000000	0.000000	0.000000	0.000000	0.000000	0.000000	0.000000	0.000000	0.000000	0.000000	0.000000	0.000000	0.000000	0.000000	0.000000	0.000000	0.000000	0.000000	0.000000	0.000000	0.000000	0.000000	0.000000	0.000000	0.000000	0.000000	0.000000	0.000000	0.000000	0.000000	0.000000	0.000000	0.000000	0.000000	0.000000	0.000000	0.000000	0.000000	0.000000	0.000000	0.000000	0.000000	0.000000	0.000000	0.000000	0.000000	0.000000	0.000000	0.000000	0.000000	0.000000	0.000000	0.000000	0.000000	0.000000	0.000000	0.000000	0.000000	0.000000	0.000000	0.000000	0.000000	0.000000	0.000000	0.000000	0.000000	0.000000	0.000000	0.000000	0.000000	0.000000	0.000000	0.000000	0.000000	0.000000	0.000000	
input13
0.000000	0.000000	0.000000	0.000000	0.000000	0.000000	0.000000	0.000000	0.000000	0.000000	0.000000	0.000000	0.000000	0.000000	0.000000	0.000000	0.000000	0.000000	0.000000	0.000000	0.000000	0.000000	0.000000	0.000000	0.000000	0.000000	0.000000	0.000000	0.000000	0.000000	0.000000	0.000000	0.000000	0.000000	0.000000	0.000000	0.000000	0.000000	0.000000	0.000000	0.000000	0.000000	0.000000	0.000000	0.000000	0.000000	0.000000	0.000000	0.000000	0.000000	0.000000	0.000000	0.000000	0.000000	0.000000	0.000000	0.000000	0.000000	0.000000	0.000000	0.000000	0.000000	0.000000	0.000000	0.000000	0.000000	0.000000	0.000000	0.000000	0.000000	0.000000	0.000000	0.000000	0.000000	0.000000	0.000000	0.000000	0.000000	0.000000	0.000000	0.000000	0.000000	0.000000	0.000000	0.000000	0.000000	0.000000	0.000000	0.000000	0.000000	0.000000	0.000000	0.000000	0.000000	0.000000	0.000000	0.000000	0.000000	0.000000	0.000000	0.000000	0.000000	0.000000	0.000000	0.000000	0.000000	0.000000	0.000000	0.000000	0.000000	0.000000	0.000000	0.000000	0.000000	0.000000	0.000000	0.000000	0.000000	0.000000	0.000000	0.000000	0.000000	0.000000	0.000000	0.000000	0.000000	0.000000	0.000000	0.000000	0.000000	0.000000	0.000000	0.000000	0.000000	0.000000	0.000000	0.000000	0.000000	0.000000	0.000000	0.000000	0.000000	0.000000	0.000000	0.000000	0.000000	0.000000	0.000000	0.000000	0.000000	0.000000	0.000000	0.000000	0.000000	0.000000	0.000000	0.000000	0.000000	0.000000	0.000000	0.000000	0.000000	
input14
0.000000	0.000000	0.000000	0.000000	0.000000	0.000000	0.000000	0.000000	0.000000	0.000000	0.000000	0.000000	0.000000	0.000000	0.000000	0.000000	0.000000	0.000000	0.000000	0.000000	0.000000	0.000000	0.000000	0.000000	0.000000	0.000000	0.000000	0.000000	0.000000	0.000000	0.000000	0.000000	0.000000	0.000000	0.000000	0.000000	0.000000	0.000000	0.000000	0.000000	0.000000	0.000000	0.000000	0.000000	0.000000	0.000000	0.000000	0.000000	0.000000	0.000000	0.000000	0.000000	0.000000	0.000000	0.000000	0.000000	0.000000	0.000000	0.000000	0.000000	0.000000	0.000000	0.000000	0.000000	0.000000	0.000000	0.000000	0.000000	0.000000	0.000000	0.000000	0.000000	0.000000	0.000000	0.000000	0.000000	0.000000	0.000000	0.000000	0.000000	0.000000	0.000000	0.000000	0.000000	0.000000	0.000000	0.000000	0.000000	0.000000	0.000000	0.000000	0.000000	0.000000	0.000000	0.000000	0.000000	0.000000	0.000000	0.000000	0.000000	0.000000	0.000000	0.000000	0.000000	0.000000	0.000000	0.000000	0.000000	0.000000	0.000000	0.000000	0.000000	0.000000	0.000000	0.000000	0.000000	0.000000	0.000000	0.000000	0.000000	0.000000	0.000000	0.000000	0.000000	0.000000	0.000000	0.000000	0.000000	0.000000	0.000000	0.000000	0.000000	0.000000	0.000000	0.000000	0.000000	0.000000	0.000000	0.000000	0.000000	0.000000	0.000000	0.000000	0.000000	0.000000	0.000000	0.000000	0.000000	0.000000	0.000000	0.000000	0.000000	0.000000	0.000000	0.000000	0.000000	0.000000	0.000000	0.000000	0.000000	0.000000	0.000000	
input15
0.000000	0.000000	0.000000	0.000000	0.000000	0.000000	0.000000	0.000000	0.000000	0.000000	0.000000	0.000000	0.000000	0.000000	0.000000	0.000000	0.000000	0.000000	0.000000	3.000000	
output1
44.768255	44.768255	44.768255	44.768255	44.768255	44.768255	43.701238	64.106908	68.138802	67.540451	67.891467	67.608588	67.838570	66.505327	64.644590	60.995983	58.265997	51.943669	50.742380	48.575466	46.196783	43.579327	39.845046	38.139767	32.370716	27.050716	21.508569	16.522157	14.664156	15.025091	17.744219	23.065661	35.550765	39.265592	52.777792	59.619734	62.507564	69.998673	77.407831	79.011890	79.004834	78.132113	76.114543	73.065242	69.388196	69.096019	57.830405	46.714555	33.644107	28.781392	25.339375	14.565029	19.778685	23.889472	35.599078	45.950054	49.198284	59.390041	68.164797	69.975155	77.035444	79.188346	78.190222	74.840760	69.970742	67.117176	54.015245	33.240886	24.345973	23.969961	14.137419	40.203532	44.905126	54.860149	71.234885	77.839751	79.267175	79.249354	78.078341	75.915893	68.094376	66.620156	67.262475	69.402850	74.174250	72.542516	74.870186	77.075324	77.683572	75.608037	74.096244	67.004704	58.314155	56.206494	55.542618	45.270833	33.264059	26.998454	32.221612	27.514884	38.990816	52.000983	56.705465	66.529956	74.837107	77.335507	77.612673	73.893972	72.913251	68.507476	61.559986	54.015741	41.651863	21.838898	26.121821	22.436460	29.069756	24.437649	38.059060	50.788449	65.386739	70.768727	76.892613	78.604795	74.151738	64.898562	56.396240	39.721380	23.580095	26.883300	25.797344	38.180483	42.037538	56.681029	69.785173	77.567905	78.523714	78.431663	75.061098	64.437227	59.305779	56.923638	55.972850	48.471839	38.432168	31.805287	28.109722	25.365340	24.479302	25.520604	29.092752	34.960976	46.187658	56.623474	52.790177	64.326027	60.033680	74.783135	78.063873	80.410408	78.467256	77.586647	
output2
45.947426	45.947426	45.947426	45.947426	45.947426	45.947426	41.863725	43.066853	44.624579	45.402420	45.446752	45.396984	45.573848	45.261169	45.436152	45.643012	45.849759	45.569306	45.689007	45.583604	45.590081	45.466039	45.586814	45.626669	45.300761	45.036451	44.904861	44.964193	45.057732	45.306075	45.387567	45.235401	45.190455	45.053815	45.621824	45.536108	45.399091	45.176384	45.523467	45.746707	45.205161	45.485875	45.642793	45.536412	45.679412	45.751058	45.388957	45.428814	45.438500	48.958410	45.560304	45.036013	44.990067	44.328125	45.093078	45.330993	45.431013	45.259105	46.039422	46.163953	45.743819	46.080369	45.339147	46.076638	45.894154	45.898017	44.664620	44.812364	44.399538	44.458620	44.658208	45.702401	45.795788	44.222266	44.498379	45.639233	45.919552	45.660855	45.399888	45.585630	45.973138	46.281535	45.906112	45.216810	49.578445	45.478143	48.029862	46.271740	46.633075	46.267569	46.354151	46.470682	46.656814	44.559976	46.349612	46.054577	45.537918	44.912273	55.660683	45.029251	45.292716	46.130764	46.306833	46.183142	45.932752	45.925128	45.846102	46.308003	46.460541	46.967171	46.884139	46.644987	46.451864	38.913038	46.129675	45.885373	52.590280	45.654121	45.867238	46.330147	46.061146	46.088292	45.985473	46.343665	45.397832	46.288823	45.794024	44.841191	44.842646	45.150713	45.163579	56.275308	45.755172	45.988601	45.162368	45.835747	46.234188	46.317479	45.674624	46.246194	46.221777	43.791664	46.419463	45.493725	38.088224	44.966643	44.995427	44.683333	44.755475	44.538730	44.043303	43.740700	44.292640	45.235975	38.168298	45.527083	30.117297	45.330501	46.394843	48.469181	46.421472	46.190546	
output3
45.947426	45.947426	45.947426	45.947426	45.947426	45.947426	41.863725	43.066853	44.624579	45.402420	45.446752	45.396984	45.573848	45.261169	45.436152	45.643012	45.849759	45.569306	45.689007	45.583604	45.590081	45.466039	45.586814	45.626669	45.300761	45.036451	44.904861	44.964193	45.057732	45.306075	45.387567	45.235401	45.190455	45.053815	45.621824	45.536108	45.399091	45.176384	45.523467	45.746707	45.205161	45.485875	45.642793	45.536412	45.679412	45.751058	45.388957	45.428814	45.438500	48.958410	45.560304	45.036013	44.990067	44.328125	45.093078	45.330993	45.431013	45.259105	46.039422	46.163953	45.743819	46.080369	45.339147	46.076638	45.894154	45.898017	44.664620	44.812364	44.399538	44.458620	44.658208	45.702401	45.795788	44.222266	44.498379	45.639233	45.919552	45.660855	45.399888	45.585630	45.973138	46.281535	45.906112	45.216810	49.578445	45.478143	48.029862	46.271740	46.633075	46.267569	46.354151	46.470682	46.656814	44.559976	46.349612	46.054577	45.537918	44.912273	55.660683	45.029251	45.292716	46.130764	46.306833	46.183142	45.932752	45.925128	45.846102	46.308003	46.460541	46.967171	46.884139	46.644987	46.451864	38.913038	46.129675	45.885373	52.590280	45.654121	45.867238	46.330147	46.061146	46.088292	45.985473	46.343665	45.397832	46.288823	45.794024	44.841191	44.842646	45.150713	45.163579	56.275308	45.755172	45.988601	45.162368	45.835747	46.234188	46.317479	45.674624	46.246194	46.221777	43.791664	46.419463	45.493725	38.088224	44.966643	44.995427	44.683333	44.755475	44.538730	44.043303	43.740700	44.292640	45.235975	38.168298	45.527083	30.117297	45.330501	46.394843	48.469181	46.421472	46.190546	
output4
1.000000	0.000000	0.000000	1.000000	0.000000	1.000000	-11.119359	27.988211	-17.872278	53.646688	17.197347	39.509269	45.557154	0.963912	15.439857	45.557154	0.963912	15.439857	0.000000	3.000000	