input0
307.000000
input1
0.000000	0.000000	0.000000	0.000000	0.000000	0.000000	0.000000	0.000000	0.000000	0.000000	0.000000	0.000000	0.000000	0.000000	0.000000	0.000000	0.000000	0.000000	0.000000	0.000000	0.000000	0.000000	0.000000	0.000000	0.000000	0.000000	0.000000	0.000000	0.000000	0.000000	0.000000	0.000000	0.000000	0.000000	0.000000	0.000000	0.000000	0.000000	0.000000	0.000000	0.000000	0.000000	0.000000	0.000000	0.000000	0.000000	0.000000	0.000000	0.000000	0.000000	0.000000	0.000000	0.000000	0.000000	0.000000	0.000000	0.000000	0.000000	0.000000	0.000000	0.000000	0.000000	0.000000	0.000000	0.000000	0.000000	0.000000	0.000000	0.000000	0.000000	0.000000	0.000000	0.000000	0.000000	0.000000	0.000000	0.000000	0.000000	0.000000	0.000000	0.000000	0.000000	0.000000	0.000000	0.000000	0.000000	0.000000	0.000000	0.000000	0.000000	0.000000	0.000000	0.000000	0.000000	0.000000	0.000000	0.000000	0.000000	0.000000	0.000000	0.000000	0.000000	0.000000	0.000000	0.000000	0.000000	0.000000	0.000000	0.000000	0.000000	0.000000	0.000000	0.000000	0.000000	0.000000	0.000000	0.000000	0.000000	0.000000	0.000000	0.000000	0.000000	0.000000	0.000000	0.000000	0.000000	0.000000	0.000000	0.000000	0.000000	0.000000	0.000000	0.000000	0.000000	0.000000	0.000000	0.000000	0.000000	0.000000	0.000000	0.000000	0.000000	0.000000	0.000000	0.000000	0.000000	0.000000	0.000000	0.000000	0.000000	0.000000	0.000000	0.000000	0.000000	0.000000	0.000000	0.000000	0.000000	0.000000	0.000000	0.000000	0.000000	0.000000	0.000000	0.000000	0.000000	0.000000	0.000000	0.000000	0.000000	0.000000	0.000000	0.000000	0.000000	0.000000	0.000000	0.000000	0.000000	0.000000	0.000000	0.000000	0.000000	0.000000	0.000000	0.000000	0.000000	0.000000	0.000000	0.000000	0.000000	0.000000	0.000000	0.000000	0.000000	0.000000	0.000000	0.000000	0.000000	0.000000	0.000000	0.000000	0.000000	0.000000	0.000000	0.000000	0.000000	0.000000	0.000000	0.000000	0.000000	0.000000	0.000000	0.000000	0.000000	0.000000	0.000000	0.000000	0.000000	0.000000	0.000000	0.000000	0.000000	0.000000	0.000000	0.000000	0.000000	0.000000	0.000000	0.000000	0.000000	0.000000	0.000000	0.000000	0.000000	0.000000	0.000000	0.000000	0.000000	0.000000	0.000000	0.000000	0.000000	0.000000	0.000000	0.000000	0.000000	0.000000	0.000000	0.000000	0.000000	0.000000	0.000000	0.000000	0.000000	0.000000	0.000000	0.000000	0.000000	0.000000	0.000000	0.000000	0.000000	0.000000	0.000000	0.000000	0.000000	0.000000	0.000000	0.000000	0.000000	0.000000	0.000000	0.000000	0.000000	0.000000	0.000000	0.000000	0.000000	0.000000	0.000000	0.000000	0.000000	0.000000	0.000000	0.000000	0.000000	0.000000	0.000000	0.000000	0.000000	0.000000	0.000000	0.000000	0.000000	0.000000	0.000000	0.000000	0.000000	0.000000	0.000000	0.000000	0.000000	0.000000	0.000000	0.000000	0.000000	0.000000	
input2
0.000000	0.000000	0.000000	0.000000	0.000000	0.000000	0.000000	0.000000	0.000000	0.000000	0.000000	0.000000	0.000000	0.000000	0.000000	0.000000	0.000000	0.000000	0.000000	0.000000	0.000000	0.000000	0.000000	0.000000	0.000000	0.000000	0.000000	0.000000	0.000000	0.000000	0.000000	0.000000	0.000000	0.000000	0.000000	0.000000	0.000000	0.000000	0.000000	0.000000	0.000000	0.000000	0.000000	0.000000	0.000000	0.000000	0.000000	0.000000	0.000000	0.000000	0.000000	0.000000	0.000000	0.000000	0.000000	0.000000	0.000000	0.000000	0.000000	0.000000	0.000000	0.000000	0.000000	0.000000	0.000000	0.000000	0.000000	0.000000	0.000000	0.000000	0.000000	0.000000	0.000000	0.000000	0.000000	0.000000	0.000000	0.000000	0.000000	0.000000	0.000000	0.000000	0.000000	0.000000	0.000000	0.000000	0.000000	0.000000	0.000000	0.000000	0.000000	0.000000	0.000000	0.000000	0.000000	0.000000	0.000000	0.000000	0.000000	0.000000	0.000000	0.000000	0.000000	0.000000	0.000000	0.000000	0.000000	0.000000	0.000000	0.000000	0.000000	0.000000	0.000000	0.000000	0.000000	0.000000	0.000000	0.000000	0.000000	0.000000	0.000000	0.000000	0.000000	0.000000	0.000000	0.000000	0.000000	0.000000	0.000000	0.000000	0.000000	0.000000	0.000000	0.000000	0.000000	0.000000	0.000000	0.000000	0.000000	0.000000	0.000000	0.000000	0.000000	0.000000	0.000000	0.000000	0.000000	0.000000	0.000000	0.000000	0.000000	0.000000	0.000000	0.000000	0.000000	0.000000	0.000000	0.000000	0.000000	0.000000	0.000000	0.000000	0.000000	0.000000	0.000000	0.000000	0.000000	0.000000	0.000000	0.000000	0.000000	0.000000	0.000000	0.000000	0.000000	0.000000	0.000000	0.000000	0.000000	0.000000	0.000000	0.000000	0.000000	0.000000	0.000000	0.000000	0.000000	0.000000	0.000000	0.000000	0.000000	0.000000	0.000000	0.000000	0.000000	0.000000	0.000000	0.000000	0.000000	0.000000	0.000000	0.000000	0.000000	0.000000	0.000000	0.000000	0.000000	0.000000	0.000000	0.000000	0.000000	0.000000	0.000000	0.000000	0.000000	0.000000	0.000000	0.000000	0.000000	0.000000	0.000000	0.000000	0.000000	0.000000	0.000000	0.000000	0.000000	0.000000	0.000000	0.000000	0.000000	0.000000	0.000000	0.000000	0.000000	0.000000	0.000000	0.000000	0.000000	0.000000	0.000000	0.000000	0.000000	0.000000	0.000000	0.000000	0.000000	0.000000	0.000000	0.000000	0.000000	0.000000	0.000000	0.000000	0.000000	0.000000	0.000000	0.000000	0.000000	0.000000	0.000000	0.000000	0.000000	0.000000	0.000000	0.000000	0.000000	0.000000	0.000000	0.000000	0.000000	0.000000	0.000000	0.000000	0.000000	0.000000	0.000000	0.000000	0.000000	0.000000	0.000000	0.000000	0.000000	0.000000	0.000000	0.000000	0.000000	0.000000	0.000000	0.000000	0.000000	0.000000	0.000000	0.000000	0.000000	0.000000	0.000000	0.000000	0.000000	0.000000	0.000000	0.000000	0.000000	0.000000	0.000000	0.000000	0.000000	
input3
0.000000	0.000000	0.000000	0.000000	0.000000	0.000000	0.000000	0.000000	0.000000	0.000000	0.000000	0.000000	0.000000	0.000000	0.000000	0.000000	0.000000	0.000000	0.000000	0.000000	0.000000	0.000000	0.000000	0.000000	0.000000	0.000000	0.000000	0.000000	0.000000	0.000000	0.000000	0.000000	0.000000	0.000000	0.000000	0.000000	0.000000	0.000000	0.000000	0.000000	0.000000	0.000000	0.000000	0.000000	0.000000	0.000000	0.000000	0.000000	0.000000	0.000000	0.000000	0.000000	0.000000	0.000000	0.000000	0.000000	0.000000	0.000000	0.000000	0.000000	0.000000	0.000000	0.000000	0.000000	0.000000	0.000000	0.000000	0.000000	0.000000	0.000000	0.000000	0.000000	0.000000	0.000000	0.000000	0.000000	0.000000	0.000000	0.000000	0.000000	0.000000	0.000000	0.000000	0.000000	0.000000	0.000000	0.000000	0.000000	0.000000	0.000000	0.000000	0.000000	0.000000	0.000000	0.000000	0.000000	0.000000	0.000000	0.000000	0.000000	0.000000	0.000000	0.000000	0.000000	0.000000	0.000000	0.000000	0.000000	0.000000	0.000000	0.000000	0.000000	0.000000	0.000000	0.000000	0.000000	0.000000	0.000000	0.000000	0.000000	0.000000	0.000000	0.000000	0.000000	0.000000	0.000000	0.000000	0.000000	0.000000	0.000000	0.000000	0.000000	0.000000	0.000000	0.000000	0.000000	0.000000	0.000000	0.000000	0.000000	0.000000	0.000000	0.000000	0.000000	0.000000	0.000000	0.000000	0.000000	0.000000	0.000000	0.000000	0.000000	0.000000	0.000000	0.000000	0.000000	0.000000	0.000000	0.000000	0.000000	0.000000	0.000000	0.000000	0.000000	0.000000	0.000000	0.000000	0.000000	0.000000	0.000000	0.000000	0.000000	0.000000	0.000000	0.000000	0.000000	0.000000	0.000000	0.000000	0.000000	0.000000	0.000000	0.000000	0.000000	0.000000	0.000000	0.000000	0.000000	0.000000	0.000000	0.000000	0.000000	0.000000	0.000000	0.000000	0.000000	0.000000	0.000000	0.000000	0.000000	0.000000	0.000000	0.000000	0.000000	0.000000	0.000000	0.000000	0.000000	0.000000	0.000000	0.000000	0.000000	0.000000	0.000000	0.000000	0.000000	0.000000	0.000000	0.000000	0.000000	0.000000	0.000000	0.000000	0.000000	0.000000	0.000000	0.000000	0.000000	0.000000	0.000000	0.000000	0.000000	0.000000	0.000000	0.000000	0.000000	0.000000	0.000000	0.000000	0.000000	0.000000	0.000000	0.000000	0.000000	0.000000	0.000000	0.000000	0.000000	0.000000	0.000000	0.000000	0.000000	0.000000	0.000000	0.000000	0.000000	0.000000	0.000000	0.000000	0.000000	0.000000	0.000000	0.000000	0.000000	0.000000	0.000000	0.000000	0.000000	0.000000	0.000000	0.000000	0.000000	0.000000	0.000000	0.000000	0.000000	0.000000	0.000000	0.000000	0.000000	0.000000	0.000000	0.000000	0.000000	0.000000	0.000000	0.000000	0.000000	0.000000	0.000000	0.000000	0.000000	0.000000	0.000000	0.000000	0.000000	0.000000	0.000000	0.000000	0.000000	0.000000	0.000000	0.000000	0.000000	0.000000	0.000000	0.000000	
input4
9.913000	9.913000	9.913000	9.913000	9.913000	9.913000	-1.967000	-1.967000	-10.040000	-10.653000	-11.653000	-10.093000	-9.240000	-8.827000	-8.680000	-7.900000	-7.880000	-7.240000	-7.093000	-7.313000	-7.740000	-8.413000	-9.213000	-9.193000	-9.227000	-8.927000	-8.193000	-8.053000	-8.453000	-8.753000	-8.953000	-9.940000	-8.313000	-8.627000	-9.567000	-9.367000	-9.027000	-9.767000	-10.427000	-10.313000	-10.393000	-10.080000	-9.967000	-10.280000	-10.627000	-8.513000	-8.513000	-7.040000	-7.813000	-7.967000	-7.967000	-8.593000	-10.153000	-10.540000	-10.680000	-11.327000	-11.853000	-12.053000	-10.700000	-10.313000	-8.300000	-8.740000	-10.813000	-10.740000	-9.580000	-9.380000	-10.353000	-9.867000	-9.153000	-8.100000	-8.100000	-7.440000	-7.440000	-8.153000	-10.280000	-10.813000	-10.000000	-10.280000	-11.053000	-10.853000	-8.453000	-7.993000	-11.253000	-21.940000	-34.153000	-34.153000	-38.853000	-38.853000	-39.800000	-47.340000	-51.080000	-57.500000	-54.693000	-52.440000	-52.440000	-41.467000	-24.240000	-12.893000	21.807000	21.807000	32.347000	34.107000	32.133000	20.707000	-3.313000	-18.893000	-31.580000	-51.753000	-53.413000	-57.867000	-56.627000	-51.180000	-36.580000	-8.953000	-8.953000	4.760000	19.087000	19.087000	32.487000	34.773000	22.900000	12.333000	-10.880000	-31.753000	-49.167000	-57.267000	-52.353000	-32.640000	7.420000	18.773000	18.773000	33.833000	33.833000	31.960000	12.760000	-17.027000	-24.467000	-35.613000	-48.353000	-56.980000	-54.267000	-51.653000	-51.653000	-43.967000	-32.567000	-18.853000	-10.293000	-1.827000	6.507000	14.787000	22.447000	28.500000	33.160000	31.247000	23.600000	23.600000	-4.813000	-4.813000	-19.680000	-27.553000	-27.553000	-37.313000	-38.900000	-40.200000	-40.627000	-42.893000	-44.880000	-46.540000	-48.900000	-48.900000	-50.893000	-53.167000	-55.427000	-56.253000	-57.127000	-56.453000	-54.553000	-52.127000	-49.080000	-45.127000	-40.853000	-35.640000	-30.080000	-25.400000	-21.380000	-18.053000	-14.913000	-8.193000	-5.193000	5.333000	8.720000	15.960000	25.300000	25.300000	31.487000	33.073000	34.307000	34.360000	32.500000	29.933000	26.333000	20.800000	14.233000	7.360000	0.033000	-6.613000	-13.167000	-20.867000	-28.740000	-35.900000	-41.700000	-47.327000	-49.913000	-49.913000	-52.327000	-52.327000	-56.540000	-57.027000	-57.027000	-56.367000	-55.253000	-53.553000	-50.993000	-48.627000	-45.280000	-41.640000	-36.953000	-31.680000	-26.140000	-19.980000	-14.027000	-5.040000	0.347000	0.347000	10.507000	16.933000	22.707000	27.600000	27.600000	30.187000	32.860000	33.820000	34.300000	33.833000	30.900000	26.833000	21.500000	13.007000	13.007000	6.760000	-1.867000	-5.313000	-11.800000	-18.580000	-26.040000	-29.667000	-39.653000	-44.940000	-52.913000	-54.813000	-55.993000	-56.480000	-56.353000	-55.127000	-51.253000	-48.027000	-44.680000	-42.653000	-35.800000	-29.640000	-22.193000	-22.193000	-15.067000	-7.667000	5.120000	9.160000	9.160000	16.200000	16.200000	22.100000	27.460000	30.260000	32.420000	32.420000	32.807000	30.300000	26.673000	21.947000	16.820000	12.000000	12.000000	4.687000	4.687000	-1.000000	-6.927000	-12.167000	-24.053000	-30.327000	-34.093000	-40.927000	-40.927000	-46.853000	-46.853000	-52.493000	-54.413000	-55.780000	-56.340000	
input5
37.840000	37.840000	37.840000	37.840000	37.840000	37.840000	37.840000	63.953000	67.320000	66.393000	66.607000	66.580000	66.967000	65.507000	63.140000	58.300000	54.333000	45.480000	43.667000	40.507000	36.887000	32.960000	27.153000	24.673000	16.913000	10.160000	3.407000	-3.613000	-8.453000	-11.387000	-14.953000	-16.873000	-15.140000	-13.200000	-2.420000	7.340000	12.640000	28.860000	51.480000	59.173000	68.247000	72.427000	73.600000	72.053000	68.493000	68.493000	53.827000	37.993000	19.107000	7.687000	7.687000	-9.747000	-15.587000	-16.173000	-15.360000	-9.380000	-6.627000	6.647000	22.220000	26.347000	50.453000	60.013000	72.153000	73.387000	69.280000	66.000000	48.273000	18.380000	7.280000	7.280000	-10.953000	-13.253000	-10.033000	2.907000	33.500000	52.753000	60.247000	70.087000	72.507000	73.513000	67.320000	65.520000	65.813000	65.680000	65.680000	63.960000	63.960000	64.900000	64.720000	56.720000	51.367000	30.347000	11.347000	11.347000	7.013000	-6.640000	-15.600000	-16.873000	-16.873000	-2.700000	15.527000	36.453000	44.267000	61.353000	73.180000	73.220000	68.987000	50.147000	47.093000	32.453000	16.720000	4.120000	-10.847000	-10.847000	-18.073000	-15.020000	-15.020000	-6.027000	14.420000	33.753000	59.007000	67.647000	73.973000	69.480000	52.747000	24.407000	8.120000	-11.313000	-12.840000	-5.847000	-5.847000	-5.847000	19.967000	43.980000	66.320000	73.440000	72.247000	67.287000	54.440000	22.440000	11.687000	11.687000	5.560000	-3.407000	-3.407000	-16.267000	-16.953000	-15.673000	-13.113000	-8.220000	-0.520000	9.453000	26.967000	43.840000	43.840000	57.420000	57.420000	72.847000	73.580000	73.580000	71.400000	66.007000	66.007000	59.333000	54.773000	39.167000	29.267000	23.007000	23.007000	22.140000	21.667000	21.473000	21.433000	21.580000	22.780000	23.613000	23.867000	23.253000	22.840000	22.373000	22.193000	22.667000	22.487000	22.347000	22.233000	21.913000	21.913000	22.053000	22.180000	22.580000	22.627000	22.620000	22.620000	22.960000	24.260000	24.793000	25.107000	25.727000	26.113000	26.000000	25.873000	25.567000	25.287000	25.493000	25.833000	25.673000	25.113000	23.833000	22.893000	22.367000	22.460000	23.187000	23.187000	23.120000	23.120000	23.347000	24.047000	24.640000	24.820000	25.213000	25.233000	24.707000	23.707000	23.340000	23.393000	23.933000	24.220000	24.407000	24.687000	25.200000	25.200000	25.367000	25.367000	24.693000	23.753000	23.340000	23.213000	23.213000	23.593000	23.773000	24.307000	24.967000	25.047000	25.680000	26.073000	26.613000	27.013000	27.013000	27.447000	27.347000	27.547000	27.347000	27.200000	26.220000	25.240000	24.707000	23.520000	23.527000	23.240000	22.860000	22.680000	22.407000	22.567000	22.500000	22.847000	22.907000	23.080000	23.027000	23.040000	23.087000	23.087000	22.947000	22.733000	22.413000	21.733000	21.733000	21.720000	21.720000	21.607000	21.253000	21.300000	21.447000	21.447000	21.953000	22.500000	22.253000	22.313000	22.320000	22.487000	22.487000	22.893000	22.893000	23.027000	23.187000	23.260000	23.260000	23.407000	23.933000	24.013000	24.013000	24.307000	24.307000	24.060000	24.220000	24.353000	24.073000	23.400000	
input6
21.773000	21.773000	21.773000	21.773000	21.773000	21.773000	21.773000	3.980000	3.180000	6.340000	6.080000	6.013000	5.667000	7.340000	10.813000	16.100000	19.513000	24.027000	24.853000	25.793000	26.713000	27.240000	27.667000	27.593000	26.013000	23.427000	19.593000	13.967000	8.493000	4.413000	-3.333000	-12.187000	-31.073000	-35.960000	-51.847000	-58.420000	-60.547000	-63.020000	-56.860000	-51.333000	-38.420000	-27.520000	-16.647000	-6.420000	3.240000	3.240000	19.353000	26.253000	26.567000	26.567000	22.793000	6.580000	-6.720000	-14.073000	-30.287000	-43.533000	-47.287000	-57.773000	-63.547000	-64.000000	-57.620000	-50.920000	-28.120000	-10.007000	2.100000	7.793000	21.913000	25.880000	21.353000	21.353000	3.780000	-37.220000	-43.133000	-54.173000	-62.020000	-56.207000	-50.533000	-35.533000	-26.773000	-15.533000	5.780000	9.027000	8.140000	4.640000	4.640000	-2.260000	-2.260000	-14.800000	-16.187000	-16.073000	-15.573000	-16.200000	-16.747000	-16.747000	-16.907000	-16.907000	-16.600000	-16.673000	-16.673000	-16.560000	-15.260000	-14.560000	-14.947000	-15.273000	-15.307000	-16.207000	-16.347000	-16.347000	-15.673000	-17.073000	-17.420000	-16.773000	-16.707000	-16.707000	-16.600000	-15.973000	-15.973000	-14.020000	-13.607000	-15.200000	-16.407000	-16.733000	-17.947000	-18.520000	-17.287000	-18.347000	-19.333000	-19.607000	-18.333000	-18.333000	-16.700000	-16.700000	-14.960000	-16.033000	-17.573000	-18.260000	-18.647000	-18.860000	-18.233000	-20.047000	-20.873000	-20.873000	-20.833000	-20.120000	-20.120000	-19.787000	-19.920000	-19.860000	-19.620000	-19.107000	-18.500000	-17.907000	-17.507000	-17.547000	-17.547000	-16.847000	-16.847000	-16.207000	-17.107000	-17.107000	-17.320000	-16.447000	-16.447000	-6.287000	-2.607000	7.613000	11.567000	11.113000	11.113000	8.280000	4.400000	-1.260000	-8.060000	-11.360000	-21.587000	-27.900000	-34.160000	-40.107000	-45.120000	-49.920000	-54.073000	-57.687000	-60.520000	-62.260000	-63.260000	-63.707000	-63.707000	-63.833000	-63.233000	-60.047000	-58.347000	-53.273000	-53.273000	-43.300000	-32.987000	-29.600000	-23.020000	-15.887000	-4.847000	2.213000	8.453000	14.580000	19.667000	23.680000	26.567000	27.593000	27.413000	26.027000	23.000000	19.240000	15.167000	9.500000	9.500000	5.793000	5.793000	0.827000	-11.760000	-16.907000	-19.407000	-25.260000	-31.073000	-36.233000	-42.073000	-45.707000	-49.400000	-53.007000	-56.487000	-59.260000	-61.247000	-62.687000	-62.687000	-63.500000	-62.960000	-61.660000	-56.273000	-51.487000	-45.760000	-45.760000	-39.873000	-35.160000	-27.347000	-22.000000	-16.160000	-10.147000	-0.700000	6.253000	13.167000	13.167000	20.500000	23.793000	26.313000	26.813000	26.980000	26.113000	23.680000	22.100000	15.927000	10.980000	-1.620000	-7.387000	-12.733000	-18.307000	-24.487000	-30.060000	-39.820000	-45.307000	-49.720000	-51.807000	-56.560000	-59.273000	-59.273000	-61.560000	-62.587000	-62.460000	-58.073000	-58.073000	-55.833000	-55.833000	-51.607000	-46.720000	-38.520000	-32.247000	-32.247000	-24.300000	-12.133000	-3.120000	5.113000	12.213000	17.627000	17.627000	20.993000	20.993000	24.467000	26.027000	26.793000	26.793000	25.340000	22.093000	19.767000	19.767000	14.413000	14.413000	8.800000	0.580000	-5.047000	-12.260000	-20.500000	
input7
0.000000	0.000000	0.000000	0.000000	0.000000	0.000000	0.000000	0.000000	0.000000	0.000000	0.000000	0.000000	0.000000	0.000000	0.000000	0.000000	0.000000	0.000000	0.000000	0.000000	0.000000	0.000000	0.000000	0.000000	0.000000	0.000000	0.000000	0.000000	0.000000	0.000000	0.000000	0.000000	0.000000	0.000000	0.000000	0.000000	0.000000	0.000000	0.000000	0.000000	0.000000	0.000000	0.000000	0.000000	0.000000	0.000000	0.000000	0.000000	0.000000	0.000000	0.000000	0.000000	0.000000	0.000000	0.000000	0.000000	0.000000	0.000000	0.000000	0.000000	0.000000	0.000000	0.000000	0.000000	0.000000	0.000000	0.000000	0.000000	0.000000	0.000000	0.000000	0.000000	0.000000	0.000000	0.000000	0.000000	0.000000	0.000000	0.000000	0.000000	0.000000	0.000000	0.000000	0.000000	0.000000	0.000000	0.000000	0.000000	0.000000	0.000000	0.000000	0.000000	0.000000	0.000000	0.000000	0.000000	0.000000	0.000000	0.000000	0.000000	0.000000	0.000000	0.000000	0.000000	0.000000	0.000000	0.000000	0.000000	0.000000	0.000000	0.000000	0.000000	0.000000	0.000000	0.000000	0.000000	0.000000	0.000000	0.000000	0.000000	0.000000	0.000000	0.000000	0.000000	0.000000	0.000000	0.000000	0.000000	0.000000	0.000000	0.000000	0.000000	0.000000	0.000000	0.000000	0.000000	0.000000	0.000000	0.000000	0.000000	0.000000	0.000000	0.000000	0.000000	0.000000	0.000000	0.000000	0.000000	0.000000	0.000000	0.000000	0.000000	0.000000	0.000000	0.000000	0.000000	0.000000	0.000000	0.000000	0.000000	0.000000	0.000000	0.000000	0.000000	0.000000	0.000000	0.000000	0.000000	0.000000	0.000000	0.000000	0.000000	0.000000	0.000000	0.000000	0.000000	0.000000	0.000000	0.000000	0.000000	0.000000	0.000000	0.000000	0.000000	0.000000	0.000000	0.000000	0.000000	0.000000	0.000000	0.000000	0.000000	0.000000	0.000000	0.000000	0.000000	0.000000	0.000000	0.000000	0.000000	0.000000	0.000000	0.000000	0.000000	0.000000	0.000000	0.000000	0.000000	0.000000	0.000000	0.000000	0.000000	0.000000	0.000000	0.000000	0.000000	0.000000	0.000000	0.000000	0.000000	0.000000	0.000000	0.000000	0.000000	0.000000	0.000000	0.000000	0.000000	0.000000	0.000000	0.000000	0.000000	0.000000	0.000000	0.000000	0.000000	0.000000	0.000000	0.000000	0.000000	0.000000	0.000000	0.000000	0.000000	0.000000	0.000000	0.000000	0.000000	0.000000	0.000000	0.000000	0.000000	0.000000	0.000000	0.000000	0.000000	0.000000	0.000000	0.000000	0.000000	0.000000	0.000000	0.000000	0.000000	0.000000	0.000000	0.000000	0.000000	0.000000	0.000000	0.000000	0.000000	0.000000	0.000000	0.000000	0.000000	0.000000	0.000000	0.000000	0.000000	0.000000	0.000000	0.000000	0.000000	0.000000	0.000000	0.000000	0.000000	0.000000	0.000000	0.000000	0.000000	0.000000	0.000000	0.000000	0.000000	0.000000	0.000000	0.000000	0.000000	0.000000	0.000000	0.000000	0.000000	0.000000	0.000000	0.000000	
input8
0.000000	0.000000	0.000000	0.000000	0.000000	0.000000	0.000000	0.000000	0.000000	0.000000	0.000000	0.000000	0.000000	0.000000	0.000000	0.000000	0.000000	0.000000	0.000000	0.000000	0.000000	0.000000	0.000000	0.000000	0.000000	0.000000	0.000000	0.000000	0.000000	0.000000	0.000000	0.000000	0.000000	0.000000	0.000000	0.000000	0.000000	0.000000	0.000000	0.000000	0.000000	0.000000	0.000000	0.000000	0.000000	0.000000	0.000000	0.000000	0.000000	0.000000	0.000000	0.000000	0.000000	0.000000	0.000000	0.000000	0.000000	0.000000	0.000000	0.000000	0.000000	0.000000	0.000000	0.000000	0.000000	0.000000	0.000000	0.000000	0.000000	0.000000	0.000000	0.000000	0.000000	0.000000	0.000000	0.000000	0.000000	0.000000	0.000000	0.000000	0.000000	0.000000	0.000000	0.000000	0.000000	0.000000	0.000000	0.000000	0.000000	0.000000	0.000000	0.000000	0.000000	0.000000	0.000000	0.000000	0.000000	0.000000	0.000000	0.000000	0.000000	0.000000	0.000000	0.000000	0.000000	0.000000	0.000000	0.000000	0.000000	0.000000	0.000000	0.000000	0.000000	0.000000	0.000000	0.000000	0.000000	0.000000	0.000000	0.000000	0.000000	0.000000	0.000000	0.000000	0.000000	0.000000	0.000000	0.000000	0.000000	0.000000	0.000000	0.000000	0.000000	0.000000	0.000000	0.000000	0.000000	0.000000	0.000000	0.000000	0.000000	0.000000	0.000000	0.000000	0.000000	0.000000	0.000000	0.000000	0.000000	0.000000	0.000000	0.000000	0.000000	0.000000	0.000000	0.000000	0.000000	0.000000	0.000000	0.000000	0.000000	0.000000	0.000000	0.000000	0.000000	0.000000	0.000000	0.000000	0.000000	0.000000	0.000000	0.000000	0.000000	0.000000	0.000000	0.000000	0.000000	0.000000	0.000000	0.000000	0.000000	0.000000	0.000000	0.000000	0.000000	0.000000	0.000000	0.000000	0.000000	0.000000	0.000000	0.000000	0.000000	0.000000	0.000000	0.000000	0.000000	0.000000	0.000000	0.000000	0.000000	0.000000	0.000000	0.000000	0.000000	0.000000	0.000000	0.000000	0.000000	0.000000	0.000000	0.000000	0.000000	0.000000	0.000000	0.000000	0.000000	0.000000	0.000000	0.000000	0.000000	0.000000	0.000000	0.000000	0.000000	0.000000	0.000000	0.000000	0.000000	0.000000	0.000000	0.000000	0.000000	0.000000	0.000000	0.000000	0.000000	0.000000	0.000000	0.000000	0.000000	0.000000	0.000000	0.000000	0.000000	0.000000	0.000000	0.000000	0.000000	0.000000	0.000000	0.000000	0.000000	0.000000	0.000000	0.000000	0.000000	0.000000	0.000000	0.000000	0.000000	0.000000	0.000000	0.000000	0.000000	0.000000	0.000000	0.000000	0.000000	0.000000	0.000000	0.000000	0.000000	0.000000	0.000000	0.000000	0.000000	0.000000	0.000000	0.000000	0.000000	0.000000	0.000000	0.000000	0.000000	0.000000	0.000000	0.000000	0.000000	0.000000	0.000000	0.000000	0.000000	0.000000	0.000000	0.000000	0.000000	0.000000	0.000000	0.000000	0.000000	0.000000	0.000000	0.000000	0.000000	0.000000	0.000000	
input9
0.000000	0.000000	0.000000	0.000000	0.000000	0.000000	0.000000	0.000000	0.000000	0.000000	0.000000	0.000000	0.000000	0.000000	0.000000	0.000000	0.000000	0.000000	0.000000	0.000000	0.000000	0.000000	0.000000	0.000000	0.000000	0.000000	0.000000	0.000000	0.000000	0.000000	0.000000	0.000000	0.000000	0.000000	0.000000	0.000000	0.000000	0.000000	0.000000	0.000000	0.000000	0.000000	0.000000	0.000000	0.000000	0.000000	0.000000	0.000000	0.000000	0.000000	0.000000	0.000000	0.000000	0.000000	0.000000	0.000000	0.000000	0.000000	0.000000	0.000000	0.000000	0.000000	0.000000	0.000000	0.000000	0.000000	0.000000	0.000000	0.000000	0.000000	0.000000	0.000000	0.000000	0.000000	0.000000	0.000000	0.000000	0.000000	0.000000	0.000000	0.000000	0.000000	0.000000	0.000000	0.000000	0.000000	0.000000	0.000000	0.000000	0.000000	0.000000	0.000000	0.000000	0.000000	0.000000	0.000000	0.000000	0.000000	0.000000	0.000000	0.000000	0.000000	0.000000	0.000000	0.000000	0.000000	0.000000	0.000000	0.000000	0.000000	0.000000	0.000000	0.000000	0.000000	0.000000	0.000000	0.000000	0.000000	0.000000	0.000000	0.000000	0.000000	0.000000	0.000000	0.000000	0.000000	0.000000	0.000000	0.000000	0.000000	0.000000	0.000000	0.000000	0.000000	0.000000	0.000000	0.000000	0.000000	0.000000	0.000000	0.000000	0.000000	0.000000	0.000000	0.000000	0.000000	0.000000	0.000000	0.000000	0.000000	0.000000	0.000000	0.000000	0.000000	0.000000	0.000000	0.000000	0.000000	0.000000	0.000000	0.000000	0.000000	0.000000	0.000000	0.000000	0.000000	0.000000	0.000000	0.000000	0.000000	0.000000	0.000000	0.000000	0.000000	0.000000	0.000000	0.000000	0.000000	0.000000	0.000000	0.000000	0.000000	0.000000	0.000000	0.000000	0.000000	0.000000	0.000000	0.000000	0.000000	0.000000	0.000000	0.000000	0.000000	0.000000	0.000000	0.000000	0.000000	0.000000	0.000000	0.000000	0.000000	0.000000	0.000000	0.000000	0.000000	0.000000	0.000000	0.000000	0.000000	0.000000	0.000000	0.000000	0.000000	0.000000	0.000000	0.000000	0.000000	0.000000	0.000000	0.000000	0.000000	0.000000	0.000000	0.000000	0.000000	0.000000	0.000000	0.000000	0.000000	0.000000	0.000000	0.000000	0.000000	0.000000	0.000000	0.000000	0.000000	0.000000	0.000000	0.000000	0.000000	0.000000	0.000000	0.000000	0.000000	0.000000	0.000000	0.000000	0.000000	0.000000	0.000000	0.000000	0.000000	0.000000	0.000000	0.000000	0.000000	0.000000	0.000000	0.000000	0.000000	0.000000	0.000000	0.000000	0.000000	0.000000	0.000000	0.000000	0.000000	0.000000	0.000000	0.000000	0.000000	0.000000	0.000000	0.000000	0.000000	0.000000	0.000000	0.000000	0.000000	0.000000	0.000000	0.000000	0.000000	0.000000	0.000000	0.000000	0.000000	0.000000	0.000000	0.000000	0.000000	0.000000	0.000000	0.000000	0.000000	0.000000	0.000000	0.000000	0.000000	0.000000	0.000000	0.000000	0.000000	0.000000	
input10
0.000000	0.000000	0.000000	0.000000	0.000000	0.000000	0.000000	0.000000	0.000000	0.000000	0.000000	0.000000	0.000000	0.000000	0.000000	0.000000	0.000000	0.000000	0.000000	0.000000	0.000000	0.000000	0.000000	0.000000	0.000000	0.000000	0.000000	0.000000	0.000000	0.000000	0.000000	0.000000	0.000000	0.000000	0.000000	0.000000	0.000000	0.000000	0.000000	0.000000	0.000000	0.000000	0.000000	0.000000	0.000000	0.000000	0.000000	0.000000	0.000000	0.000000	0.000000	0.000000	0.000000	0.000000	0.000000	0.000000	0.000000	0.000000	0.000000	0.000000	0.000000	0.000000	0.000000	0.000000	0.000000	0.000000	0.000000	0.000000	0.000000	0.000000	0.000000	0.000000	0.000000	0.000000	0.000000	0.000000	0.000000	0.000000	0.000000	0.000000	0.000000	0.000000	0.000000	0.000000	0.000000	0.000000	0.000000	0.000000	0.000000	0.000000	0.000000	0.000000	0.000000	0.000000	0.000000	0.000000	0.000000	0.000000	0.000000	0.000000	0.000000	0.000000	0.000000	0.000000	0.000000	0.000000	0.000000	0.000000	0.000000	0.000000	0.000000	0.000000	0.000000	0.000000	0.000000	0.000000	0.000000	0.000000	0.000000	0.000000	0.000000	0.000000	0.000000	0.000000	0.000000	0.000000	0.000000	0.000000	0.000000	0.000000	0.000000	0.000000	0.000000	0.000000	0.000000	0.000000	0.000000	0.000000	0.000000	0.000000	0.000000	0.000000	0.000000	0.000000	0.000000	0.000000	0.000000	0.000000	0.000000	0.000000	0.000000	0.000000	0.000000	0.000000	0.000000	0.000000	0.000000	0.000000	0.000000	0.000000	0.000000	0.000000	0.000000	0.000000	0.000000	0.000000	0.000000	0.000000	0.000000	0.000000	0.000000	0.000000	0.000000	0.000000	0.000000	0.000000	0.000000	0.000000	0.000000	0.000000	0.000000	0.000000	0.000000	0.000000	0.000000	0.000000	0.000000	0.000000	0.000000	0.000000	0.000000	0.000000	0.000000	0.000000	0.000000	0.000000	0.000000	0.000000	0.000000	0.000000	0.000000	0.000000	0.000000	0.000000	0.000000	0.000000	0.000000	0.000000	0.000000	0.000000	0.000000	0.000000	0.000000	0.000000	0.000000	0.000000	0.000000	0.000000	0.000000	0.000000	0.000000	0.000000	0.000000	0.000000	0.000000	0.000000	0.000000	0.000000	0.000000	0.000000	0.000000	0.000000	0.000000	0.000000	0.000000	0.000000	0.000000	0.000000	0.000000	0.000000	0.000000	0.000000	0.000000	0.000000	0.000000	0.000000	0.000000	0.000000	0.000000	0.000000	0.000000	0.000000	0.000000	0.000000	0.000000	0.000000	0.000000	0.000000	0.000000	0.000000	0.000000	0.000000	0.000000	0.000000	0.000000	0.000000	0.000000	0.000000	0.000000	0.000000	0.000000	0.000000	0.000000	0.000000	0.000000	0.000000	0.000000	0.000000	0.000000	0.000000	0.000000	0.000000	0.000000	0.000000	0.000000	0.000000	0.000000	0.000000	0.000000	0.000000	0.000000	0.000000	0.000000	0.000000	0.000000	0.000000	0.000000	0.000000	0.000000	0.000000	0.000000	0.000000	0.000000	0.000000	0.000000	0.000000	0.000000	
input11
0.000000	0.000000	0.000000	0.000000	0.000000	0.000000	0.000000	0.000000	0.000000	0.000000	0.000000	0.000000	0.000000	0.000000	0.000000	0.000000	0.000000	0.000000	0.000000	0.000000	0.000000	0.000000	0.000000	0.000000	0.000000	0.000000	0.000000	0.000000	0.000000	0.000000	0.000000	0.000000	0.000000	0.000000	0.000000	0.000000	0.000000	0.000000	0.000000	0.000000	0.000000	0.000000	0.000000	0.000000	0.000000	0.000000	0.000000	0.000000	0.000000	0.000000	0.000000	0.000000	0.000000	0.000000	0.000000	0.000000	0.000000	0.000000	0.000000	0.000000	0.000000	0.000000	0.000000	0.000000	0.000000	0.000000	0.000000	0.000000	0.000000	0.000000	0.000000	0.000000	0.000000	0.000000	0.000000	0.000000	0.000000	0.000000	0.000000	0.000000	0.000000	0.000000	0.000000	0.000000	0.000000	0.000000	0.000000	0.000000	0.000000	0.000000	0.000000	0.000000	0.000000	0.000000	0.000000	0.000000	0.000000	0.000000	0.000000	0.000000	0.000000	0.000000	0.000000	0.000000	0.000000	0.000000	0.000000	0.000000	0.000000	0.000000	0.000000	0.000000	0.000000	0.000000	0.000000	0.000000	0.000000	0.000000	0.000000	0.000000	0.000000	0.000000	0.000000	0.000000	0.000000	0.000000	0.000000	0.000000	0.000000	0.000000	0.000000	0.000000	0.000000	0.000000	0.000000	0.000000	0.000000	0.000000	0.000000	0.000000	0.000000	0.000000	0.000000	0.000000	0.000000	0.000000	0.000000	0.000000	0.000000	0.000000	0.000000	0.000000	0.000000	0.000000	0.000000	0.000000	0.000000	0.000000	0.000000	0.000000	0.000000	0.000000	0.000000	0.000000	0.000000	0.000000	0.000000	0.000000	0.000000	0.000000	0.000000	0.000000	0.000000	0.000000	0.000000	0.000000	0.000000	0.000000	0.000000	0.000000	0.000000	0.000000	0.000000	0.000000	0.000000	0.000000	0.000000	0.000000	0.000000	0.000000	0.000000	0.000000	0.000000	0.000000	0.000000	0.000000	0.000000	0.000000	0.000000	0.000000	0.000000	0.000000	0.000000	0.000000	0.000000	0.000000	0.000000	0.000000	0.000000	0.000000	0.000000	0.000000	0.000000	0.000000	0.000000	0.000000	0.000000	0.000000	0.000000	0.000000	0.000000	0.000000	0.000000	0.000000	0.000000	0.000000	0.000000	0.000000	0.000000	0.000000	0.000000	0.000000	0.000000	0.000000	0.000000	0.000000	0.000000	0.000000	0.000000	0.000000	0.000000	0.000000	0.000000	0.000000	0.000000	0.000000	0.000000	0.000000	0.000000	0.000000	0.000000	0.000000	0.000000	0.000000	0.000000	0.000000	0.000000	0.000000	0.000000	0.000000	0.000000	0.000000	0.000000	0.000000	0.000000	0.000000	0.000000	0.000000	0.000000	0.000000	0.000000	0.000000	0.000000	0.000000	0.000000	0.000000	0.000000	0.000000	0.000000	0.000000	0.000000	0.000000	0.000000	0.000000	0.000000	0.000000	0.000000	0.000000	0.000000	0.000000	0.000000	0.000000	0.000000	0.000000	0.000000	0.000000	0.000000	0.000000	0.000000	0.000000	0.000000	0.000000	0.000000	0.000000	0.000000	0.000000	0.000000	
input12
0.000000	0.000000	0.000000	0.000000	0.000000	0.000000	0.000000	0.000000	0.000000	0.000000	0.000000	0.000000	0.000000	0.000000	0.000000	0.000000	0.000000	0.000000	0.000000	0.000000	0.000000	0.000000	0.000000	0.000000	0.000000	0.000000	0.000000	0.000000	0.000000	0.000000	0.000000	0.000000	0.000000	0.000000	0.000000	0.000000	0.000000	0.000000	0.000000	0.000000	0.000000	0.000000	0.000000	0.000000	0.000000	0.000000	0.000000	0.000000	0.000000	0.000000	0.000000	0.000000	0.000000	0.000000	0.000000	0.000000	0.000000	0.000000	0.000000	0.000000	0.000000	0.000000	0.000000	0.000000	0.000000	0.000000	0.000000	0.000000	0.000000	0.000000	0.000000	0.000000	0.000000	0.000000	0.000000	0.000000	0.000000	0.000000	0.000000	0.000000	0.000000	0.000000	0.000000	0.000000	0.000000	0.000000	0.000000	0.000000	0.000000	0.000000	0.000000	0.000000	0.000000	0.000000	0.000000	0.000000	0.000000	0.000000	0.000000	0.000000	0.000000	0.000000	0.000000	0.000000	0.000000	0.000000	0.000000	0.000000	0.000000	0.000000	0.000000	0.000000	0.000000	0.000000	0.000000	0.000000	0.000000	0.000000	0.000000	0.000000	0.000000	0.000000	0.000000	0.000000	0.000000	0.000000	0.000000	0.000000	0.000000	0.000000	0.000000	0.000000	0.000000	0.000000	0.000000	0.000000	0.000000	0.000000	0.000000	0.000000	0.000000	0.000000	0.000000	0.000000	0.000000	0.000000	0.000000	0.000000	0.000000	0.000000	0.000000	0.000000	0.000000	0.000000	0.000000	0.000000	0.000000	0.000000	0.000000	0.000000	0.000000	0.000000	0.000000	0.000000	0.000000	0.000000	0.000000	0.000000	0.000000	0.000000	0.000000	0.000000	0.000000	0.000000	0.000000	0.000000	0.000000	0.000000	0.000000	0.000000	0.000000	0.000000	0.000000	0.000000	0.000000	0.000000	0.000000	0.000000	0.000000	0.000000	0.000000	0.000000	0.000000	0.000000	0.000000	0.000000	0.000000	0.000000	0.000000	0.000000	0.000000	0.000000	0.000000	0.000000	0.000000	0.000000	0.000000	0.000000	0.000000	0.000000	0.000000	0.000000	0.000000	0.000000	0.000000	0.000000	0.000000	0.000000	0.000000	0.000000	0.000000	0.000000	0.000000	0.000000	0.000000	0.000000	0.000000	0.000000	0.000000	0.000000	0.000000	0.000000	0.000000	0.000000	0.000000	0.000000	0.000000	0.000000	0.000000	0.000000	0.000000	0.000000	0.000000	0.000000	0.000000	0.000000	0.000000	0.000000	0.000000	0.000000	0.000000	0.000000	0.000000	0.000000	0.000000	0.000000	0.000000	0.000000	0.000000	0.000000	0.000000	0.000000	0.000000	0.000000	0.000000	0.000000	0.000000	0.000000	0.000000	0.000000	0.000000	0.000000	0.000000	0.000000	0.000000	0.000000	0.000000	0.000000	0.000000	0.000000	0.000000	0.000000	0.000000	0.000000	0.000000	0.000000	0.000000	0.000000	0.000000	0.000000	0.000000	0.000000	0.000000	0.000000	0.000000	0.000000	0.000000	0.000000	0.000000	0.000000	0.000000	0.000000	0.000000	0.000000	0.000000	0.000000	0.000000	
input13
0.000000	0.000000	0.000000	0.000000	0.000000	0.000000	0.000000	0.000000	0.000000	0.000000	0.000000	0.000000	0.000000	0.000000	0.000000	0.000000	0.000000	0.000000	0.000000	0.000000	0.000000	0.000000	0.000000	0.000000	0.000000	0.000000	0.000000	0.000000	0.000000	0.000000	0.000000	0.000000	0.000000	0.000000	0.000000	0.000000	0.000000	0.000000	0.000000	0.000000	0.000000	0.000000	0.000000	0.000000	0.000000	0.000000	0.000000	0.000000	0.000000	0.000000	0.000000	0.000000	0.000000	0.000000	0.000000	0.000000	0.000000	0.000000	0.000000	0.000000	0.000000	0.000000	0.000000	0.000000	0.000000	0.000000	0.000000	0.000000	0.000000	0.000000	0.000000	0.000000	0.000000	0.000000	0.000000	0.000000	0.000000	0.000000	0.000000	0.000000	0.000000	0.000000	0.000000	0.000000	0.000000	0.000000	0.000000	0.000000	0.000000	0.000000	0.000000	0.000000	0.000000	0.000000	0.000000	0.000000	0.000000	0.000000	0.000000	0.000000	0.000000	0.000000	0.000000	0.000000	0.000000	0.000000	0.000000	0.000000	0.000000	0.000000	0.000000	0.000000	0.000000	0.000000	0.000000	0.000000	0.000000	0.000000	0.000000	0.000000	0.000000	0.000000	0.000000	0.000000	0.000000	0.000000	0.000000	0.000000	0.000000	0.000000	0.000000	0.000000	0.000000	0.000000	0.000000	0.000000	0.000000	0.000000	0.000000	0.000000	0.000000	0.000000	0.000000	0.000000	0.000000	0.000000	0.000000	0.000000	0.000000	0.000000	0.000000	0.000000	0.000000	0.000000	0.000000	0.000000	0.000000	0.000000	0.000000	0.000000	0.000000	0.000000	0.000000	0.000000	0.000000	0.000000	0.000000	0.000000	0.000000	0.000000	0.000000	0.000000	0.000000	0.000000	0.000000	0.000000	0.000000	0.000000	0.000000	0.000000	0.000000	0.000000	0.000000	0.000000	0.000000	0.000000	0.000000	0.000000	0.000000	0.000000	0.000000	0.000000	0.000000	0.000000	0.000000	0.000000	0.000000	0.000000	0.000000	0.000000	0.000000	0.000000	0.000000	0.000000	0.000000	0.000000	0.000000	0.000000	0.000000	0.000000	0.000000	0.000000	0.000000	0.000000	0.000000	0.000000	0.000000	0.000000	0.000000	0.000000	0.000000	0.000000	0.000000	0.000000	0.000000	0.000000	0.000000	0.000000	0.000000	0.000000	0.000000	0.000000	0.000000	0.000000	0.000000	0.000000	0.000000	0.000000	0.000000	0.000000	0.000000	0.000000	0.000000	0.000000	0.000000	0.000000	0.000000	0.000000	0.000000	0.000000	0.000000	0.000000	0.000000	0.000000	0.000000	0.000000	0.000000	0.000000	0.000000	0.000000	0.000000	0.000000	0.000000	0.000000	0.000000	0.000000	0.000000	0.000000	0.000000	0.000000	0.000000	0.000000	0.000000	0.000000	0.000000	0.000000	0.000000	0.000000	0.000000	0.000000	0.000000	0.000000	0.000000	0.000000	0.000000	0.000000	0.000000	0.000000	0.000000	0.000000	0.000000	0.000000	0.000000	0.000000	0.000000	0.000000	0.000000	0.000000	0.000000	0.000000	0.000000	0.000000	0.000000	0.000000	0.000000	0.000000	0.000000	
input14
0.000000	0.000000	0.000000	0.000000	0.000000	0.000000	0.000000	0.000000	0.000000	0.000000	0.000000	0.000000	0.000000	0.000000	0.000000	0.000000	0.000000	0.000000	0.000000	0.000000	0.000000	0.000000	0.000000	0.000000	0.000000	0.000000	0.000000	0.000000	0.000000	0.000000	0.000000	0.000000	0.000000	0.000000	0.000000	0.000000	0.000000	0.000000	0.000000	0.000000	0.000000	0.000000	0.000000	0.000000	0.000000	0.000000	0.000000	0.000000	0.000000	0.000000	0.000000	0.000000	0.000000	0.000000	0.000000	0.000000	0.000000	0.000000	0.000000	0.000000	0.000000	0.000000	0.000000	0.000000	0.000000	0.000000	0.000000	0.000000	0.000000	0.000000	0.000000	0.000000	0.000000	0.000000	0.000000	0.000000	0.000000	0.000000	0.000000	0.000000	0.000000	0.000000	0.000000	0.000000	0.000000	0.000000	0.000000	0.000000	0.000000	0.000000	0.000000	0.000000	0.000000	0.000000	0.000000	0.000000	0.000000	0.000000	0.000000	0.000000	0.000000	0.000000	0.000000	0.000000	0.000000	0.000000	0.000000	0.000000	0.000000	0.000000	0.000000	0.000000	0.000000	0.000000	0.000000	0.000000	0.000000	0.000000	0.000000	0.000000	0.000000	0.000000	0.000000	0.000000	0.000000	0.000000	0.000000	0.000000	0.000000	0.000000	0.000000	0.000000	0.000000	0.000000	0.000000	0.000000	0.000000	0.000000	0.000000	0.000000	0.000000	0.000000	0.000000	0.000000	0.000000	0.000000	0.000000	0.000000	0.000000	0.000000	0.000000	0.000000	0.000000	0.000000	0.000000	0.000000	0.000000	0.000000	0.000000	0.000000	0.000000	0.000000	0.000000	0.000000	0.000000	0.000000	0.000000	0.000000	0.000000	0.000000	0.000000	0.000000	0.000000	0.000000	0.000000	0.000000	0.000000	0.000000	0.000000	0.000000	0.000000	0.000000	0.000000	0.000000	0.000000	0.000000	0.000000	0.000000	0.000000	0.000000	0.000000	0.000000	0.000000	0.000000	0.000000	0.000000	0.000000	0.000000	0.000000	0.000000	0.000000	0.000000	0.000000	0.000000	0.000000	0.000000	0.000000	0.000000	0.000000	0.000000	0.000000	0.000000	0.000000	0.000000	0.000000	0.000000	0.000000	0.000000	0.000000	0.000000	0.000000	0.000000	0.000000	0.000000	0.000000	0.000000	0.000000	0.000000	0.000000	0.000000	0.000000	0.000000	0.000000	0.000000	0.000000	0.000000	0.000000	0.000000	0.000000	0.000000	0.000000	0.000000	0.000000	0.000000	0.000000	0.000000	0.000000	0.000000	0.000000	0.000000	0.000000	0.000000	0.000000	0.000000	0.000000	0.000000	0.000000	0.000000	0.000000	0.000000	0.000000	0.000000	0.000000	0.000000	0.000000	0.000000	0.000000	0.000000	0.000000	0.000000	0.000000	0.000000	0.000000	0.000000	0.000000	0.000000	0.000000	0.000000	0.000000	0.000000	0.000000	0.000000	0.000000	0.000000	0.000000	0.000000	0.000000	0.000000	0.000000	0.000000	0.000000	0.000000	0.000000	0.000000	0.000000	0.000000	0.000000	0.000000	0.000000	0.000000	0.000000	0.000000	0.000000	0.000000	0.000000	0.000000	0.000000	
input15
0.000000	0.000000	0.000000	0.000000	0.000000	0.000000	0.000000	0.000000	0.000000	0.000000	0.000000	0.000000	0.000000	0.000000	0.000000	0.000000	0.000000	0.000000	0.000000	3.000000	
output1
44.768255	44.768255	44.768255	44.768255	44.768255	44.768255	43.701238	64.106908	68.138802	67.540451	67.891467	67.608588	67.838570	66.505327	64.644590	60.995983	58.265997	51.943669	50.742380	48.575466	46.196783	43.579327	39.845046	38.139767	32.370716	27.050716	21.508569	16.522157	14.664156	15.025091	17.744219	23.065661	35.550765	39.265592	52.777792	59.619734	62.507564	69.998673	77.407831	79.011890	79.004834	78.132113	76.114543	73.065242	69.388196	69.096019	57.830405	46.714555	33.644107	28.781392	25.339375	14.565029	19.778685	23.889472	35.599078	45.950054	49.198284	59.390041	68.164797	69.975155	77.035444	79.188346	78.190222	74.840760	69.970742	67.117176	54.015245	33.240886	24.345973	23.969961	14.137419	40.203532	44.905126	54.860149	71.234885	77.839751	79.267175	79.249354	78.078341	75.915893	68.094376	66.620156	67.262475	69.402850	74.174250	72.542516	74.870186	77.075324	77.683572	75.608037	74.096244	67.004704	58.314155	56.206494	55.542618	45.270833	33.264059	26.998454	32.221612	27.514884	38.990816	52.000983	56.705465	66.529956	74.837107	77.335507	77.612673	73.893972	72.913251	68.507476	61.559986	54.015741	41.651863	21.838898	26.121821	22.436460	29.069756	24.437649	38.059060	50.788449	65.386739	70.768727	76.892613	78.604795	74.151738	64.898562	56.396240	39.721380	23.580095	26.883300	25.797344	38.180483	42.037538	56.681029	69.785173	77.567905	78.523714	78.431663	75.061098	64.437227	59.305779	56.923638	55.972850	48.471839	38.432168	31.805287	28.109722	25.365340	24.479302	25.520604	29.092752	34.960976	46.187658	56.623474	52.790177	64.326027	60.033680	74.783135	78.063873	80.410408	78.467256	77.586647	78.362222	71.944223	68.245374	58.581747	54.813932	53.092301	55.172736	54.313424	55.487984	57.353354	59.970738	61.311875	65.179913	67.252695	68.648154	69.760287	70.472168	70.915468	71.311894	71.496800	71.225992	70.857999	70.379246	69.747202	69.001152	68.030228	67.211100	64.373438	63.185378	60.036643	63.164602	55.155613	51.653857	50.839711	48.345135	45.769913	41.971802	39.709972	37.872051	36.040087	35.054266	35.564098	37.056045	38.264975	39.439894	40.998150	43.348322	46.467949	49.733082	53.551208	55.849750	55.311851	57.499636	57.305159	62.556594	64.382101	65.151691	66.715828	68.228510	69.218422	70.231369	70.699863	70.977960	71.529156	71.714111	71.491759	71.020719	70.454953	69.003309	68.564833	67.879059	66.421535	61.977839	59.011806	56.110862	58.263033	53.928154	52.082973	49.177924	47.446217	45.442137	43.670309	40.436386	38.306157	36.950265	32.745291	36.643824	36.873607	38.140489	38.665532	40.087409	41.407651	43.311449	44.485691	48.777250	51.900710	57.814424	59.846573	61.739191	63.460305	65.456423	66.699623	68.807615	69.885962	70.718224	70.947068	70.792056	70.177117	67.370820	69.344990	68.271051	66.801026	62.217449	62.679360	60.605180	62.060634	58.245900	55.882541	51.879977	49.147842	50.506427	46.081239	41.590371	37.722943	35.149135	33.600753	33.155523	30.989939	33.298581	31.412791	33.924103	34.871789	36.150737	37.509043	42.054132	44.504113	46.148576	51.404064	49.735140	54.715340	53.399693	57.814011	59.827380	61.977620	64.358415	
output2
46.346934	46.346934	46.346934	46.346934	46.346934	46.346934	42.217427	43.294772	44.786057	45.577691	45.613617	45.573858	45.753466	45.455420	45.652857	45.897184	46.124112	45.876749	46.001525	45.900715	45.909417	45.784240	45.900200	45.938773	45.602389	45.322869	45.169672	45.190304	45.243082	45.460691	45.488498	45.270892	45.111631	44.940518	45.401608	45.275824	45.127549	44.886398	45.278312	45.542047	45.086099	45.442870	45.672580	45.631184	45.834034	45.919262	45.660730	45.751141	45.752723	49.246416	45.844924	45.207463	45.061147	44.347698	45.003484	45.151125	45.223859	44.983430	45.743554	45.869550	45.508591	45.890416	45.287091	46.144311	46.047651	46.089066	44.944093	45.112509	44.673788	44.739574	44.815307	45.590214	45.645783	43.990283	44.208536	45.396815	45.723264	45.563263	45.355332	45.616937	46.157149	46.487817	46.087142	45.306628	49.586493	45.440853	47.965149	46.123194	46.470553	46.053265	46.117753	46.183555	46.380475	44.285826	46.083920	45.855431	45.450057	44.898282	55.836265	45.250675	45.595763	46.449737	46.611438	46.417089	46.014429	45.899166	45.734852	46.061613	46.207757	46.675668	46.593755	46.389250	46.286327	38.928908	46.141852	45.992123	52.765019	45.870482	46.177889	46.647215	46.301952	46.260595	46.000689	46.218494	45.158114	45.986483	45.509945	44.676529	44.954451	45.338872	45.362502	56.515130	46.067992	46.287053	45.335093	45.808555	46.156036	46.164354	45.435942	45.933808	45.918705	43.489700	46.133345	45.255083	37.893282	44.892177	44.977102	44.722496	44.852694	44.696855	44.261431	44.008454	44.595941	45.524630	38.450309	45.771980	30.205158	45.397299	46.358310	48.385391	46.332025	46.041324	46.952187	44.191002	42.584562	42.198581	44.785270	45.997737	47.823947	46.244900	45.907359	45.510214	45.626025	45.796949	46.128370	46.278146	46.184095	46.481338	46.592302	46.641978	46.782470	46.649675	46.600770	46.592113	46.530135	46.412621	46.068785	46.155735	45.856195	45.422665	45.256873	44.836982	51.078769	44.775721	45.543863	46.046728	46.072171	45.891724	45.934448	46.146690	46.245090	46.007014	45.794439	45.940062	46.232005	46.075050	45.708977	45.387623	44.955866	45.060702	45.374779	45.585746	47.649354	45.603545	47.658756	45.341342	45.742925	45.746807	45.733172	45.586582	45.774576	45.957444	46.427411	46.519050	46.289043	46.293054	46.195745	45.949823	45.638808	45.414827	44.676885	45.848292	46.380568	45.170471	44.161490	43.990905	44.140286	48.023627	44.862430	45.136877	45.368575	45.500762	45.857474	46.016062	45.824262	45.406307	45.462116	39.746239	45.744044	45.738556	45.501833	45.402675	45.161015	44.895242	44.417288	44.334521	44.494676	44.646351	44.923595	45.005524	45.215383	45.403479	45.696192	45.624934	45.624709	45.848315	46.102687	46.165834	45.742234	45.222984	42.769157	44.986801	44.871141	44.792745	43.641295	45.326856	43.369930	47.119768	43.832109	44.538808	44.386934	44.473566	46.503972	44.673556	44.971696	44.719787	45.003760	45.481986	45.926284	43.130345	45.915882	42.652242	45.848247	45.663106	45.435032	45.218555	45.539421	44.667301	44.375837	48.226747	44.113285	48.278583	44.703393	45.307849	45.098203	44.922637	45.212859	
output3
46.346934	46.346934	46.346934	46.346934	46.346934	46.346934	42.217427	43.294772	44.786057	45.577691	45.613617	45.573858	45.753466	45.455420	45.652857	45.897184	46.124112	45.876749	46.001525	45.900715	45.909417	45.784240	45.900200	45.938773	45.602389	45.322869	45.169672	45.190304	45.243082	45.460691	45.488498	45.270892	45.111631	44.940518	45.401608	45.275824	45.127549	44.886398	45.278312	45.542047	45.086099	45.442870	45.672580	45.631184	45.834034	45.919262	45.660730	45.751141	45.752723	49.246416	45.844924	45.207463	45.061147	44.347698	45.003484	45.151125	45.223859	44.983430	45.743554	45.869550	45.508591	45.890416	45.287091	46.144311	46.047651	46.089066	44.944093	45.112509	44.673788	44.739574	44.815307	45.590214	45.645783	43.990283	44.208536	45.396815	45.723264	45.563263	45.355332	45.616937	46.157149	46.487817	46.087142	45.306628	49.586493	45.440853	47.965149	46.123194	46.470553	46.053265	46.117753	46.183555	46.380475	44.285826	46.083920	45.855431	45.450057	44.898282	55.836265	45.250675	45.595763	46.449737	46.611438	46.417089	46.014429	45.899166	45.734852	46.061613	46.207757	46.675668	46.593755	46.389250	46.286327	38.928908	46.141852	45.992123	52.765019	45.870482	46.177889	46.647215	46.301952	46.260595	46.000689	46.218494	45.158114	45.986483	45.509945	44.676529	44.954451	45.338872	45.362502	56.515130	46.067992	46.287053	45.335093	45.808555	46.156036	46.164354	45.435942	45.933808	45.918705	43.489700	46.133345	45.255083	37.893282	44.892177	44.977102	44.722496	44.852694	44.696855	44.261431	44.008454	44.595941	45.524630	38.450309	45.771980	30.205158	45.397299	46.358310	48.385391	46.332025	46.041324	46.952187	44.191002	42.584562	42.198581	44.785270	45.997737	47.823947	46.244900	45.907359	45.510214	45.626025	45.796949	46.128370	46.278146	46.184095	46.481338	46.592302	46.641978	46.782470	46.649675	46.600770	46.592113	46.530135	46.412621	46.068785	46.155735	45.856195	45.422665	45.256873	44.836982	51.078769	44.775721	45.543863	46.046728	46.072171	45.891724	45.934448	46.146690	46.245090	46.007014	45.794439	45.940062	46.232005	46.075050	45.708977	45.387623	44.955866	45.060702	45.374779	45.585746	47.649354	45.603545	47.658756	45.341342	45.742925	45.746807	45.733172	45.586582	45.774576	45.957444	46.427411	46.519050	46.289043	46.293054	46.195745	45.949823	45.638808	45.414827	44.676885	45.848292	46.380568	45.170471	44.161490	43.990905	44.140286	48.023627	44.862430	45.136877	45.368575	45.500762	45.857474	46.016062	45.824262	45.406307	45.462116	39.746239	45.744044	45.738556	45.501833	45.402675	45.161015	44.895242	44.417288	44.334521	44.494676	44.646351	44.923595	45.005524	45.215383	45.403479	45.696192	45.624934	45.624709	45.848315	46.102687	46.165834	45.742234	45.222984	42.769157	44.986801	44.871141	44.792745	43.641295	45.326856	43.369930	47.119768	43.832109	44.538808	44.386934	44.473566	46.503972	44.673556	44.971696	44.719787	45.003760	45.481986	45.926284	43.130345	45.915882	42.652242	45.848247	45.663106	45.435032	45.218555	45.539421	44.667301	44.375837	48.226747	44.113285	48.278583	44.703393	45.307849	45.098203	44.922637	45.212859	
output4
1.000000	0.000000	0.000000	1.000000	0.000000	1.000000	-11.419554	27.976029	-18.172744	54.492847	14.270120	40.355429	45.557656	0.891533	15.352497	45.557656	0.891533	15.352497	0.000000	3.000000	