input0
338.000000
input1
0.000000	0.000000	0.000000	0.000000	0.000000	0.000000	0.000000	0.000000	0.000000	0.000000	0.000000	0.000000	0.000000	0.000000	0.000000	0.000000	0.000000	0.000000	0.000000	0.000000	0.000000	0.000000	0.000000	0.000000	0.000000	0.000000	0.000000	0.000000	0.000000	0.000000	0.000000	0.000000	0.000000	0.000000	0.000000	0.000000	0.000000	0.000000	0.000000	0.000000	0.000000	0.000000	0.000000	0.000000	0.000000	0.000000	0.000000	0.000000	0.000000	0.000000	0.000000	0.000000	0.000000	0.000000	0.000000	0.000000	0.000000	0.000000	0.000000	0.000000	0.000000	0.000000	0.000000	0.000000	0.000000	0.000000	0.000000	0.000000	0.000000	0.000000	0.000000	0.000000	0.000000	0.000000	0.000000	0.000000	0.000000	0.000000	0.000000	0.000000	0.000000	0.000000	0.000000	0.000000	0.000000	0.000000	0.000000	0.000000	0.000000	0.000000	0.000000	0.000000	0.000000	0.000000	0.000000	0.000000	0.000000	0.000000	0.000000	0.000000	0.000000	0.000000	0.000000	0.000000	0.000000	0.000000	0.000000	0.000000	0.000000	0.000000	0.000000	0.000000	0.000000	0.000000	0.000000	0.000000	0.000000	0.000000	0.000000	0.000000	0.000000	0.000000	0.000000	0.000000	0.000000	0.000000	0.000000	0.000000	0.000000	0.000000	0.000000	0.000000	0.000000	0.000000	0.000000	0.000000	0.000000	0.000000	0.000000	0.000000	0.000000	0.000000	0.000000	0.000000	0.000000	0.000000	0.000000	0.000000	0.000000	0.000000	0.000000	0.000000	0.000000	0.000000	0.000000	0.000000	0.000000	0.000000	0.000000	0.000000	0.000000	0.000000	0.000000	0.000000	0.000000	0.000000	0.000000	0.000000	0.000000	0.000000	0.000000	0.000000	0.000000	0.000000	0.000000	0.000000	0.000000	0.000000	0.000000	0.000000	0.000000	0.000000	0.000000	0.000000	0.000000	0.000000	0.000000	0.000000	0.000000	0.000000	0.000000	0.000000	0.000000	0.000000	0.000000	0.000000	0.000000	0.000000	0.000000	0.000000	0.000000	0.000000	0.000000	0.000000	0.000000	0.000000	0.000000	0.000000	0.000000	0.000000	0.000000	0.000000	0.000000	0.000000	0.000000	0.000000	0.000000	0.000000	0.000000	0.000000	0.000000	0.000000	0.000000	0.000000	0.000000	0.000000	0.000000	0.000000	0.000000	0.000000	0.000000	0.000000	0.000000	0.000000	0.000000	0.000000	0.000000	0.000000	0.000000	0.000000	0.000000	0.000000	0.000000	0.000000	0.000000	0.000000	0.000000	0.000000	0.000000	0.000000	0.000000	0.000000	0.000000	0.000000	0.000000	0.000000	0.000000	0.000000	0.000000	0.000000	0.000000	0.000000	0.000000	0.000000	0.000000	0.000000	0.000000	0.000000	0.000000	0.000000	0.000000	0.000000	0.000000	0.000000	0.000000	0.000000	0.000000	0.000000	0.000000	0.000000	0.000000	0.000000	0.000000	0.000000	0.000000	0.000000	0.000000	0.000000	0.000000	0.000000	0.000000	0.000000	0.000000	0.000000	0.000000	0.000000	0.000000	0.000000	0.000000	0.000000	0.000000	0.000000	0.000000	0.000000	0.000000	0.000000	0.000000	0.000000	0.000000	0.000000	0.000000	0.000000	0.000000	0.000000	0.000000	0.000000	0.000000	0.000000	0.000000	0.000000	0.000000	0.000000	0.000000	0.000000	0.000000	0.000000	0.000000	0.000000	0.000000	0.000000	0.000000	0.000000	0.000000	0.000000	0.000000	0.000000	0.000000	0.000000	
input2
0.000000	0.000000	0.000000	0.000000	0.000000	0.000000	0.000000	0.000000	0.000000	0.000000	0.000000	0.000000	0.000000	0.000000	0.000000	0.000000	0.000000	0.000000	0.000000	0.000000	0.000000	0.000000	0.000000	0.000000	0.000000	0.000000	0.000000	0.000000	0.000000	0.000000	0.000000	0.000000	0.000000	0.000000	0.000000	0.000000	0.000000	0.000000	0.000000	0.000000	0.000000	0.000000	0.000000	0.000000	0.000000	0.000000	0.000000	0.000000	0.000000	0.000000	0.000000	0.000000	0.000000	0.000000	0.000000	0.000000	0.000000	0.000000	0.000000	0.000000	0.000000	0.000000	0.000000	0.000000	0.000000	0.000000	0.000000	0.000000	0.000000	0.000000	0.000000	0.000000	0.000000	0.000000	0.000000	0.000000	0.000000	0.000000	0.000000	0.000000	0.000000	0.000000	0.000000	0.000000	0.000000	0.000000	0.000000	0.000000	0.000000	0.000000	0.000000	0.000000	0.000000	0.000000	0.000000	0.000000	0.000000	0.000000	0.000000	0.000000	0.000000	0.000000	0.000000	0.000000	0.000000	0.000000	0.000000	0.000000	0.000000	0.000000	0.000000	0.000000	0.000000	0.000000	0.000000	0.000000	0.000000	0.000000	0.000000	0.000000	0.000000	0.000000	0.000000	0.000000	0.000000	0.000000	0.000000	0.000000	0.000000	0.000000	0.000000	0.000000	0.000000	0.000000	0.000000	0.000000	0.000000	0.000000	0.000000	0.000000	0.000000	0.000000	0.000000	0.000000	0.000000	0.000000	0.000000	0.000000	0.000000	0.000000	0.000000	0.000000	0.000000	0.000000	0.000000	0.000000	0.000000	0.000000	0.000000	0.000000	0.000000	0.000000	0.000000	0.000000	0.000000	0.000000	0.000000	0.000000	0.000000	0.000000	0.000000	0.000000	0.000000	0.000000	0.000000	0.000000	0.000000	0.000000	0.000000	0.000000	0.000000	0.000000	0.000000	0.000000	0.000000	0.000000	0.000000	0.000000	0.000000	0.000000	0.000000	0.000000	0.000000	0.000000	0.000000	0.000000	0.000000	0.000000	0.000000	0.000000	0.000000	0.000000	0.000000	0.000000	0.000000	0.000000	0.000000	0.000000	0.000000	0.000000	0.000000	0.000000	0.000000	0.000000	0.000000	0.000000	0.000000	0.000000	0.000000	0.000000	0.000000	0.000000	0.000000	0.000000	0.000000	0.000000	0.000000	0.000000	0.000000	0.000000	0.000000	0.000000	0.000000	0.000000	0.000000	0.000000	0.000000	0.000000	0.000000	0.000000	0.000000	0.000000	0.000000	0.000000	0.000000	0.000000	0.000000	0.000000	0.000000	0.000000	0.000000	0.000000	0.000000	0.000000	0.000000	0.000000	0.000000	0.000000	0.000000	0.000000	0.000000	0.000000	0.000000	0.000000	0.000000	0.000000	0.000000	0.000000	0.000000	0.000000	0.000000	0.000000	0.000000	0.000000	0.000000	0.000000	0.000000	0.000000	0.000000	0.000000	0.000000	0.000000	0.000000	0.000000	0.000000	0.000000	0.000000	0.000000	0.000000	0.000000	0.000000	0.000000	0.000000	0.000000	0.000000	0.000000	0.000000	0.000000	0.000000	0.000000	0.000000	0.000000	0.000000	0.000000	0.000000	0.000000	0.000000	0.000000	0.000000	0.000000	0.000000	0.000000	0.000000	0.000000	0.000000	0.000000	0.000000	0.000000	0.000000	0.000000	0.000000	0.000000	0.000000	0.000000	0.000000	0.000000	0.000000	0.000000	0.000000	0.000000	0.000000	0.000000	0.000000	0.000000	0.000000	0.000000	0.000000	0.000000	
input3
0.000000	0.000000	0.000000	0.000000	0.000000	0.000000	0.000000	0.000000	0.000000	0.000000	0.000000	0.000000	0.000000	0.000000	0.000000	0.000000	0.000000	0.000000	0.000000	0.000000	0.000000	0.000000	0.000000	0.000000	0.000000	0.000000	0.000000	0.000000	0.000000	0.000000	0.000000	0.000000	0.000000	0.000000	0.000000	0.000000	0.000000	0.000000	0.000000	0.000000	0.000000	0.000000	0.000000	0.000000	0.000000	0.000000	0.000000	0.000000	0.000000	0.000000	0.000000	0.000000	0.000000	0.000000	0.000000	0.000000	0.000000	0.000000	0.000000	0.000000	0.000000	0.000000	0.000000	0.000000	0.000000	0.000000	0.000000	0.000000	0.000000	0.000000	0.000000	0.000000	0.000000	0.000000	0.000000	0.000000	0.000000	0.000000	0.000000	0.000000	0.000000	0.000000	0.000000	0.000000	0.000000	0.000000	0.000000	0.000000	0.000000	0.000000	0.000000	0.000000	0.000000	0.000000	0.000000	0.000000	0.000000	0.000000	0.000000	0.000000	0.000000	0.000000	0.000000	0.000000	0.000000	0.000000	0.000000	0.000000	0.000000	0.000000	0.000000	0.000000	0.000000	0.000000	0.000000	0.000000	0.000000	0.000000	0.000000	0.000000	0.000000	0.000000	0.000000	0.000000	0.000000	0.000000	0.000000	0.000000	0.000000	0.000000	0.000000	0.000000	0.000000	0.000000	0.000000	0.000000	0.000000	0.000000	0.000000	0.000000	0.000000	0.000000	0.000000	0.000000	0.000000	0.000000	0.000000	0.000000	0.000000	0.000000	0.000000	0.000000	0.000000	0.000000	0.000000	0.000000	0.000000	0.000000	0.000000	0.000000	0.000000	0.000000	0.000000	0.000000	0.000000	0.000000	0.000000	0.000000	0.000000	0.000000	0.000000	0.000000	0.000000	0.000000	0.000000	0.000000	0.000000	0.000000	0.000000	0.000000	0.000000	0.000000	0.000000	0.000000	0.000000	0.000000	0.000000	0.000000	0.000000	0.000000	0.000000	0.000000	0.000000	0.000000	0.000000	0.000000	0.000000	0.000000	0.000000	0.000000	0.000000	0.000000	0.000000	0.000000	0.000000	0.000000	0.000000	0.000000	0.000000	0.000000	0.000000	0.000000	0.000000	0.000000	0.000000	0.000000	0.000000	0.000000	0.000000	0.000000	0.000000	0.000000	0.000000	0.000000	0.000000	0.000000	0.000000	0.000000	0.000000	0.000000	0.000000	0.000000	0.000000	0.000000	0.000000	0.000000	0.000000	0.000000	0.000000	0.000000	0.000000	0.000000	0.000000	0.000000	0.000000	0.000000	0.000000	0.000000	0.000000	0.000000	0.000000	0.000000	0.000000	0.000000	0.000000	0.000000	0.000000	0.000000	0.000000	0.000000	0.000000	0.000000	0.000000	0.000000	0.000000	0.000000	0.000000	0.000000	0.000000	0.000000	0.000000	0.000000	0.000000	0.000000	0.000000	0.000000	0.000000	0.000000	0.000000	0.000000	0.000000	0.000000	0.000000	0.000000	0.000000	0.000000	0.000000	0.000000	0.000000	0.000000	0.000000	0.000000	0.000000	0.000000	0.000000	0.000000	0.000000	0.000000	0.000000	0.000000	0.000000	0.000000	0.000000	0.000000	0.000000	0.000000	0.000000	0.000000	0.000000	0.000000	0.000000	0.000000	0.000000	0.000000	0.000000	0.000000	0.000000	0.000000	0.000000	0.000000	0.000000	0.000000	0.000000	0.000000	0.000000	0.000000	0.000000	0.000000	0.000000	0.000000	0.000000	0.000000	0.000000	0.000000	0.000000	0.000000	0.000000	0.000000	
input4
9.913000	9.913000	9.913000	9.913000	9.913000	9.913000	-1.967000	-1.967000	-10.040000	-10.653000	-11.653000	-10.093000	-9.240000	-8.827000	-8.680000	-7.900000	-7.880000	-7.240000	-7.093000	-7.313000	-7.740000	-8.413000	-9.213000	-9.193000	-9.227000	-8.927000	-8.193000	-8.053000	-8.453000	-8.753000	-8.953000	-9.940000	-8.313000	-8.627000	-9.567000	-9.367000	-9.027000	-9.767000	-10.427000	-10.313000	-10.393000	-10.080000	-9.967000	-10.280000	-10.627000	-8.513000	-8.513000	-7.040000	-7.813000	-7.967000	-7.967000	-8.593000	-10.153000	-10.540000	-10.680000	-11.327000	-11.853000	-12.053000	-10.700000	-10.313000	-8.300000	-8.740000	-10.813000	-10.740000	-9.580000	-9.380000	-10.353000	-9.867000	-9.153000	-8.100000	-8.100000	-7.440000	-7.440000	-8.153000	-10.280000	-10.813000	-10.000000	-10.280000	-11.053000	-10.853000	-8.453000	-7.993000	-11.253000	-21.940000	-34.153000	-34.153000	-38.853000	-38.853000	-39.800000	-47.340000	-51.080000	-57.500000	-54.693000	-52.440000	-52.440000	-41.467000	-24.240000	-12.893000	21.807000	21.807000	32.347000	34.107000	32.133000	20.707000	-3.313000	-18.893000	-31.580000	-51.753000	-53.413000	-57.867000	-56.627000	-51.180000	-36.580000	-8.953000	-8.953000	4.760000	19.087000	19.087000	32.487000	34.773000	22.900000	12.333000	-10.880000	-31.753000	-49.167000	-57.267000	-52.353000	-32.640000	7.420000	18.773000	18.773000	33.833000	33.833000	31.960000	12.760000	-17.027000	-24.467000	-35.613000	-48.353000	-56.980000	-54.267000	-51.653000	-51.653000	-43.967000	-32.567000	-18.853000	-10.293000	-1.827000	6.507000	14.787000	22.447000	28.500000	33.160000	31.247000	23.600000	23.600000	-4.813000	-4.813000	-19.680000	-27.553000	-27.553000	-37.313000	-38.900000	-40.200000	-40.627000	-42.893000	-44.880000	-46.540000	-48.900000	-48.900000	-50.893000	-53.167000	-55.427000	-56.253000	-57.127000	-56.453000	-54.553000	-52.127000	-49.080000	-45.127000	-40.853000	-35.640000	-30.080000	-25.400000	-21.380000	-18.053000	-14.913000	-8.193000	-5.193000	5.333000	8.720000	15.960000	25.300000	25.300000	31.487000	33.073000	34.307000	34.360000	32.500000	29.933000	26.333000	20.800000	14.233000	7.360000	0.033000	-6.613000	-13.167000	-20.867000	-28.740000	-35.900000	-41.700000	-47.327000	-49.913000	-49.913000	-52.327000	-52.327000	-56.540000	-57.027000	-57.027000	-56.367000	-55.253000	-53.553000	-50.993000	-48.627000	-45.280000	-41.640000	-36.953000	-31.680000	-26.140000	-19.980000	-14.027000	-5.040000	0.347000	0.347000	10.507000	16.933000	22.707000	27.600000	27.600000	30.187000	32.860000	33.820000	34.300000	33.833000	30.900000	26.833000	21.500000	13.007000	13.007000	6.760000	-1.867000	-5.313000	-11.800000	-18.580000	-26.040000	-29.667000	-39.653000	-44.940000	-52.913000	-54.813000	-55.993000	-56.480000	-56.353000	-55.127000	-51.253000	-48.027000	-44.680000	-42.653000	-35.800000	-29.640000	-22.193000	-22.193000	-15.067000	-7.667000	5.120000	9.160000	9.160000	16.200000	16.200000	22.100000	27.460000	30.260000	32.420000	32.420000	32.807000	30.300000	26.673000	21.947000	16.820000	12.000000	12.000000	4.687000	4.687000	-1.000000	-6.927000	-12.167000	-24.053000	-30.327000	-34.093000	-40.927000	-40.927000	-46.853000	-46.853000	-52.493000	-54.413000	-55.780000	-56.340000	-55.667000	-52.800000	-50.693000	-50.693000	-48.540000	-46.253000	-43.667000	-39.993000	-35.967000	-30.940000	-23.040000	-23.040000	-17.913000	-13.240000	-7.040000	-3.193000	-3.193000	1.560000	1.560000	7.547000	13.660000	13.660000	23.287000	27.420000	30.320000	30.320000	33.800000	33.760000	32.833000	30.587000	25.720000	
input5
37.840000	37.840000	37.840000	37.840000	37.840000	37.840000	37.840000	63.953000	67.320000	66.393000	66.607000	66.580000	66.967000	65.507000	63.140000	58.300000	54.333000	45.480000	43.667000	40.507000	36.887000	32.960000	27.153000	24.673000	16.913000	10.160000	3.407000	-3.613000	-8.453000	-11.387000	-14.953000	-16.873000	-15.140000	-13.200000	-2.420000	7.340000	12.640000	28.860000	51.480000	59.173000	68.247000	72.427000	73.600000	72.053000	68.493000	68.493000	53.827000	37.993000	19.107000	7.687000	7.687000	-9.747000	-15.587000	-16.173000	-15.360000	-9.380000	-6.627000	6.647000	22.220000	26.347000	50.453000	60.013000	72.153000	73.387000	69.280000	66.000000	48.273000	18.380000	7.280000	7.280000	-10.953000	-13.253000	-10.033000	2.907000	33.500000	52.753000	60.247000	70.087000	72.507000	73.513000	67.320000	65.520000	65.813000	65.680000	65.680000	63.960000	63.960000	64.900000	64.720000	56.720000	51.367000	30.347000	11.347000	11.347000	7.013000	-6.640000	-15.600000	-16.873000	-16.873000	-2.700000	15.527000	36.453000	44.267000	61.353000	73.180000	73.220000	68.987000	50.147000	47.093000	32.453000	16.720000	4.120000	-10.847000	-10.847000	-18.073000	-15.020000	-15.020000	-6.027000	14.420000	33.753000	59.007000	67.647000	73.973000	69.480000	52.747000	24.407000	8.120000	-11.313000	-12.840000	-5.847000	-5.847000	-5.847000	19.967000	43.980000	66.320000	73.440000	72.247000	67.287000	54.440000	22.440000	11.687000	11.687000	5.560000	-3.407000	-3.407000	-16.267000	-16.953000	-15.673000	-13.113000	-8.220000	-0.520000	9.453000	26.967000	43.840000	43.840000	57.420000	57.420000	72.847000	73.580000	73.580000	71.400000	66.007000	66.007000	59.333000	54.773000	39.167000	29.267000	23.007000	23.007000	22.140000	21.667000	21.473000	21.433000	21.580000	22.780000	23.613000	23.867000	23.253000	22.840000	22.373000	22.193000	22.667000	22.487000	22.347000	22.233000	21.913000	21.913000	22.053000	22.180000	22.580000	22.627000	22.620000	22.620000	22.960000	24.260000	24.793000	25.107000	25.727000	26.113000	26.000000	25.873000	25.567000	25.287000	25.493000	25.833000	25.673000	25.113000	23.833000	22.893000	22.367000	22.460000	23.187000	23.187000	23.120000	23.120000	23.347000	24.047000	24.640000	24.820000	25.213000	25.233000	24.707000	23.707000	23.340000	23.393000	23.933000	24.220000	24.407000	24.687000	25.200000	25.200000	25.367000	25.367000	24.693000	23.753000	23.340000	23.213000	23.213000	23.593000	23.773000	24.307000	24.967000	25.047000	25.680000	26.073000	26.613000	27.013000	27.013000	27.447000	27.347000	27.547000	27.347000	27.200000	26.220000	25.240000	24.707000	23.520000	23.527000	23.240000	22.860000	22.680000	22.407000	22.567000	22.500000	22.847000	22.907000	23.080000	23.027000	23.040000	23.087000	23.087000	22.947000	22.733000	22.413000	21.733000	21.733000	21.720000	21.720000	21.607000	21.253000	21.300000	21.447000	21.447000	21.953000	22.500000	22.253000	22.313000	22.320000	22.487000	22.487000	22.893000	22.893000	23.027000	23.187000	23.260000	23.260000	23.407000	23.933000	24.013000	24.013000	24.307000	24.307000	24.060000	24.220000	24.353000	24.073000	23.400000	22.560000	22.267000	22.267000	21.987000	22.400000	22.807000	22.780000	23.787000	23.927000	23.833000	23.833000	23.660000	23.487000	23.487000	23.573000	23.633000	23.240000	23.240000	22.720000	22.427000	22.427000	22.187000	21.860000	21.847000	21.847000	21.840000	22.547000	22.847000	22.953000	23.567000	24.413000	
input6
21.773000	21.773000	21.773000	21.773000	21.773000	21.773000	21.773000	3.980000	3.180000	6.340000	6.080000	6.013000	5.667000	7.340000	10.813000	16.100000	19.513000	24.027000	24.853000	25.793000	26.713000	27.240000	27.667000	27.593000	26.013000	23.427000	19.593000	13.967000	8.493000	4.413000	-3.333000	-12.187000	-31.073000	-35.960000	-51.847000	-58.420000	-60.547000	-63.020000	-56.860000	-51.333000	-38.420000	-27.520000	-16.647000	-6.420000	3.240000	3.240000	19.353000	26.253000	26.567000	26.567000	22.793000	6.580000	-6.720000	-14.073000	-30.287000	-43.533000	-47.287000	-57.773000	-63.547000	-64.000000	-57.620000	-50.920000	-28.120000	-10.007000	2.100000	7.793000	21.913000	25.880000	21.353000	21.353000	3.780000	-37.220000	-43.133000	-54.173000	-62.020000	-56.207000	-50.533000	-35.533000	-26.773000	-15.533000	5.780000	9.027000	8.140000	4.640000	4.640000	-2.260000	-2.260000	-14.800000	-16.187000	-16.073000	-15.573000	-16.200000	-16.747000	-16.747000	-16.907000	-16.907000	-16.600000	-16.673000	-16.673000	-16.560000	-15.260000	-14.560000	-14.947000	-15.273000	-15.307000	-16.207000	-16.347000	-16.347000	-15.673000	-17.073000	-17.420000	-16.773000	-16.707000	-16.707000	-16.600000	-15.973000	-15.973000	-14.020000	-13.607000	-15.200000	-16.407000	-16.733000	-17.947000	-18.520000	-17.287000	-18.347000	-19.333000	-19.607000	-18.333000	-18.333000	-16.700000	-16.700000	-14.960000	-16.033000	-17.573000	-18.260000	-18.647000	-18.860000	-18.233000	-20.047000	-20.873000	-20.873000	-20.833000	-20.120000	-20.120000	-19.787000	-19.920000	-19.860000	-19.620000	-19.107000	-18.500000	-17.907000	-17.507000	-17.547000	-17.547000	-16.847000	-16.847000	-16.207000	-17.107000	-17.107000	-17.320000	-16.447000	-16.447000	-6.287000	-2.607000	7.613000	11.567000	11.113000	11.113000	8.280000	4.400000	-1.260000	-8.060000	-11.360000	-21.587000	-27.900000	-34.160000	-40.107000	-45.120000	-49.920000	-54.073000	-57.687000	-60.520000	-62.260000	-63.260000	-63.707000	-63.707000	-63.833000	-63.233000	-60.047000	-58.347000	-53.273000	-53.273000	-43.300000	-32.987000	-29.600000	-23.020000	-15.887000	-4.847000	2.213000	8.453000	14.580000	19.667000	23.680000	26.567000	27.593000	27.413000	26.027000	23.000000	19.240000	15.167000	9.500000	9.500000	5.793000	5.793000	0.827000	-11.760000	-16.907000	-19.407000	-25.260000	-31.073000	-36.233000	-42.073000	-45.707000	-49.400000	-53.007000	-56.487000	-59.260000	-61.247000	-62.687000	-62.687000	-63.500000	-62.960000	-61.660000	-56.273000	-51.487000	-45.760000	-45.760000	-39.873000	-35.160000	-27.347000	-22.000000	-16.160000	-10.147000	-0.700000	6.253000	13.167000	13.167000	20.500000	23.793000	26.313000	26.813000	26.980000	26.113000	23.680000	22.100000	15.927000	10.980000	-1.620000	-7.387000	-12.733000	-18.307000	-24.487000	-30.060000	-39.820000	-45.307000	-49.720000	-51.807000	-56.560000	-59.273000	-59.273000	-61.560000	-62.587000	-62.460000	-58.073000	-58.073000	-55.833000	-55.833000	-51.607000	-46.720000	-38.520000	-32.247000	-32.247000	-24.300000	-12.133000	-3.120000	5.113000	12.213000	17.627000	17.627000	20.993000	20.993000	24.467000	26.027000	26.793000	26.793000	25.340000	22.093000	19.767000	19.767000	14.413000	14.413000	8.800000	0.580000	-5.047000	-12.260000	-20.500000	-27.973000	-37.907000	-37.907000	-41.933000	-45.547000	-48.547000	-51.187000	-54.107000	-56.833000	-59.373000	-59.373000	-61.920000	-62.987000	-62.987000	-63.360000	-63.160000	-62.420000	-62.420000	-61.020000	-58.207000	-58.207000	-54.647000	-45.760000	-39.820000	-39.820000	-33.587000	-16.160000	-12.820000	-5.647000	0.667000	9.493000	
input7
0.000000	0.000000	0.000000	0.000000	0.000000	0.000000	0.000000	0.000000	0.000000	0.000000	0.000000	0.000000	0.000000	0.000000	0.000000	0.000000	0.000000	0.000000	0.000000	0.000000	0.000000	0.000000	0.000000	0.000000	0.000000	0.000000	0.000000	0.000000	0.000000	0.000000	0.000000	0.000000	0.000000	0.000000	0.000000	0.000000	0.000000	0.000000	0.000000	0.000000	0.000000	0.000000	0.000000	0.000000	0.000000	0.000000	0.000000	0.000000	0.000000	0.000000	0.000000	0.000000	0.000000	0.000000	0.000000	0.000000	0.000000	0.000000	0.000000	0.000000	0.000000	0.000000	0.000000	0.000000	0.000000	0.000000	0.000000	0.000000	0.000000	0.000000	0.000000	0.000000	0.000000	0.000000	0.000000	0.000000	0.000000	0.000000	0.000000	0.000000	0.000000	0.000000	0.000000	0.000000	0.000000	0.000000	0.000000	0.000000	0.000000	0.000000	0.000000	0.000000	0.000000	0.000000	0.000000	0.000000	0.000000	0.000000	0.000000	0.000000	0.000000	0.000000	0.000000	0.000000	0.000000	0.000000	0.000000	0.000000	0.000000	0.000000	0.000000	0.000000	0.000000	0.000000	0.000000	0.000000	0.000000	0.000000	0.000000	0.000000	0.000000	0.000000	0.000000	0.000000	0.000000	0.000000	0.000000	0.000000	0.000000	0.000000	0.000000	0.000000	0.000000	0.000000	0.000000	0.000000	0.000000	0.000000	0.000000	0.000000	0.000000	0.000000	0.000000	0.000000	0.000000	0.000000	0.000000	0.000000	0.000000	0.000000	0.000000	0.000000	0.000000	0.000000	0.000000	0.000000	0.000000	0.000000	0.000000	0.000000	0.000000	0.000000	0.000000	0.000000	0.000000	0.000000	0.000000	0.000000	0.000000	0.000000	0.000000	0.000000	0.000000	0.000000	0.000000	0.000000	0.000000	0.000000	0.000000	0.000000	0.000000	0.000000	0.000000	0.000000	0.000000	0.000000	0.000000	0.000000	0.000000	0.000000	0.000000	0.000000	0.000000	0.000000	0.000000	0.000000	0.000000	0.000000	0.000000	0.000000	0.000000	0.000000	0.000000	0.000000	0.000000	0.000000	0.000000	0.000000	0.000000	0.000000	0.000000	0.000000	0.000000	0.000000	0.000000	0.000000	0.000000	0.000000	0.000000	0.000000	0.000000	0.000000	0.000000	0.000000	0.000000	0.000000	0.000000	0.000000	0.000000	0.000000	0.000000	0.000000	0.000000	0.000000	0.000000	0.000000	0.000000	0.000000	0.000000	0.000000	0.000000	0.000000	0.000000	0.000000	0.000000	0.000000	0.000000	0.000000	0.000000	0.000000	0.000000	0.000000	0.000000	0.000000	0.000000	0.000000	0.000000	0.000000	0.000000	0.000000	0.000000	0.000000	0.000000	0.000000	0.000000	0.000000	0.000000	0.000000	0.000000	0.000000	0.000000	0.000000	0.000000	0.000000	0.000000	0.000000	0.000000	0.000000	0.000000	0.000000	0.000000	0.000000	0.000000	0.000000	0.000000	0.000000	0.000000	0.000000	0.000000	0.000000	0.000000	0.000000	0.000000	0.000000	0.000000	0.000000	0.000000	0.000000	0.000000	0.000000	0.000000	0.000000	0.000000	0.000000	0.000000	0.000000	0.000000	0.000000	0.000000	0.000000	0.000000	0.000000	0.000000	0.000000	0.000000	0.000000	0.000000	0.000000	0.000000	0.000000	0.000000	0.000000	0.000000	0.000000	0.000000	0.000000	0.000000	0.000000	0.000000	0.000000	0.000000	0.000000	0.000000	0.000000	0.000000	0.000000	0.000000	0.000000	
input8
0.000000	0.000000	0.000000	0.000000	0.000000	0.000000	0.000000	0.000000	0.000000	0.000000	0.000000	0.000000	0.000000	0.000000	0.000000	0.000000	0.000000	0.000000	0.000000	0.000000	0.000000	0.000000	0.000000	0.000000	0.000000	0.000000	0.000000	0.000000	0.000000	0.000000	0.000000	0.000000	0.000000	0.000000	0.000000	0.000000	0.000000	0.000000	0.000000	0.000000	0.000000	0.000000	0.000000	0.000000	0.000000	0.000000	0.000000	0.000000	0.000000	0.000000	0.000000	0.000000	0.000000	0.000000	0.000000	0.000000	0.000000	0.000000	0.000000	0.000000	0.000000	0.000000	0.000000	0.000000	0.000000	0.000000	0.000000	0.000000	0.000000	0.000000	0.000000	0.000000	0.000000	0.000000	0.000000	0.000000	0.000000	0.000000	0.000000	0.000000	0.000000	0.000000	0.000000	0.000000	0.000000	0.000000	0.000000	0.000000	0.000000	0.000000	0.000000	0.000000	0.000000	0.000000	0.000000	0.000000	0.000000	0.000000	0.000000	0.000000	0.000000	0.000000	0.000000	0.000000	0.000000	0.000000	0.000000	0.000000	0.000000	0.000000	0.000000	0.000000	0.000000	0.000000	0.000000	0.000000	0.000000	0.000000	0.000000	0.000000	0.000000	0.000000	0.000000	0.000000	0.000000	0.000000	0.000000	0.000000	0.000000	0.000000	0.000000	0.000000	0.000000	0.000000	0.000000	0.000000	0.000000	0.000000	0.000000	0.000000	0.000000	0.000000	0.000000	0.000000	0.000000	0.000000	0.000000	0.000000	0.000000	0.000000	0.000000	0.000000	0.000000	0.000000	0.000000	0.000000	0.000000	0.000000	0.000000	0.000000	0.000000	0.000000	0.000000	0.000000	0.000000	0.000000	0.000000	0.000000	0.000000	0.000000	0.000000	0.000000	0.000000	0.000000	0.000000	0.000000	0.000000	0.000000	0.000000	0.000000	0.000000	0.000000	0.000000	0.000000	0.000000	0.000000	0.000000	0.000000	0.000000	0.000000	0.000000	0.000000	0.000000	0.000000	0.000000	0.000000	0.000000	0.000000	0.000000	0.000000	0.000000	0.000000	0.000000	0.000000	0.000000	0.000000	0.000000	0.000000	0.000000	0.000000	0.000000	0.000000	0.000000	0.000000	0.000000	0.000000	0.000000	0.000000	0.000000	0.000000	0.000000	0.000000	0.000000	0.000000	0.000000	0.000000	0.000000	0.000000	0.000000	0.000000	0.000000	0.000000	0.000000	0.000000	0.000000	0.000000	0.000000	0.000000	0.000000	0.000000	0.000000	0.000000	0.000000	0.000000	0.000000	0.000000	0.000000	0.000000	0.000000	0.000000	0.000000	0.000000	0.000000	0.000000	0.000000	0.000000	0.000000	0.000000	0.000000	0.000000	0.000000	0.000000	0.000000	0.000000	0.000000	0.000000	0.000000	0.000000	0.000000	0.000000	0.000000	0.000000	0.000000	0.000000	0.000000	0.000000	0.000000	0.000000	0.000000	0.000000	0.000000	0.000000	0.000000	0.000000	0.000000	0.000000	0.000000	0.000000	0.000000	0.000000	0.000000	0.000000	0.000000	0.000000	0.000000	0.000000	0.000000	0.000000	0.000000	0.000000	0.000000	0.000000	0.000000	0.000000	0.000000	0.000000	0.000000	0.000000	0.000000	0.000000	0.000000	0.000000	0.000000	0.000000	0.000000	0.000000	0.000000	0.000000	0.000000	0.000000	0.000000	0.000000	0.000000	0.000000	0.000000	0.000000	0.000000	0.000000	0.000000	0.000000	0.000000	0.000000	0.000000	0.000000	0.000000	0.000000	0.000000	0.000000	
input9
0.000000	0.000000	0.000000	0.000000	0.000000	0.000000	0.000000	0.000000	0.000000	0.000000	0.000000	0.000000	0.000000	0.000000	0.000000	0.000000	0.000000	0.000000	0.000000	0.000000	0.000000	0.000000	0.000000	0.000000	0.000000	0.000000	0.000000	0.000000	0.000000	0.000000	0.000000	0.000000	0.000000	0.000000	0.000000	0.000000	0.000000	0.000000	0.000000	0.000000	0.000000	0.000000	0.000000	0.000000	0.000000	0.000000	0.000000	0.000000	0.000000	0.000000	0.000000	0.000000	0.000000	0.000000	0.000000	0.000000	0.000000	0.000000	0.000000	0.000000	0.000000	0.000000	0.000000	0.000000	0.000000	0.000000	0.000000	0.000000	0.000000	0.000000	0.000000	0.000000	0.000000	0.000000	0.000000	0.000000	0.000000	0.000000	0.000000	0.000000	0.000000	0.000000	0.000000	0.000000	0.000000	0.000000	0.000000	0.000000	0.000000	0.000000	0.000000	0.000000	0.000000	0.000000	0.000000	0.000000	0.000000	0.000000	0.000000	0.000000	0.000000	0.000000	0.000000	0.000000	0.000000	0.000000	0.000000	0.000000	0.000000	0.000000	0.000000	0.000000	0.000000	0.000000	0.000000	0.000000	0.000000	0.000000	0.000000	0.000000	0.000000	0.000000	0.000000	0.000000	0.000000	0.000000	0.000000	0.000000	0.000000	0.000000	0.000000	0.000000	0.000000	0.000000	0.000000	0.000000	0.000000	0.000000	0.000000	0.000000	0.000000	0.000000	0.000000	0.000000	0.000000	0.000000	0.000000	0.000000	0.000000	0.000000	0.000000	0.000000	0.000000	0.000000	0.000000	0.000000	0.000000	0.000000	0.000000	0.000000	0.000000	0.000000	0.000000	0.000000	0.000000	0.000000	0.000000	0.000000	0.000000	0.000000	0.000000	0.000000	0.000000	0.000000	0.000000	0.000000	0.000000	0.000000	0.000000	0.000000	0.000000	0.000000	0.000000	0.000000	0.000000	0.000000	0.000000	0.000000	0.000000	0.000000	0.000000	0.000000	0.000000	0.000000	0.000000	0.000000	0.000000	0.000000	0.000000	0.000000	0.000000	0.000000	0.000000	0.000000	0.000000	0.000000	0.000000	0.000000	0.000000	0.000000	0.000000	0.000000	0.000000	0.000000	0.000000	0.000000	0.000000	0.000000	0.000000	0.000000	0.000000	0.000000	0.000000	0.000000	0.000000	0.000000	0.000000	0.000000	0.000000	0.000000	0.000000	0.000000	0.000000	0.000000	0.000000	0.000000	0.000000	0.000000	0.000000	0.000000	0.000000	0.000000	0.000000	0.000000	0.000000	0.000000	0.000000	0.000000	0.000000	0.000000	0.000000	0.000000	0.000000	0.000000	0.000000	0.000000	0.000000	0.000000	0.000000	0.000000	0.000000	0.000000	0.000000	0.000000	0.000000	0.000000	0.000000	0.000000	0.000000	0.000000	0.000000	0.000000	0.000000	0.000000	0.000000	0.000000	0.000000	0.000000	0.000000	0.000000	0.000000	0.000000	0.000000	0.000000	0.000000	0.000000	0.000000	0.000000	0.000000	0.000000	0.000000	0.000000	0.000000	0.000000	0.000000	0.000000	0.000000	0.000000	0.000000	0.000000	0.000000	0.000000	0.000000	0.000000	0.000000	0.000000	0.000000	0.000000	0.000000	0.000000	0.000000	0.000000	0.000000	0.000000	0.000000	0.000000	0.000000	0.000000	0.000000	0.000000	0.000000	0.000000	0.000000	0.000000	0.000000	0.000000	0.000000	0.000000	0.000000	0.000000	0.000000	0.000000	0.000000	0.000000	0.000000	0.000000	0.000000	0.000000	
input10
0.000000	0.000000	0.000000	0.000000	0.000000	0.000000	0.000000	0.000000	0.000000	0.000000	0.000000	0.000000	0.000000	0.000000	0.000000	0.000000	0.000000	0.000000	0.000000	0.000000	0.000000	0.000000	0.000000	0.000000	0.000000	0.000000	0.000000	0.000000	0.000000	0.000000	0.000000	0.000000	0.000000	0.000000	0.000000	0.000000	0.000000	0.000000	0.000000	0.000000	0.000000	0.000000	0.000000	0.000000	0.000000	0.000000	0.000000	0.000000	0.000000	0.000000	0.000000	0.000000	0.000000	0.000000	0.000000	0.000000	0.000000	0.000000	0.000000	0.000000	0.000000	0.000000	0.000000	0.000000	0.000000	0.000000	0.000000	0.000000	0.000000	0.000000	0.000000	0.000000	0.000000	0.000000	0.000000	0.000000	0.000000	0.000000	0.000000	0.000000	0.000000	0.000000	0.000000	0.000000	0.000000	0.000000	0.000000	0.000000	0.000000	0.000000	0.000000	0.000000	0.000000	0.000000	0.000000	0.000000	0.000000	0.000000	0.000000	0.000000	0.000000	0.000000	0.000000	0.000000	0.000000	0.000000	0.000000	0.000000	0.000000	0.000000	0.000000	0.000000	0.000000	0.000000	0.000000	0.000000	0.000000	0.000000	0.000000	0.000000	0.000000	0.000000	0.000000	0.000000	0.000000	0.000000	0.000000	0.000000	0.000000	0.000000	0.000000	0.000000	0.000000	0.000000	0.000000	0.000000	0.000000	0.000000	0.000000	0.000000	0.000000	0.000000	0.000000	0.000000	0.000000	0.000000	0.000000	0.000000	0.000000	0.000000	0.000000	0.000000	0.000000	0.000000	0.000000	0.000000	0.000000	0.000000	0.000000	0.000000	0.000000	0.000000	0.000000	0.000000	0.000000	0.000000	0.000000	0.000000	0.000000	0.000000	0.000000	0.000000	0.000000	0.000000	0.000000	0.000000	0.000000	0.000000	0.000000	0.000000	0.000000	0.000000	0.000000	0.000000	0.000000	0.000000	0.000000	0.000000	0.000000	0.000000	0.000000	0.000000	0.000000	0.000000	0.000000	0.000000	0.000000	0.000000	0.000000	0.000000	0.000000	0.000000	0.000000	0.000000	0.000000	0.000000	0.000000	0.000000	0.000000	0.000000	0.000000	0.000000	0.000000	0.000000	0.000000	0.000000	0.000000	0.000000	0.000000	0.000000	0.000000	0.000000	0.000000	0.000000	0.000000	0.000000	0.000000	0.000000	0.000000	0.000000	0.000000	0.000000	0.000000	0.000000	0.000000	0.000000	0.000000	0.000000	0.000000	0.000000	0.000000	0.000000	0.000000	0.000000	0.000000	0.000000	0.000000	0.000000	0.000000	0.000000	0.000000	0.000000	0.000000	0.000000	0.000000	0.000000	0.000000	0.000000	0.000000	0.000000	0.000000	0.000000	0.000000	0.000000	0.000000	0.000000	0.000000	0.000000	0.000000	0.000000	0.000000	0.000000	0.000000	0.000000	0.000000	0.000000	0.000000	0.000000	0.000000	0.000000	0.000000	0.000000	0.000000	0.000000	0.000000	0.000000	0.000000	0.000000	0.000000	0.000000	0.000000	0.000000	0.000000	0.000000	0.000000	0.000000	0.000000	0.000000	0.000000	0.000000	0.000000	0.000000	0.000000	0.000000	0.000000	0.000000	0.000000	0.000000	0.000000	0.000000	0.000000	0.000000	0.000000	0.000000	0.000000	0.000000	0.000000	0.000000	0.000000	0.000000	0.000000	0.000000	0.000000	0.000000	0.000000	0.000000	0.000000	0.000000	0.000000	0.000000	0.000000	0.000000	0.000000	0.000000	0.000000	0.000000	0.000000	0.000000	
input11
0.000000	0.000000	0.000000	0.000000	0.000000	0.000000	0.000000	0.000000	0.000000	0.000000	0.000000	0.000000	0.000000	0.000000	0.000000	0.000000	0.000000	0.000000	0.000000	0.000000	0.000000	0.000000	0.000000	0.000000	0.000000	0.000000	0.000000	0.000000	0.000000	0.000000	0.000000	0.000000	0.000000	0.000000	0.000000	0.000000	0.000000	0.000000	0.000000	0.000000	0.000000	0.000000	0.000000	0.000000	0.000000	0.000000	0.000000	0.000000	0.000000	0.000000	0.000000	0.000000	0.000000	0.000000	0.000000	0.000000	0.000000	0.000000	0.000000	0.000000	0.000000	0.000000	0.000000	0.000000	0.000000	0.000000	0.000000	0.000000	0.000000	0.000000	0.000000	0.000000	0.000000	0.000000	0.000000	0.000000	0.000000	0.000000	0.000000	0.000000	0.000000	0.000000	0.000000	0.000000	0.000000	0.000000	0.000000	0.000000	0.000000	0.000000	0.000000	0.000000	0.000000	0.000000	0.000000	0.000000	0.000000	0.000000	0.000000	0.000000	0.000000	0.000000	0.000000	0.000000	0.000000	0.000000	0.000000	0.000000	0.000000	0.000000	0.000000	0.000000	0.000000	0.000000	0.000000	0.000000	0.000000	0.000000	0.000000	0.000000	0.000000	0.000000	0.000000	0.000000	0.000000	0.000000	0.000000	0.000000	0.000000	0.000000	0.000000	0.000000	0.000000	0.000000	0.000000	0.000000	0.000000	0.000000	0.000000	0.000000	0.000000	0.000000	0.000000	0.000000	0.000000	0.000000	0.000000	0.000000	0.000000	0.000000	0.000000	0.000000	0.000000	0.000000	0.000000	0.000000	0.000000	0.000000	0.000000	0.000000	0.000000	0.000000	0.000000	0.000000	0.000000	0.000000	0.000000	0.000000	0.000000	0.000000	0.000000	0.000000	0.000000	0.000000	0.000000	0.000000	0.000000	0.000000	0.000000	0.000000	0.000000	0.000000	0.000000	0.000000	0.000000	0.000000	0.000000	0.000000	0.000000	0.000000	0.000000	0.000000	0.000000	0.000000	0.000000	0.000000	0.000000	0.000000	0.000000	0.000000	0.000000	0.000000	0.000000	0.000000	0.000000	0.000000	0.000000	0.000000	0.000000	0.000000	0.000000	0.000000	0.000000	0.000000	0.000000	0.000000	0.000000	0.000000	0.000000	0.000000	0.000000	0.000000	0.000000	0.000000	0.000000	0.000000	0.000000	0.000000	0.000000	0.000000	0.000000	0.000000	0.000000	0.000000	0.000000	0.000000	0.000000	0.000000	0.000000	0.000000	0.000000	0.000000	0.000000	0.000000	0.000000	0.000000	0.000000	0.000000	0.000000	0.000000	0.000000	0.000000	0.000000	0.000000	0.000000	0.000000	0.000000	0.000000	0.000000	0.000000	0.000000	0.000000	0.000000	0.000000	0.000000	0.000000	0.000000	0.000000	0.000000	0.000000	0.000000	0.000000	0.000000	0.000000	0.000000	0.000000	0.000000	0.000000	0.000000	0.000000	0.000000	0.000000	0.000000	0.000000	0.000000	0.000000	0.000000	0.000000	0.000000	0.000000	0.000000	0.000000	0.000000	0.000000	0.000000	0.000000	0.000000	0.000000	0.000000	0.000000	0.000000	0.000000	0.000000	0.000000	0.000000	0.000000	0.000000	0.000000	0.000000	0.000000	0.000000	0.000000	0.000000	0.000000	0.000000	0.000000	0.000000	0.000000	0.000000	0.000000	0.000000	0.000000	0.000000	0.000000	0.000000	0.000000	0.000000	0.000000	0.000000	0.000000	0.000000	0.000000	0.000000	0.000000	0.000000	0.000000	0.000000	0.000000	
input12
0.000000	0.000000	0.000000	0.000000	0.000000	0.000000	0.000000	0.000000	0.000000	0.000000	0.000000	0.000000	0.000000	0.000000	0.000000	0.000000	0.000000	0.000000	0.000000	0.000000	0.000000	0.000000	0.000000	0.000000	0.000000	0.000000	0.000000	0.000000	0.000000	0.000000	0.000000	0.000000	0.000000	0.000000	0.000000	0.000000	0.000000	0.000000	0.000000	0.000000	0.000000	0.000000	0.000000	0.000000	0.000000	0.000000	0.000000	0.000000	0.000000	0.000000	0.000000	0.000000	0.000000	0.000000	0.000000	0.000000	0.000000	0.000000	0.000000	0.000000	0.000000	0.000000	0.000000	0.000000	0.000000	0.000000	0.000000	0.000000	0.000000	0.000000	0.000000	0.000000	0.000000	0.000000	0.000000	0.000000	0.000000	0.000000	0.000000	0.000000	0.000000	0.000000	0.000000	0.000000	0.000000	0.000000	0.000000	0.000000	0.000000	0.000000	0.000000	0.000000	0.000000	0.000000	0.000000	0.000000	0.000000	0.000000	0.000000	0.000000	0.000000	0.000000	0.000000	0.000000	0.000000	0.000000	0.000000	0.000000	0.000000	0.000000	0.000000	0.000000	0.000000	0.000000	0.000000	0.000000	0.000000	0.000000	0.000000	0.000000	0.000000	0.000000	0.000000	0.000000	0.000000	0.000000	0.000000	0.000000	0.000000	0.000000	0.000000	0.000000	0.000000	0.000000	0.000000	0.000000	0.000000	0.000000	0.000000	0.000000	0.000000	0.000000	0.000000	0.000000	0.000000	0.000000	0.000000	0.000000	0.000000	0.000000	0.000000	0.000000	0.000000	0.000000	0.000000	0.000000	0.000000	0.000000	0.000000	0.000000	0.000000	0.000000	0.000000	0.000000	0.000000	0.000000	0.000000	0.000000	0.000000	0.000000	0.000000	0.000000	0.000000	0.000000	0.000000	0.000000	0.000000	0.000000	0.000000	0.000000	0.000000	0.000000	0.000000	0.000000	0.000000	0.000000	0.000000	0.000000	0.000000	0.000000	0.000000	0.000000	0.000000	0.000000	0.000000	0.000000	0.000000	0.000000	0.000000	0.000000	0.000000	0.000000	0.000000	0.000000	0.000000	0.000000	0.000000	0.000000	0.000000	0.000000	0.000000	0.000000	0.000000	0.000000	0.000000	0.000000	0.000000	0.000000	0.000000	0.000000	0.000000	0.000000	0.000000	0.000000	0.000000	0.000000	0.000000	0.000000	0.000000	0.000000	0.000000	0.000000	0.000000	0.000000	0.000000	0.000000	0.000000	0.000000	0.000000	0.000000	0.000000	0.000000	0.000000	0.000000	0.000000	0.000000	0.000000	0.000000	0.000000	0.000000	0.000000	0.000000	0.000000	0.000000	0.000000	0.000000	0.000000	0.000000	0.000000	0.000000	0.000000	0.000000	0.000000	0.000000	0.000000	0.000000	0.000000	0.000000	0.000000	0.000000	0.000000	0.000000	0.000000	0.000000	0.000000	0.000000	0.000000	0.000000	0.000000	0.000000	0.000000	0.000000	0.000000	0.000000	0.000000	0.000000	0.000000	0.000000	0.000000	0.000000	0.000000	0.000000	0.000000	0.000000	0.000000	0.000000	0.000000	0.000000	0.000000	0.000000	0.000000	0.000000	0.000000	0.000000	0.000000	0.000000	0.000000	0.000000	0.000000	0.000000	0.000000	0.000000	0.000000	0.000000	0.000000	0.000000	0.000000	0.000000	0.000000	0.000000	0.000000	0.000000	0.000000	0.000000	0.000000	0.000000	0.000000	0.000000	0.000000	0.000000	0.000000	0.000000	0.000000	0.000000	0.000000	0.000000	0.000000	0.000000	
input13
0.000000	0.000000	0.000000	0.000000	0.000000	0.000000	0.000000	0.000000	0.000000	0.000000	0.000000	0.000000	0.000000	0.000000	0.000000	0.000000	0.000000	0.000000	0.000000	0.000000	0.000000	0.000000	0.000000	0.000000	0.000000	0.000000	0.000000	0.000000	0.000000	0.000000	0.000000	0.000000	0.000000	0.000000	0.000000	0.000000	0.000000	0.000000	0.000000	0.000000	0.000000	0.000000	0.000000	0.000000	0.000000	0.000000	0.000000	0.000000	0.000000	0.000000	0.000000	0.000000	0.000000	0.000000	0.000000	0.000000	0.000000	0.000000	0.000000	0.000000	0.000000	0.000000	0.000000	0.000000	0.000000	0.000000	0.000000	0.000000	0.000000	0.000000	0.000000	0.000000	0.000000	0.000000	0.000000	0.000000	0.000000	0.000000	0.000000	0.000000	0.000000	0.000000	0.000000	0.000000	0.000000	0.000000	0.000000	0.000000	0.000000	0.000000	0.000000	0.000000	0.000000	0.000000	0.000000	0.000000	0.000000	0.000000	0.000000	0.000000	0.000000	0.000000	0.000000	0.000000	0.000000	0.000000	0.000000	0.000000	0.000000	0.000000	0.000000	0.000000	0.000000	0.000000	0.000000	0.000000	0.000000	0.000000	0.000000	0.000000	0.000000	0.000000	0.000000	0.000000	0.000000	0.000000	0.000000	0.000000	0.000000	0.000000	0.000000	0.000000	0.000000	0.000000	0.000000	0.000000	0.000000	0.000000	0.000000	0.000000	0.000000	0.000000	0.000000	0.000000	0.000000	0.000000	0.000000	0.000000	0.000000	0.000000	0.000000	0.000000	0.000000	0.000000	0.000000	0.000000	0.000000	0.000000	0.000000	0.000000	0.000000	0.000000	0.000000	0.000000	0.000000	0.000000	0.000000	0.000000	0.000000	0.000000	0.000000	0.000000	0.000000	0.000000	0.000000	0.000000	0.000000	0.000000	0.000000	0.000000	0.000000	0.000000	0.000000	0.000000	0.000000	0.000000	0.000000	0.000000	0.000000	0.000000	0.000000	0.000000	0.000000	0.000000	0.000000	0.000000	0.000000	0.000000	0.000000	0.000000	0.000000	0.000000	0.000000	0.000000	0.000000	0.000000	0.000000	0.000000	0.000000	0.000000	0.000000	0.000000	0.000000	0.000000	0.000000	0.000000	0.000000	0.000000	0.000000	0.000000	0.000000	0.000000	0.000000	0.000000	0.000000	0.000000	0.000000	0.000000	0.000000	0.000000	0.000000	0.000000	0.000000	0.000000	0.000000	0.000000	0.000000	0.000000	0.000000	0.000000	0.000000	0.000000	0.000000	0.000000	0.000000	0.000000	0.000000	0.000000	0.000000	0.000000	0.000000	0.000000	0.000000	0.000000	0.000000	0.000000	0.000000	0.000000	0.000000	0.000000	0.000000	0.000000	0.000000	0.000000	0.000000	0.000000	0.000000	0.000000	0.000000	0.000000	0.000000	0.000000	0.000000	0.000000	0.000000	0.000000	0.000000	0.000000	0.000000	0.000000	0.000000	0.000000	0.000000	0.000000	0.000000	0.000000	0.000000	0.000000	0.000000	0.000000	0.000000	0.000000	0.000000	0.000000	0.000000	0.000000	0.000000	0.000000	0.000000	0.000000	0.000000	0.000000	0.000000	0.000000	0.000000	0.000000	0.000000	0.000000	0.000000	0.000000	0.000000	0.000000	0.000000	0.000000	0.000000	0.000000	0.000000	0.000000	0.000000	0.000000	0.000000	0.000000	0.000000	0.000000	0.000000	0.000000	0.000000	0.000000	0.000000	0.000000	0.000000	0.000000	0.000000	0.000000	0.000000	0.000000	0.000000	0.000000	
input14
0.000000	0.000000	0.000000	0.000000	0.000000	0.000000	0.000000	0.000000	0.000000	0.000000	0.000000	0.000000	0.000000	0.000000	0.000000	0.000000	0.000000	0.000000	0.000000	0.000000	0.000000	0.000000	0.000000	0.000000	0.000000	0.000000	0.000000	0.000000	0.000000	0.000000	0.000000	0.000000	0.000000	0.000000	0.000000	0.000000	0.000000	0.000000	0.000000	0.000000	0.000000	0.000000	0.000000	0.000000	0.000000	0.000000	0.000000	0.000000	0.000000	0.000000	0.000000	0.000000	0.000000	0.000000	0.000000	0.000000	0.000000	0.000000	0.000000	0.000000	0.000000	0.000000	0.000000	0.000000	0.000000	0.000000	0.000000	0.000000	0.000000	0.000000	0.000000	0.000000	0.000000	0.000000	0.000000	0.000000	0.000000	0.000000	0.000000	0.000000	0.000000	0.000000	0.000000	0.000000	0.000000	0.000000	0.000000	0.000000	0.000000	0.000000	0.000000	0.000000	0.000000	0.000000	0.000000	0.000000	0.000000	0.000000	0.000000	0.000000	0.000000	0.000000	0.000000	0.000000	0.000000	0.000000	0.000000	0.000000	0.000000	0.000000	0.000000	0.000000	0.000000	0.000000	0.000000	0.000000	0.000000	0.000000	0.000000	0.000000	0.000000	0.000000	0.000000	0.000000	0.000000	0.000000	0.000000	0.000000	0.000000	0.000000	0.000000	0.000000	0.000000	0.000000	0.000000	0.000000	0.000000	0.000000	0.000000	0.000000	0.000000	0.000000	0.000000	0.000000	0.000000	0.000000	0.000000	0.000000	0.000000	0.000000	0.000000	0.000000	0.000000	0.000000	0.000000	0.000000	0.000000	0.000000	0.000000	0.000000	0.000000	0.000000	0.000000	0.000000	0.000000	0.000000	0.000000	0.000000	0.000000	0.000000	0.000000	0.000000	0.000000	0.000000	0.000000	0.000000	0.000000	0.000000	0.000000	0.000000	0.000000	0.000000	0.000000	0.000000	0.000000	0.000000	0.000000	0.000000	0.000000	0.000000	0.000000	0.000000	0.000000	0.000000	0.000000	0.000000	0.000000	0.000000	0.000000	0.000000	0.000000	0.000000	0.000000	0.000000	0.000000	0.000000	0.000000	0.000000	0.000000	0.000000	0.000000	0.000000	0.000000	0.000000	0.000000	0.000000	0.000000	0.000000	0.000000	0.000000	0.000000	0.000000	0.000000	0.000000	0.000000	0.000000	0.000000	0.000000	0.000000	0.000000	0.000000	0.000000	0.000000	0.000000	0.000000	0.000000	0.000000	0.000000	0.000000	0.000000	0.000000	0.000000	0.000000	0.000000	0.000000	0.000000	0.000000	0.000000	0.000000	0.000000	0.000000	0.000000	0.000000	0.000000	0.000000	0.000000	0.000000	0.000000	0.000000	0.000000	0.000000	0.000000	0.000000	0.000000	0.000000	0.000000	0.000000	0.000000	0.000000	0.000000	0.000000	0.000000	0.000000	0.000000	0.000000	0.000000	0.000000	0.000000	0.000000	0.000000	0.000000	0.000000	0.000000	0.000000	0.000000	0.000000	0.000000	0.000000	0.000000	0.000000	0.000000	0.000000	0.000000	0.000000	0.000000	0.000000	0.000000	0.000000	0.000000	0.000000	0.000000	0.000000	0.000000	0.000000	0.000000	0.000000	0.000000	0.000000	0.000000	0.000000	0.000000	0.000000	0.000000	0.000000	0.000000	0.000000	0.000000	0.000000	0.000000	0.000000	0.000000	0.000000	0.000000	0.000000	0.000000	0.000000	0.000000	0.000000	0.000000	0.000000	0.000000	0.000000	0.000000	0.000000	0.000000	0.000000	0.000000	0.000000	
input15
0.000000	0.000000	0.000000	0.000000	0.000000	0.000000	0.000000	0.000000	0.000000	0.000000	0.000000	0.000000	0.000000	0.000000	0.000000	0.000000	0.000000	0.000000	0.000000	3.000000	
output1
44.768255	44.768255	44.768255	44.768255	44.768255	44.768255	43.701238	64.106908	68.138802	67.540451	67.891467	67.608588	67.838570	66.505327	64.644590	60.995983	58.265997	51.943669	50.742380	48.575466	46.196783	43.579327	39.845046	38.139767	32.370716	27.050716	21.508569	16.522157	14.664156	15.025091	17.744219	23.065661	35.550765	39.265592	52.777792	59.619734	62.507564	69.998673	77.407831	79.011890	79.004834	78.132113	76.114543	73.065242	69.388196	69.096019	57.830405	46.714555	33.644107	28.781392	25.339375	14.565029	19.778685	23.889472	35.599078	45.950054	49.198284	59.390041	68.164797	69.975155	77.035444	79.188346	78.190222	74.840760	69.970742	67.117176	54.015245	33.240886	24.345973	23.969961	14.137419	40.203532	44.905126	54.860149	71.234885	77.839751	79.267175	79.249354	78.078341	75.915893	68.094376	66.620156	67.262475	69.402850	74.174250	72.542516	74.870186	77.075324	77.683572	75.608037	74.096244	67.004704	58.314155	56.206494	55.542618	45.270833	33.264059	26.998454	32.221612	27.514884	38.990816	52.000983	56.705465	66.529956	74.837107	77.335507	77.612673	73.893972	72.913251	68.507476	61.559986	54.015741	41.651863	21.838898	26.121821	22.436460	29.069756	24.437649	38.059060	50.788449	65.386739	70.768727	76.892613	78.604795	74.151738	64.898562	56.396240	39.721380	23.580095	26.883300	25.797344	38.180483	42.037538	56.681029	69.785173	77.567905	78.523714	78.431663	75.061098	64.437227	59.305779	56.923638	55.972850	48.471839	38.432168	31.805287	28.109722	25.365340	24.479302	25.520604	29.092752	34.960976	46.187658	56.623474	52.790177	64.326027	60.033680	74.783135	78.063873	80.410408	78.467256	77.586647	78.362222	71.944223	68.245374	58.581747	54.813932	53.092301	55.172736	54.313424	55.487984	57.353354	59.970738	61.311875	65.179913	67.252695	68.648154	69.760287	70.472168	70.915468	71.311894	71.496800	71.225992	70.857999	70.379246	69.747202	69.001152	68.030228	67.211100	64.373438	63.185378	60.036643	63.164602	55.155613	51.653857	50.839711	48.345135	45.769913	41.971802	39.709972	37.872051	36.040087	35.054266	35.564098	37.056045	38.264975	39.439894	40.998150	43.348322	46.467949	49.733082	53.551208	55.849750	55.311851	57.499636	57.305159	62.556594	64.382101	65.151691	66.715828	68.228510	69.218422	70.231369	70.699863	70.977960	71.529156	71.714111	71.491759	71.020719	70.454953	69.003309	68.564833	67.879059	66.421535	61.977839	59.011806	56.110862	58.263033	53.928154	52.082973	49.177924	47.446217	45.442137	43.670309	40.436386	38.306157	36.950265	32.745291	36.643824	36.873607	38.140489	38.665532	40.087409	41.407651	43.311449	44.485691	48.777250	51.900710	57.814424	59.846573	61.739191	63.460305	65.456423	66.699623	68.807615	69.885962	70.718224	70.947068	70.792056	70.177117	67.370820	69.344990	68.271051	66.801026	62.217449	62.679360	60.605180	62.060634	58.245900	55.882541	51.879977	49.147842	50.506427	46.081239	41.590371	37.722943	35.149135	33.600753	33.155523	30.989939	33.298581	31.412791	33.924103	34.871789	36.150737	37.509043	42.054132	44.504113	46.148576	51.404064	49.735140	54.715340	53.399693	57.814011	59.827380	61.977620	64.358415	66.259016	68.706622	67.100970	69.365589	70.231195	70.825917	71.034106	71.364059	71.387088	71.066508	68.000049	70.176375	69.569224	68.514954	67.968651	67.512218	66.682451	66.624227	65.131194	62.832972	63.856251	60.540509	55.804315	53.054502	54.609763	50.243154	43.725883	42.732604	40.456578	38.618816	36.710081	
output2
46.340712	46.340712	46.340712	46.340712	46.340712	46.340712	42.211263	43.294527	44.786728	45.577793	45.613833	45.574002	45.753659	45.455179	45.651824	45.894799	46.120806	45.871783	45.996252	45.894972	45.903183	45.777538	45.892895	45.931230	45.594237	45.314355	45.160991	45.181774	45.234941	45.452939	45.481604	45.265209	45.109003	44.938875	45.403639	45.279898	45.132506	44.893514	45.286786	45.550397	45.093447	45.448870	45.676971	45.633841	45.834832	45.919949	45.657396	45.745035	45.744664	49.237845	45.836302	45.199488	45.054720	44.342306	45.000827	45.151222	45.224861	44.987497	45.749984	45.876436	45.516923	45.898644	45.293216	46.147652	46.048647	46.088837	44.939816	45.104476	44.665189	44.730933	44.807555	45.588724	45.645548	43.993249	44.216123	45.405316	45.731551	45.570268	45.361286	45.621197	46.157318	46.487282	46.086936	45.307514	49.587886	45.443276	47.967676	46.127852	46.475419	46.057728	46.121778	46.185857	46.380779	44.286023	46.083692	45.853233	45.445965	44.893418	55.830883	45.245490	45.591750	46.447722	46.610378	46.418392	46.018195	45.903889	45.739835	46.065672	46.211474	46.678310	46.594802	46.388644	46.283440	38.923795	46.136784	45.986547	52.759516	45.864772	46.173551	46.644999	46.303082	46.263196	46.005336	46.223819	45.162538	45.988507	45.510203	44.673742	44.949209	45.333807	45.357184	56.510230	46.064351	46.286133	45.337719	45.813533	46.161296	46.169712	45.440620	45.935881	45.919665	43.490571	46.133534	45.253829	37.891071	44.888185	44.972616	44.717661	44.847664	44.691802	44.256640	44.004281	44.593361	45.523954	38.449980	45.772992	30.208919	45.401301	46.363202	48.390463	46.337132	46.046279	46.957127	44.193972	42.586550	42.197248	44.782451	45.994506	47.820957	46.242155	45.905250	45.509070	45.626058	45.797553	46.130714	46.281504	46.188353	46.486293	46.597814	46.647969	46.788841	46.656398	46.607632	46.598989	46.536958	46.419327	46.075380	46.162006	45.862272	45.427794	45.261581	44.840546	51.081464	44.777246	45.543563	46.045881	46.070276	45.888776	45.929928	46.141222	46.238844	46.000042	45.786955	45.932355	46.224313	46.067498	45.701675	45.380756	44.949729	45.055494	45.370558	45.582798	47.646662	45.601304	47.656732	45.340017	45.743860	45.748629	45.735403	45.589739	45.778569	45.962078	46.432661	46.524689	46.295111	46.299545	46.202574	45.956866	45.645950	45.421962	44.683823	45.854731	46.386576	45.176365	44.166005	43.994273	44.142395	48.025324	44.863353	45.136934	45.367323	45.498695	45.854500	46.012257	45.819165	45.400342	45.455395	39.739058	45.736708	45.731020	45.494333	45.395239	45.153838	44.888416	44.411072	44.328684	44.490254	44.643014	44.922665	45.005568	45.216311	45.405274	45.698949	45.628493	45.629625	45.853899	46.108766	46.172117	45.748961	45.229898	42.776055	44.993706	44.877829	44.798999	43.646232	45.331398	43.374307	47.123443	43.835361	44.540877	44.387414	44.472908	46.503232	44.671574	44.967838	44.714579	44.997481	45.474908	45.918717	43.122552	45.908082	42.644251	45.840288	45.655183	45.427265	45.211026	45.532806	44.661462	44.370543	48.222211	44.109221	48.275161	44.700564	45.306661	45.098012	44.923632	45.215103	45.645515	46.203879	44.326637	46.295677	46.463777	46.510558	46.447943	46.107136	45.980601	45.785517	43.014685	45.476614	45.511100	45.082006	45.618377	45.945096	45.260050	46.359921	45.083045	44.650771	47.570119	44.645427	44.756878	44.885923	47.417421	44.915526	45.585520	45.780044	46.259901	46.243026	46.441703	
output3
46.340712	46.340712	46.340712	46.340712	46.340712	46.340712	42.211263	43.294527	44.786728	45.577793	45.613833	45.574002	45.753659	45.455179	45.651824	45.894799	46.120806	45.871783	45.996252	45.894972	45.903183	45.777538	45.892895	45.931230	45.594237	45.314355	45.160991	45.181774	45.234941	45.452939	45.481604	45.265209	45.109003	44.938875	45.403639	45.279898	45.132506	44.893514	45.286786	45.550397	45.093447	45.448870	45.676971	45.633841	45.834832	45.919949	45.657396	45.745035	45.744664	49.237845	45.836302	45.199488	45.054720	44.342306	45.000827	45.151222	45.224861	44.987497	45.749984	45.876436	45.516923	45.898644	45.293216	46.147652	46.048647	46.088837	44.939816	45.104476	44.665189	44.730933	44.807555	45.588724	45.645548	43.993249	44.216123	45.405316	45.731551	45.570268	45.361286	45.621197	46.157318	46.487282	46.086936	45.307514	49.587886	45.443276	47.967676	46.127852	46.475419	46.057728	46.121778	46.185857	46.380779	44.286023	46.083692	45.853233	45.445965	44.893418	55.830883	45.245490	45.591750	46.447722	46.610378	46.418392	46.018195	45.903889	45.739835	46.065672	46.211474	46.678310	46.594802	46.388644	46.283440	38.923795	46.136784	45.986547	52.759516	45.864772	46.173551	46.644999	46.303082	46.263196	46.005336	46.223819	45.162538	45.988507	45.510203	44.673742	44.949209	45.333807	45.357184	56.510230	46.064351	46.286133	45.337719	45.813533	46.161296	46.169712	45.440620	45.935881	45.919665	43.490571	46.133534	45.253829	37.891071	44.888185	44.972616	44.717661	44.847664	44.691802	44.256640	44.004281	44.593361	45.523954	38.449980	45.772992	30.208919	45.401301	46.363202	48.390463	46.337132	46.046279	46.957127	44.193972	42.586550	42.197248	44.782451	45.994506	47.820957	46.242155	45.905250	45.509070	45.626058	45.797553	46.130714	46.281504	46.188353	46.486293	46.597814	46.647969	46.788841	46.656398	46.607632	46.598989	46.536958	46.419327	46.075380	46.162006	45.862272	45.427794	45.261581	44.840546	51.081464	44.777246	45.543563	46.045881	46.070276	45.888776	45.929928	46.141222	46.238844	46.000042	45.786955	45.932355	46.224313	46.067498	45.701675	45.380756	44.949729	45.055494	45.370558	45.582798	47.646662	45.601304	47.656732	45.340017	45.743860	45.748629	45.735403	45.589739	45.778569	45.962078	46.432661	46.524689	46.295111	46.299545	46.202574	45.956866	45.645950	45.421962	44.683823	45.854731	46.386576	45.176365	44.166005	43.994273	44.142395	48.025324	44.863353	45.136934	45.367323	45.498695	45.854500	46.012257	45.819165	45.400342	45.455395	39.739058	45.736708	45.731020	45.494333	45.395239	45.153838	44.888416	44.411072	44.328684	44.490254	44.643014	44.922665	45.005568	45.216311	45.405274	45.698949	45.628493	45.629625	45.853899	46.108766	46.172117	45.748961	45.229898	42.776055	44.993706	44.877829	44.798999	43.646232	45.331398	43.374307	47.123443	43.835361	44.540877	44.387414	44.472908	46.503232	44.671574	44.967838	44.714579	44.997481	45.474908	45.918717	43.122552	45.908082	42.644251	45.840288	45.655183	45.427265	45.211026	45.532806	44.661462	44.370543	48.222211	44.109221	48.275161	44.700564	45.306661	45.098012	44.923632	45.215103	45.645515	46.203879	44.326637	46.295677	46.463777	46.510558	46.447943	46.107136	45.980601	45.785517	43.014685	45.476614	45.511100	45.082006	45.618377	45.945096	45.260050	46.359921	45.083045	44.650771	47.570119	44.645427	44.756878	44.885923	47.417421	44.915526	45.585520	45.780044	46.259901	46.243026	46.441703	
output4
1.000000	0.000000	0.000000	1.000000	0.000000	1.000000	-11.417185	27.971320	-18.165627	55.147959	13.978109	41.010540	45.569049	0.874629	15.360130	45.569049	0.874629	15.360130	0.000000	3.000000	