input0
171.000000
input1
0.000000	0.000000	0.000000	0.000000	0.000000	0.000000	0.000000	0.000000	0.000000	0.000000	0.000000	0.000000	0.000000	0.000000	0.000000	0.000000	0.000000	0.000000	0.000000	0.000000	0.000000	0.000000	0.000000	0.000000	0.000000	0.000000	0.000000	0.000000	0.000000	0.000000	0.000000	0.000000	0.000000	0.000000	0.000000	0.000000	0.000000	0.000000	0.000000	0.000000	0.000000	0.000000	0.000000	0.000000	0.000000	0.000000	0.000000	0.000000	0.000000	0.000000	0.000000	0.000000	0.000000	0.000000	0.000000	0.000000	0.000000	0.000000	0.000000	0.000000	0.000000	0.000000	0.000000	0.000000	0.000000	0.000000	0.000000	0.000000	0.000000	0.000000	0.000000	0.000000	0.000000	0.000000	0.000000	0.000000	0.000000	0.000000	0.000000	0.000000	0.000000	0.000000	0.000000	0.000000	0.000000	0.000000	0.000000	0.000000	0.000000	0.000000	0.000000	0.000000	0.000000	0.000000	0.000000	0.000000	0.000000	0.000000	0.000000	0.000000	0.000000	0.000000	0.000000	0.000000	0.000000	0.000000	0.000000	0.000000	0.000000	0.000000	0.000000	0.000000	0.000000	0.000000	0.000000	0.000000	0.000000	0.000000	0.000000	0.000000	0.000000	0.000000	0.000000	0.000000	0.000000	0.000000	0.000000	0.000000	0.000000	0.000000	0.000000	0.000000	0.000000	0.000000	0.000000	0.000000	0.000000	0.000000	0.000000	0.000000	0.000000	0.000000	0.000000	0.000000	0.000000	0.000000	0.000000	0.000000	0.000000	0.000000	0.000000	0.000000	0.000000	0.000000	0.000000	0.000000	0.000000	0.000000	0.000000	0.000000	0.000000	0.000000	0.000000	0.000000	0.000000	0.000000	0.000000	0.000000	0.000000	0.000000	0.000000	
input2
0.000000	0.000000	0.000000	0.000000	0.000000	0.000000	0.000000	0.000000	0.000000	0.000000	0.000000	0.000000	0.000000	0.000000	0.000000	0.000000	0.000000	0.000000	0.000000	0.000000	0.000000	0.000000	0.000000	0.000000	0.000000	0.000000	0.000000	0.000000	0.000000	0.000000	0.000000	0.000000	0.000000	0.000000	0.000000	0.000000	0.000000	0.000000	0.000000	0.000000	0.000000	0.000000	0.000000	0.000000	0.000000	0.000000	0.000000	0.000000	0.000000	0.000000	0.000000	0.000000	0.000000	0.000000	0.000000	0.000000	0.000000	0.000000	0.000000	0.000000	0.000000	0.000000	0.000000	0.000000	0.000000	0.000000	0.000000	0.000000	0.000000	0.000000	0.000000	0.000000	0.000000	0.000000	0.000000	0.000000	0.000000	0.000000	0.000000	0.000000	0.000000	0.000000	0.000000	0.000000	0.000000	0.000000	0.000000	0.000000	0.000000	0.000000	0.000000	0.000000	0.000000	0.000000	0.000000	0.000000	0.000000	0.000000	0.000000	0.000000	0.000000	0.000000	0.000000	0.000000	0.000000	0.000000	0.000000	0.000000	0.000000	0.000000	0.000000	0.000000	0.000000	0.000000	0.000000	0.000000	0.000000	0.000000	0.000000	0.000000	0.000000	0.000000	0.000000	0.000000	0.000000	0.000000	0.000000	0.000000	0.000000	0.000000	0.000000	0.000000	0.000000	0.000000	0.000000	0.000000	0.000000	0.000000	0.000000	0.000000	0.000000	0.000000	0.000000	0.000000	0.000000	0.000000	0.000000	0.000000	0.000000	0.000000	0.000000	0.000000	0.000000	0.000000	0.000000	0.000000	0.000000	0.000000	0.000000	0.000000	0.000000	0.000000	0.000000	0.000000	0.000000	0.000000	0.000000	0.000000	0.000000	0.000000	0.000000	
input3
0.000000	0.000000	0.000000	0.000000	0.000000	0.000000	0.000000	0.000000	0.000000	0.000000	0.000000	0.000000	0.000000	0.000000	0.000000	0.000000	0.000000	0.000000	0.000000	0.000000	0.000000	0.000000	0.000000	0.000000	0.000000	0.000000	0.000000	0.000000	0.000000	0.000000	0.000000	0.000000	0.000000	0.000000	0.000000	0.000000	0.000000	0.000000	0.000000	0.000000	0.000000	0.000000	0.000000	0.000000	0.000000	0.000000	0.000000	0.000000	0.000000	0.000000	0.000000	0.000000	0.000000	0.000000	0.000000	0.000000	0.000000	0.000000	0.000000	0.000000	0.000000	0.000000	0.000000	0.000000	0.000000	0.000000	0.000000	0.000000	0.000000	0.000000	0.000000	0.000000	0.000000	0.000000	0.000000	0.000000	0.000000	0.000000	0.000000	0.000000	0.000000	0.000000	0.000000	0.000000	0.000000	0.000000	0.000000	0.000000	0.000000	0.000000	0.000000	0.000000	0.000000	0.000000	0.000000	0.000000	0.000000	0.000000	0.000000	0.000000	0.000000	0.000000	0.000000	0.000000	0.000000	0.000000	0.000000	0.000000	0.000000	0.000000	0.000000	0.000000	0.000000	0.000000	0.000000	0.000000	0.000000	0.000000	0.000000	0.000000	0.000000	0.000000	0.000000	0.000000	0.000000	0.000000	0.000000	0.000000	0.000000	0.000000	0.000000	0.000000	0.000000	0.000000	0.000000	0.000000	0.000000	0.000000	0.000000	0.000000	0.000000	0.000000	0.000000	0.000000	0.000000	0.000000	0.000000	0.000000	0.000000	0.000000	0.000000	0.000000	0.000000	0.000000	0.000000	0.000000	0.000000	0.000000	0.000000	0.000000	0.000000	0.000000	0.000000	0.000000	0.000000	0.000000	0.000000	0.000000	0.000000	0.000000	0.000000	
input4
9.913000	9.913000	9.913000	9.913000	9.913000	9.913000	-1.967000	-1.967000	-10.040000	-10.653000	-11.653000	-10.093000	-9.240000	-8.827000	-8.680000	-7.900000	-7.880000	-7.240000	-7.093000	-7.313000	-7.740000	-8.413000	-9.213000	-9.193000	-9.227000	-8.927000	-8.193000	-8.053000	-8.453000	-8.753000	-8.953000	-9.940000	-8.313000	-8.627000	-9.567000	-9.367000	-9.027000	-9.767000	-10.427000	-10.313000	-10.393000	-10.080000	-9.967000	-10.280000	-10.627000	-8.513000	-8.513000	-7.040000	-7.813000	-7.967000	-7.967000	-8.593000	-10.153000	-10.540000	-10.680000	-11.327000	-11.853000	-12.053000	-10.700000	-10.313000	-8.300000	-8.740000	-10.813000	-10.740000	-9.580000	-9.380000	-10.353000	-9.867000	-9.153000	-8.100000	-8.100000	-7.440000	-7.440000	-8.153000	-10.280000	-10.813000	-10.000000	-10.280000	-11.053000	-10.853000	-8.453000	-7.993000	-11.253000	-21.940000	-34.153000	-34.153000	-38.853000	-38.853000	-39.800000	-47.340000	-51.080000	-57.500000	-54.693000	-52.440000	-52.440000	-41.467000	-24.240000	-12.893000	21.807000	21.807000	32.347000	34.107000	32.133000	20.707000	-3.313000	-18.893000	-31.580000	-51.753000	-53.413000	-57.867000	-56.627000	-51.180000	-36.580000	-8.953000	-8.953000	4.760000	19.087000	19.087000	32.487000	34.773000	22.900000	12.333000	-10.880000	-31.753000	-49.167000	-57.267000	-52.353000	-32.640000	7.420000	18.773000	18.773000	33.833000	33.833000	31.960000	12.760000	-17.027000	-24.467000	-35.613000	-48.353000	-56.980000	-54.267000	-51.653000	-51.653000	-43.967000	-32.567000	-18.853000	-10.293000	-1.827000	6.507000	14.787000	22.447000	28.500000	33.160000	31.247000	23.600000	23.600000	-4.813000	-4.813000	-19.680000	-27.553000	-27.553000	-37.313000	-38.900000	-40.200000	-40.627000	-42.893000	-44.880000	-46.540000	-48.900000	-48.900000	-50.893000	
input5
37.840000	37.840000	37.840000	37.840000	37.840000	37.840000	37.840000	63.953000	67.320000	66.393000	66.607000	66.580000	66.967000	65.507000	63.140000	58.300000	54.333000	45.480000	43.667000	40.507000	36.887000	32.960000	27.153000	24.673000	16.913000	10.160000	3.407000	-3.613000	-8.453000	-11.387000	-14.953000	-16.873000	-15.140000	-13.200000	-2.420000	7.340000	12.640000	28.860000	51.480000	59.173000	68.247000	72.427000	73.600000	72.053000	68.493000	68.493000	53.827000	37.993000	19.107000	7.687000	7.687000	-9.747000	-15.587000	-16.173000	-15.360000	-9.380000	-6.627000	6.647000	22.220000	26.347000	50.453000	60.013000	72.153000	73.387000	69.280000	66.000000	48.273000	18.380000	7.280000	7.280000	-10.953000	-13.253000	-10.033000	2.907000	33.500000	52.753000	60.247000	70.087000	72.507000	73.513000	67.320000	65.520000	65.813000	65.680000	65.680000	63.960000	63.960000	64.900000	64.720000	56.720000	51.367000	30.347000	11.347000	11.347000	7.013000	-6.640000	-15.600000	-16.873000	-16.873000	-2.700000	15.527000	36.453000	44.267000	61.353000	73.180000	73.220000	68.987000	50.147000	47.093000	32.453000	16.720000	4.120000	-10.847000	-10.847000	-18.073000	-15.020000	-15.020000	-6.027000	14.420000	33.753000	59.007000	67.647000	73.973000	69.480000	52.747000	24.407000	8.120000	-11.313000	-12.840000	-5.847000	-5.847000	-5.847000	19.967000	43.980000	66.320000	73.440000	72.247000	67.287000	54.440000	22.440000	11.687000	11.687000	5.560000	-3.407000	-3.407000	-16.267000	-16.953000	-15.673000	-13.113000	-8.220000	-0.520000	9.453000	26.967000	43.840000	43.840000	57.420000	57.420000	72.847000	73.580000	73.580000	71.400000	66.007000	66.007000	59.333000	54.773000	39.167000	29.267000	23.007000	23.007000	22.140000	21.667000	
input6
21.773000	21.773000	21.773000	21.773000	21.773000	21.773000	21.773000	3.980000	3.180000	6.340000	6.080000	6.013000	5.667000	7.340000	10.813000	16.100000	19.513000	24.027000	24.853000	25.793000	26.713000	27.240000	27.667000	27.593000	26.013000	23.427000	19.593000	13.967000	8.493000	4.413000	-3.333000	-12.187000	-31.073000	-35.960000	-51.847000	-58.420000	-60.547000	-63.020000	-56.860000	-51.333000	-38.420000	-27.520000	-16.647000	-6.420000	3.240000	3.240000	19.353000	26.253000	26.567000	26.567000	22.793000	6.580000	-6.720000	-14.073000	-30.287000	-43.533000	-47.287000	-57.773000	-63.547000	-64.000000	-57.620000	-50.920000	-28.120000	-10.007000	2.100000	7.793000	21.913000	25.880000	21.353000	21.353000	3.780000	-37.220000	-43.133000	-54.173000	-62.020000	-56.207000	-50.533000	-35.533000	-26.773000	-15.533000	5.780000	9.027000	8.140000	4.640000	4.640000	-2.260000	-2.260000	-14.800000	-16.187000	-16.073000	-15.573000	-16.200000	-16.747000	-16.747000	-16.907000	-16.907000	-16.600000	-16.673000	-16.673000	-16.560000	-15.260000	-14.560000	-14.947000	-15.273000	-15.307000	-16.207000	-16.347000	-16.347000	-15.673000	-17.073000	-17.420000	-16.773000	-16.707000	-16.707000	-16.600000	-15.973000	-15.973000	-14.020000	-13.607000	-15.200000	-16.407000	-16.733000	-17.947000	-18.520000	-17.287000	-18.347000	-19.333000	-19.607000	-18.333000	-18.333000	-16.700000	-16.700000	-14.960000	-16.033000	-17.573000	-18.260000	-18.647000	-18.860000	-18.233000	-20.047000	-20.873000	-20.873000	-20.833000	-20.120000	-20.120000	-19.787000	-19.920000	-19.860000	-19.620000	-19.107000	-18.500000	-17.907000	-17.507000	-17.547000	-17.547000	-16.847000	-16.847000	-16.207000	-17.107000	-17.107000	-17.320000	-16.447000	-16.447000	-6.287000	-2.607000	7.613000	11.567000	11.113000	11.113000	8.280000	4.400000	
input7
0.000000	0.000000	0.000000	0.000000	0.000000	0.000000	0.000000	0.000000	0.000000	0.000000	0.000000	0.000000	0.000000	0.000000	0.000000	0.000000	0.000000	0.000000	0.000000	0.000000	0.000000	0.000000	0.000000	0.000000	0.000000	0.000000	0.000000	0.000000	0.000000	0.000000	0.000000	0.000000	0.000000	0.000000	0.000000	0.000000	0.000000	0.000000	0.000000	0.000000	0.000000	0.000000	0.000000	0.000000	0.000000	0.000000	0.000000	0.000000	0.000000	0.000000	0.000000	0.000000	0.000000	0.000000	0.000000	0.000000	0.000000	0.000000	0.000000	0.000000	0.000000	0.000000	0.000000	0.000000	0.000000	0.000000	0.000000	0.000000	0.000000	0.000000	0.000000	0.000000	0.000000	0.000000	0.000000	0.000000	0.000000	0.000000	0.000000	0.000000	0.000000	0.000000	0.000000	0.000000	0.000000	0.000000	0.000000	0.000000	0.000000	0.000000	0.000000	0.000000	0.000000	0.000000	0.000000	0.000000	0.000000	0.000000	0.000000	0.000000	0.000000	0.000000	0.000000	0.000000	0.000000	0.000000	0.000000	0.000000	0.000000	0.000000	0.000000	0.000000	0.000000	0.000000	0.000000	0.000000	0.000000	0.000000	0.000000	0.000000	0.000000	0.000000	0.000000	0.000000	0.000000	0.000000	0.000000	0.000000	0.000000	0.000000	0.000000	0.000000	0.000000	0.000000	0.000000	0.000000	0.000000	0.000000	0.000000	0.000000	0.000000	0.000000	0.000000	0.000000	0.000000	0.000000	0.000000	0.000000	0.000000	0.000000	0.000000	0.000000	0.000000	0.000000	0.000000	0.000000	0.000000	0.000000	0.000000	0.000000	0.000000	0.000000	0.000000	0.000000	0.000000	0.000000	0.000000	0.000000	0.000000	0.000000	0.000000	
input8
0.000000	0.000000	0.000000	0.000000	0.000000	0.000000	0.000000	0.000000	0.000000	0.000000	0.000000	0.000000	0.000000	0.000000	0.000000	0.000000	0.000000	0.000000	0.000000	0.000000	0.000000	0.000000	0.000000	0.000000	0.000000	0.000000	0.000000	0.000000	0.000000	0.000000	0.000000	0.000000	0.000000	0.000000	0.000000	0.000000	0.000000	0.000000	0.000000	0.000000	0.000000	0.000000	0.000000	0.000000	0.000000	0.000000	0.000000	0.000000	0.000000	0.000000	0.000000	0.000000	0.000000	0.000000	0.000000	0.000000	0.000000	0.000000	0.000000	0.000000	0.000000	0.000000	0.000000	0.000000	0.000000	0.000000	0.000000	0.000000	0.000000	0.000000	0.000000	0.000000	0.000000	0.000000	0.000000	0.000000	0.000000	0.000000	0.000000	0.000000	0.000000	0.000000	0.000000	0.000000	0.000000	0.000000	0.000000	0.000000	0.000000	0.000000	0.000000	0.000000	0.000000	0.000000	0.000000	0.000000	0.000000	0.000000	0.000000	0.000000	0.000000	0.000000	0.000000	0.000000	0.000000	0.000000	0.000000	0.000000	0.000000	0.000000	0.000000	0.000000	0.000000	0.000000	0.000000	0.000000	0.000000	0.000000	0.000000	0.000000	0.000000	0.000000	0.000000	0.000000	0.000000	0.000000	0.000000	0.000000	0.000000	0.000000	0.000000	0.000000	0.000000	0.000000	0.000000	0.000000	0.000000	0.000000	0.000000	0.000000	0.000000	0.000000	0.000000	0.000000	0.000000	0.000000	0.000000	0.000000	0.000000	0.000000	0.000000	0.000000	0.000000	0.000000	0.000000	0.000000	0.000000	0.000000	0.000000	0.000000	0.000000	0.000000	0.000000	0.000000	0.000000	0.000000	0.000000	0.000000	0.000000	0.000000	0.000000	
input9
0.000000	0.000000	0.000000	0.000000	0.000000	0.000000	0.000000	0.000000	0.000000	0.000000	0.000000	0.000000	0.000000	0.000000	0.000000	0.000000	0.000000	0.000000	0.000000	0.000000	0.000000	0.000000	0.000000	0.000000	0.000000	0.000000	0.000000	0.000000	0.000000	0.000000	0.000000	0.000000	0.000000	0.000000	0.000000	0.000000	0.000000	0.000000	0.000000	0.000000	0.000000	0.000000	0.000000	0.000000	0.000000	0.000000	0.000000	0.000000	0.000000	0.000000	0.000000	0.000000	0.000000	0.000000	0.000000	0.000000	0.000000	0.000000	0.000000	0.000000	0.000000	0.000000	0.000000	0.000000	0.000000	0.000000	0.000000	0.000000	0.000000	0.000000	0.000000	0.000000	0.000000	0.000000	0.000000	0.000000	0.000000	0.000000	0.000000	0.000000	0.000000	0.000000	0.000000	0.000000	0.000000	0.000000	0.000000	0.000000	0.000000	0.000000	0.000000	0.000000	0.000000	0.000000	0.000000	0.000000	0.000000	0.000000	0.000000	0.000000	0.000000	0.000000	0.000000	0.000000	0.000000	0.000000	0.000000	0.000000	0.000000	0.000000	0.000000	0.000000	0.000000	0.000000	0.000000	0.000000	0.000000	0.000000	0.000000	0.000000	0.000000	0.000000	0.000000	0.000000	0.000000	0.000000	0.000000	0.000000	0.000000	0.000000	0.000000	0.000000	0.000000	0.000000	0.000000	0.000000	0.000000	0.000000	0.000000	0.000000	0.000000	0.000000	0.000000	0.000000	0.000000	0.000000	0.000000	0.000000	0.000000	0.000000	0.000000	0.000000	0.000000	0.000000	0.000000	0.000000	0.000000	0.000000	0.000000	0.000000	0.000000	0.000000	0.000000	0.000000	0.000000	0.000000	0.000000	0.000000	0.000000	0.000000	0.000000	
input10
0.000000	0.000000	0.000000	0.000000	0.000000	0.000000	0.000000	0.000000	0.000000	0.000000	0.000000	0.000000	0.000000	0.000000	0.000000	0.000000	0.000000	0.000000	0.000000	0.000000	0.000000	0.000000	0.000000	0.000000	0.000000	0.000000	0.000000	0.000000	0.000000	0.000000	0.000000	0.000000	0.000000	0.000000	0.000000	0.000000	0.000000	0.000000	0.000000	0.000000	0.000000	0.000000	0.000000	0.000000	0.000000	0.000000	0.000000	0.000000	0.000000	0.000000	0.000000	0.000000	0.000000	0.000000	0.000000	0.000000	0.000000	0.000000	0.000000	0.000000	0.000000	0.000000	0.000000	0.000000	0.000000	0.000000	0.000000	0.000000	0.000000	0.000000	0.000000	0.000000	0.000000	0.000000	0.000000	0.000000	0.000000	0.000000	0.000000	0.000000	0.000000	0.000000	0.000000	0.000000	0.000000	0.000000	0.000000	0.000000	0.000000	0.000000	0.000000	0.000000	0.000000	0.000000	0.000000	0.000000	0.000000	0.000000	0.000000	0.000000	0.000000	0.000000	0.000000	0.000000	0.000000	0.000000	0.000000	0.000000	0.000000	0.000000	0.000000	0.000000	0.000000	0.000000	0.000000	0.000000	0.000000	0.000000	0.000000	0.000000	0.000000	0.000000	0.000000	0.000000	0.000000	0.000000	0.000000	0.000000	0.000000	0.000000	0.000000	0.000000	0.000000	0.000000	0.000000	0.000000	0.000000	0.000000	0.000000	0.000000	0.000000	0.000000	0.000000	0.000000	0.000000	0.000000	0.000000	0.000000	0.000000	0.000000	0.000000	0.000000	0.000000	0.000000	0.000000	0.000000	0.000000	0.000000	0.000000	0.000000	0.000000	0.000000	0.000000	0.000000	0.000000	0.000000	0.000000	0.000000	0.000000	0.000000	0.000000	
input11
0.000000	0.000000	0.000000	0.000000	0.000000	0.000000	0.000000	0.000000	0.000000	0.000000	0.000000	0.000000	0.000000	0.000000	0.000000	0.000000	0.000000	0.000000	0.000000	0.000000	0.000000	0.000000	0.000000	0.000000	0.000000	0.000000	0.000000	0.000000	0.000000	0.000000	0.000000	0.000000	0.000000	0.000000	0.000000	0.000000	0.000000	0.000000	0.000000	0.000000	0.000000	0.000000	0.000000	0.000000	0.000000	0.000000	0.000000	0.000000	0.000000	0.000000	0.000000	0.000000	0.000000	0.000000	0.000000	0.000000	0.000000	0.000000	0.000000	0.000000	0.000000	0.000000	0.000000	0.000000	0.000000	0.000000	0.000000	0.000000	0.000000	0.000000	0.000000	0.000000	0.000000	0.000000	0.000000	0.000000	0.000000	0.000000	0.000000	0.000000	0.000000	0.000000	0.000000	0.000000	0.000000	0.000000	0.000000	0.000000	0.000000	0.000000	0.000000	0.000000	0.000000	0.000000	0.000000	0.000000	0.000000	0.000000	0.000000	0.000000	0.000000	0.000000	0.000000	0.000000	0.000000	0.000000	0.000000	0.000000	0.000000	0.000000	0.000000	0.000000	0.000000	0.000000	0.000000	0.000000	0.000000	0.000000	0.000000	0.000000	0.000000	0.000000	0.000000	0.000000	0.000000	0.000000	0.000000	0.000000	0.000000	0.000000	0.000000	0.000000	0.000000	0.000000	0.000000	0.000000	0.000000	0.000000	0.000000	0.000000	0.000000	0.000000	0.000000	0.000000	0.000000	0.000000	0.000000	0.000000	0.000000	0.000000	0.000000	0.000000	0.000000	0.000000	0.000000	0.000000	0.000000	0.000000	0.000000	0.000000	0.000000	0.000000	0.000000	0.000000	0.000000	0.000000	0.000000	0.000000	0.000000	0.000000	0.000000	
input12
0.000000	0.000000	0.000000	0.000000	0.000000	0.000000	0.000000	0.000000	0.000000	0.000000	0.000000	0.000000	0.000000	0.000000	0.000000	0.000000	0.000000	0.000000	0.000000	0.000000	0.000000	0.000000	0.000000	0.000000	0.000000	0.000000	0.000000	0.000000	0.000000	0.000000	0.000000	0.000000	0.000000	0.000000	0.000000	0.000000	0.000000	0.000000	0.000000	0.000000	0.000000	0.000000	0.000000	0.000000	0.000000	0.000000	0.000000	0.000000	0.000000	0.000000	0.000000	0.000000	0.000000	0.000000	0.000000	0.000000	0.000000	0.000000	0.000000	0.000000	0.000000	0.000000	0.000000	0.000000	0.000000	0.000000	0.000000	0.000000	0.000000	0.000000	0.000000	0.000000	0.000000	0.000000	0.000000	0.000000	0.000000	0.000000	0.000000	0.000000	0.000000	0.000000	0.000000	0.000000	0.000000	0.000000	0.000000	0.000000	0.000000	0.000000	0.000000	0.000000	0.000000	0.000000	0.000000	0.000000	0.000000	0.000000	0.000000	0.000000	0.000000	0.000000	0.000000	0.000000	0.000000	0.000000	0.000000	0.000000	0.000000	0.000000	0.000000	0.000000	0.000000	0.000000	0.000000	0.000000	0.000000	0.000000	0.000000	0.000000	0.000000	0.000000	0.000000	0.000000	0.000000	0.000000	0.000000	0.000000	0.000000	0.000000	0.000000	0.000000	0.000000	0.000000	0.000000	0.000000	0.000000	0.000000	0.000000	0.000000	0.000000	0.000000	0.000000	0.000000	0.000000	0.000000	0.000000	0.000000	0.000000	0.000000	0.000000	0.000000	0.000000	0.000000	0.000000	0.000000	0.000000	0.000000	0.000000	0.000000	0.000000	0.000000	0.000000	0.000000	0.000000	0.000000	0.000000	0.000000	0.000000	0.000000	0.000000	
input13
0.000000	0.000000	0.000000	0.000000	0.000000	0.000000	0.000000	0.000000	0.000000	0.000000	0.000000	0.000000	0.000000	0.000000	0.000000	0.000000	0.000000	0.000000	0.000000	0.000000	0.000000	0.000000	0.000000	0.000000	0.000000	0.000000	0.000000	0.000000	0.000000	0.000000	0.000000	0.000000	0.000000	0.000000	0.000000	0.000000	0.000000	0.000000	0.000000	0.000000	0.000000	0.000000	0.000000	0.000000	0.000000	0.000000	0.000000	0.000000	0.000000	0.000000	0.000000	0.000000	0.000000	0.000000	0.000000	0.000000	0.000000	0.000000	0.000000	0.000000	0.000000	0.000000	0.000000	0.000000	0.000000	0.000000	0.000000	0.000000	0.000000	0.000000	0.000000	0.000000	0.000000	0.000000	0.000000	0.000000	0.000000	0.000000	0.000000	0.000000	0.000000	0.000000	0.000000	0.000000	0.000000	0.000000	0.000000	0.000000	0.000000	0.000000	0.000000	0.000000	0.000000	0.000000	0.000000	0.000000	0.000000	0.000000	0.000000	0.000000	0.000000	0.000000	0.000000	0.000000	0.000000	0.000000	0.000000	0.000000	0.000000	0.000000	0.000000	0.000000	0.000000	0.000000	0.000000	0.000000	0.000000	0.000000	0.000000	0.000000	0.000000	0.000000	0.000000	0.000000	0.000000	0.000000	0.000000	0.000000	0.000000	0.000000	0.000000	0.000000	0.000000	0.000000	0.000000	0.000000	0.000000	0.000000	0.000000	0.000000	0.000000	0.000000	0.000000	0.000000	0.000000	0.000000	0.000000	0.000000	0.000000	0.000000	0.000000	0.000000	0.000000	0.000000	0.000000	0.000000	0.000000	0.000000	0.000000	0.000000	0.000000	0.000000	0.000000	0.000000	0.000000	0.000000	0.000000	0.000000	0.000000	0.000000	0.000000	
input14
0.000000	0.000000	0.000000	0.000000	0.000000	0.000000	0.000000	0.000000	0.000000	0.000000	0.000000	0.000000	0.000000	0.000000	0.000000	0.000000	0.000000	0.000000	0.000000	0.000000	0.000000	0.000000	0.000000	0.000000	0.000000	0.000000	0.000000	0.000000	0.000000	0.000000	0.000000	0.000000	0.000000	0.000000	0.000000	0.000000	0.000000	0.000000	0.000000	0.000000	0.000000	0.000000	0.000000	0.000000	0.000000	0.000000	0.000000	0.000000	0.000000	0.000000	0.000000	0.000000	0.000000	0.000000	0.000000	0.000000	0.000000	0.000000	0.000000	0.000000	0.000000	0.000000	0.000000	0.000000	0.000000	0.000000	0.000000	0.000000	0.000000	0.000000	0.000000	0.000000	0.000000	0.000000	0.000000	0.000000	0.000000	0.000000	0.000000	0.000000	0.000000	0.000000	0.000000	0.000000	0.000000	0.000000	0.000000	0.000000	0.000000	0.000000	0.000000	0.000000	0.000000	0.000000	0.000000	0.000000	0.000000	0.000000	0.000000	0.000000	0.000000	0.000000	0.000000	0.000000	0.000000	0.000000	0.000000	0.000000	0.000000	0.000000	0.000000	0.000000	0.000000	0.000000	0.000000	0.000000	0.000000	0.000000	0.000000	0.000000	0.000000	0.000000	0.000000	0.000000	0.000000	0.000000	0.000000	0.000000	0.000000	0.000000	0.000000	0.000000	0.000000	0.000000	0.000000	0.000000	0.000000	0.000000	0.000000	0.000000	0.000000	0.000000	0.000000	0.000000	0.000000	0.000000	0.000000	0.000000	0.000000	0.000000	0.000000	0.000000	0.000000	0.000000	0.000000	0.000000	0.000000	0.000000	0.000000	0.000000	0.000000	0.000000	0.000000	0.000000	0.000000	0.000000	0.000000	0.000000	0.000000	0.000000	0.000000	
input15
0.000000	0.000000	0.000000	0.000000	0.000000	0.000000	0.000000	0.000000	0.000000	0.000000	0.000000	0.000000	0.000000	0.000000	0.000000	0.000000	0.000000	0.000000	0.000000	3.000000	
output1
44.768255	44.768255	44.768255	44.768255	44.768255	44.768255	43.701238	64.106908	68.138802	67.540451	67.891467	67.608588	67.838570	66.505327	64.644590	60.995983	58.265997	51.943669	50.742380	48.575466	46.196783	43.579327	39.845046	38.139767	32.370716	27.050716	21.508569	16.522157	14.664156	15.025091	17.744219	23.065661	35.550765	39.265592	52.777792	59.619734	62.507564	69.998673	77.407831	79.011890	79.004834	78.132113	76.114543	73.065242	69.388196	69.096019	57.830405	46.714555	33.644107	28.781392	25.339375	14.565029	19.778685	23.889472	35.599078	45.950054	49.198284	59.390041	68.164797	69.975155	77.035444	79.188346	78.190222	74.840760	69.970742	67.117176	54.015245	33.240886	24.345973	23.969961	14.137419	40.203532	44.905126	54.860149	71.234885	77.839751	79.267175	79.249354	78.078341	75.915893	68.094376	66.620156	67.262475	69.402850	74.174250	72.542516	74.870186	77.075324	77.683572	75.608037	74.096244	67.004704	58.314155	56.206494	55.542618	45.270833	33.264059	26.998454	32.221612	27.514884	38.990816	52.000983	56.705465	66.529956	74.837107	77.335507	77.612673	73.893972	72.913251	68.507476	61.559986	54.015741	41.651863	21.838898	26.121821	22.436460	29.069756	24.437649	38.059060	50.788449	65.386739	70.768727	76.892613	78.604795	74.151738	64.898562	56.396240	39.721380	23.580095	26.883300	25.797344	38.180483	42.037538	56.681029	69.785173	77.567905	78.523714	78.431663	75.061098	64.437227	59.305779	56.923638	55.972850	48.471839	38.432168	31.805287	28.109722	25.365340	24.479302	25.520604	29.092752	34.960976	46.187658	56.623474	52.790177	64.326027	60.033680	74.783135	78.063873	80.410408	78.467256	77.586647	78.362222	71.944223	68.245374	58.581747	54.813932	53.092301	55.172736	54.313424	55.487984	
output2
45.954608	45.954608	45.954608	45.954608	45.954608	45.954608	41.878968	43.091253	44.654531	45.432749	45.477658	45.426993	45.603362	45.290373	45.464971	45.670257	45.875743	45.591498	45.710292	45.603555	45.608491	45.482785	45.600756	45.639130	45.308271	45.038986	44.901688	44.954883	45.043951	45.289436	45.366351	45.210521	45.159142	45.022041	45.591813	45.509345	45.374407	45.160631	45.523420	45.752906	45.221204	45.507779	45.668929	45.565373	45.709702	45.780104	45.415218	45.447374	45.446643	48.959896	45.560616	45.020890	44.967815	44.302844	45.063202	45.300591	45.401295	45.233536	46.020505	46.147077	45.741716	46.086258	45.361178	46.105075	45.923779	45.927565	44.689985	44.821143	44.399806	44.458274	44.640984	45.669945	45.763251	44.192839	44.485785	45.640363	45.926438	45.678717	45.422692	45.612631	46.002192	46.310201	45.936722	45.252736	49.617599	45.517475	48.069643	46.309367	46.670374	46.304867	46.390593	46.498480	46.672021	44.574588	46.361140	46.052177	45.520588	44.887371	55.624410	44.992757	45.261463	46.111299	46.292872	46.185214	45.955178	45.956073	45.881792	46.343906	46.495743	46.995772	46.903142	46.654150	46.444433	38.885740	46.102551	45.852315	52.554367	45.618612	45.836219	46.308639	46.060263	46.098193	46.011705	46.378623	45.434166	46.312498	45.805458	44.829935	44.807745	45.113611	45.127049	56.239049	45.726055	45.974110	45.171162	45.865129	46.266679	46.353255	45.710932	46.268038	46.235698	43.804809	46.428396	45.493501	38.080191	44.944492	44.967904	44.651476	44.720429	44.501766	44.006237	43.706015	44.266235	45.221050	38.155807	45.524722	30.138194	45.353581	46.425819	48.503042	46.455517	46.227454	47.145700	44.338718	42.715032	42.273628	44.842182	46.065783	47.905468	46.346355	46.047554	
output3
45.954608	45.954608	45.954608	45.954608	45.954608	45.954608	41.878968	43.091253	44.654531	45.432749	45.477658	45.426993	45.603362	45.290373	45.464971	45.670257	45.875743	45.591498	45.710292	45.603555	45.608491	45.482785	45.600756	45.639130	45.308271	45.038986	44.901688	44.954883	45.043951	45.289436	45.366351	45.210521	45.159142	45.022041	45.591813	45.509345	45.374407	45.160631	45.523420	45.752906	45.221204	45.507779	45.668929	45.565373	45.709702	45.780104	45.415218	45.447374	45.446643	48.959896	45.560616	45.020890	44.967815	44.302844	45.063202	45.300591	45.401295	45.233536	46.020505	46.147077	45.741716	46.086258	45.361178	46.105075	45.923779	45.927565	44.689985	44.821143	44.399806	44.458274	44.640984	45.669945	45.763251	44.192839	44.485785	45.640363	45.926438	45.678717	45.422692	45.612631	46.002192	46.310201	45.936722	45.252736	49.617599	45.517475	48.069643	46.309367	46.670374	46.304867	46.390593	46.498480	46.672021	44.574588	46.361140	46.052177	45.520588	44.887371	55.624410	44.992757	45.261463	46.111299	46.292872	46.185214	45.955178	45.956073	45.881792	46.343906	46.495743	46.995772	46.903142	46.654150	46.444433	38.885740	46.102551	45.852315	52.554367	45.618612	45.836219	46.308639	46.060263	46.098193	46.011705	46.378623	45.434166	46.312498	45.805458	44.829935	44.807745	45.113611	45.127049	56.239049	45.726055	45.974110	45.171162	45.865129	46.266679	46.353255	45.710932	46.268038	46.235698	43.804809	46.428396	45.493501	38.080191	44.944492	44.967904	44.651476	44.720429	44.501766	44.006237	43.706015	44.266235	45.221050	38.155807	45.524722	30.138194	45.353581	46.425819	48.503042	46.455517	46.227454	47.145700	44.338718	42.715032	42.273628	44.842182	46.065783	47.905468	46.346355	46.047554	
output4
1.000000	0.000000	0.000000	1.000000	0.000000	1.000000	-11.093417	27.961828	-17.887789	54.039634	16.639365	39.902215	45.547246	1.002788	15.409051	45.547246	1.002788	15.409051	0.000000	3.000000	