input0
11.000000
input1
0.000000	0.000000	0.000000	0.000000	0.000000	0.000000	0.000000	0.000000	0.000000	0.000000	0.000000	
input2
0.000000	0.000000	0.000000	0.000000	0.000000	0.000000	0.000000	0.000000	0.000000	0.000000	0.000000	
input3
0.000000	0.000000	0.000000	0.000000	0.000000	0.000000	0.000000	0.000000	0.000000	0.000000	0.000000	
input4
33.693000	33.693000	33.693000	33.693000	33.693000	33.693000	24.107000	21.900000	16.847000	6.147000	2.200000	
input5
-39.260000	-39.260000	-39.260000	-39.260000	-39.260000	-39.260000	-7.620000	-3.033000	2.693000	10.367000	12.253000	
input6
-40.547000	-40.547000	-40.547000	-40.547000	-40.547000	-40.547000	-58.253000	-58.160000	-58.520000	-59.773000	-59.947000	
input7
0.000000	0.000000	0.000000	0.000000	0.000000	0.000000	0.000000	0.000000	0.000000	0.000000	0.000000	
input8
0.000000	0.000000	0.000000	0.000000	0.000000	0.000000	0.000000	0.000000	0.000000	0.000000	0.000000	
input9
0.000000	0.000000	0.000000	0.000000	0.000000	0.000000	0.000000	0.000000	0.000000	0.000000	0.000000	
input10
0.000000	0.000000	0.000000	0.000000	0.000000	0.000000	0.000000	0.000000	0.000000	0.000000	0.000000	
input11
0.000000	0.000000	0.000000	0.000000	0.000000	0.000000	0.000000	0.000000	0.000000	0.000000	0.000000	
input12
0.000000	0.000000	0.000000	0.000000	0.000000	0.000000	0.000000	0.000000	0.000000	0.000000	0.000000	
input13
0.000000	0.000000	0.000000	0.000000	0.000000	0.000000	0.000000	0.000000	0.000000	0.000000	0.000000	
input14
0.000000	0.000000	0.000000	0.000000	0.000000	0.000000	0.000000	0.000000	0.000000	0.000000	0.000000	
input15
0.000000	0.000000	0.000000	0.000000	0.000000	0.000000	0.000000	0.000000	0.000000	0.000000	0.000000	0.000000	0.000000	0.000000	0.000000	0.000000	0.000000	0.000000	0.000000	3.000000	
output1
65.731462	65.731462	65.731462	65.731462	65.731462	65.731462	63.502944	62.220533	60.956247	60.975994	61.225965	
output2
51.116937	51.116937	51.116937	51.116937	51.116937	51.116937	51.055199	51.264777	51.010782	51.118647	51.135732	
output3
51.116937	51.116937	51.116937	51.116937	51.116937	51.116937	51.055199	51.264777	51.010782	51.118647	51.135732	
output4
1.000000	0.000000	0.000000	1.000000	0.000000	1.000000	-14.911068	-26.452960	-31.242941	63.933678	1.961219	2.977430	51.116978	0.030586	0.147799	51.116978	0.030586	0.147799	0.000000	3.000000	