input0
24.000000
input1
0.000000	0.000000	0.000000	0.000000	0.000000	0.000000	0.000000	0.000000	0.000000	0.000000	0.000000	0.000000	0.000000	0.000000	0.000000	0.000000	0.000000	0.000000	0.000000	0.000000	0.000000	0.000000	0.000000	0.000000	
input2
0.000000	0.000000	0.000000	0.000000	0.000000	0.000000	0.000000	0.000000	0.000000	0.000000	0.000000	0.000000	0.000000	0.000000	0.000000	0.000000	0.000000	0.000000	0.000000	0.000000	0.000000	0.000000	0.000000	0.000000	
input3
0.000000	0.000000	0.000000	0.000000	0.000000	0.000000	0.000000	0.000000	0.000000	0.000000	0.000000	0.000000	0.000000	0.000000	0.000000	0.000000	0.000000	0.000000	0.000000	0.000000	0.000000	0.000000	0.000000	0.000000	
input4
33.693000	33.693000	33.693000	33.693000	33.693000	33.693000	24.107000	21.900000	16.847000	6.147000	2.200000	-4.927000	-10.627000	-15.740000	-16.453000	-17.100000	-18.413000	-20.027000	-22.080000	-23.880000	-25.027000	-26.180000	-26.827000	-26.793000	
input5
-39.260000	-39.260000	-39.260000	-39.260000	-39.260000	-39.260000	-7.620000	-3.033000	2.693000	10.367000	12.253000	14.593000	15.367000	15.440000	15.240000	14.800000	14.500000	14.353000	14.053000	14.053000	13.393000	13.013000	12.413000	11.780000	
input6
-40.547000	-40.547000	-40.547000	-40.547000	-40.547000	-40.547000	-58.253000	-58.160000	-58.520000	-59.773000	-59.947000	-60.087000	-59.873000	-59.573000	-59.740000	-59.793000	-59.580000	-59.380000	-59.047000	-59.047000	-58.420000	-58.327000	-58.600000	-59.433000	
input7
0.000000	0.000000	0.000000	0.000000	0.000000	0.000000	0.000000	0.000000	0.000000	0.000000	0.000000	0.000000	0.000000	0.000000	0.000000	0.000000	0.000000	0.000000	0.000000	0.000000	0.000000	0.000000	0.000000	0.000000	
input8
0.000000	0.000000	0.000000	0.000000	0.000000	0.000000	0.000000	0.000000	0.000000	0.000000	0.000000	0.000000	0.000000	0.000000	0.000000	0.000000	0.000000	0.000000	0.000000	0.000000	0.000000	0.000000	0.000000	0.000000	
input9
0.000000	0.000000	0.000000	0.000000	0.000000	0.000000	0.000000	0.000000	0.000000	0.000000	0.000000	0.000000	0.000000	0.000000	0.000000	0.000000	0.000000	0.000000	0.000000	0.000000	0.000000	0.000000	0.000000	0.000000	
input10
0.000000	0.000000	0.000000	0.000000	0.000000	0.000000	0.000000	0.000000	0.000000	0.000000	0.000000	0.000000	0.000000	0.000000	0.000000	0.000000	0.000000	0.000000	0.000000	0.000000	0.000000	0.000000	0.000000	0.000000	
input11
0.000000	0.000000	0.000000	0.000000	0.000000	0.000000	0.000000	0.000000	0.000000	0.000000	0.000000	0.000000	0.000000	0.000000	0.000000	0.000000	0.000000	0.000000	0.000000	0.000000	0.000000	0.000000	0.000000	0.000000	
input12
0.000000	0.000000	0.000000	0.000000	0.000000	0.000000	0.000000	0.000000	0.000000	0.000000	0.000000	0.000000	0.000000	0.000000	0.000000	0.000000	0.000000	0.000000	0.000000	0.000000	0.000000	0.000000	0.000000	0.000000	
input13
0.000000	0.000000	0.000000	0.000000	0.000000	0.000000	0.000000	0.000000	0.000000	0.000000	0.000000	0.000000	0.000000	0.000000	0.000000	0.000000	0.000000	0.000000	0.000000	0.000000	0.000000	0.000000	0.000000	0.000000	
input14
0.000000	0.000000	0.000000	0.000000	0.000000	0.000000	0.000000	0.000000	0.000000	0.000000	0.000000	0.000000	0.000000	0.000000	0.000000	0.000000	0.000000	0.000000	0.000000	0.000000	0.000000	0.000000	0.000000	0.000000	
input15
0.000000	0.000000	0.000000	0.000000	0.000000	0.000000	0.000000	0.000000	0.000000	0.000000	0.000000	0.000000	0.000000	0.000000	0.000000	0.000000	0.000000	0.000000	0.000000	3.000000	
output1
65.731462	65.731462	65.731462	65.731462	65.731462	65.731462	63.502944	62.220533	60.956247	60.975994	61.225965	62.029659	62.720443	63.522307	63.810864	63.926934	64.023941	64.288986	64.587626	65.224914	64.950901	65.243923	65.633303	66.248885	
output2
52.211914	52.211914	52.211914	52.211914	52.211914	52.211914	52.428656	52.233205	51.745217	51.977106	52.099139	52.398271	52.413227	52.459633	52.515799	52.330845	52.145220	52.156957	52.114580	52.527928	51.947117	51.961513	51.970004	52.169541	
output3
52.211914	52.211914	52.211914	52.211914	52.211914	52.211914	52.428656	52.233205	51.745217	51.977106	52.099139	52.398271	52.413227	52.459633	52.515799	52.330845	52.145220	52.156957	52.114580	52.527928	51.947117	51.961513	51.970004	52.169541	
output4
1.000000	0.000000	0.000000	1.000000	0.000000	1.000000	-10.965068	-20.187366	-21.364311	64.145131	1.390051	3.188884	52.202727	0.145073	0.457510	52.202727	0.145073	0.457510	0.000000	3.000000	