input0
30.000000
input1
0.000000	0.000000	0.000000	0.000000	0.000000	0.000000	0.000000	0.000000	0.000000	0.000000	0.000000	0.000000	0.000000	0.000000	0.000000	0.000000	0.000000	0.000000	0.000000	0.000000	0.000000	0.000000	0.000000	0.000000	0.000000	0.000000	0.000000	0.000000	0.000000	0.000000	
input2
0.000000	0.000000	0.000000	0.000000	0.000000	0.000000	0.000000	0.000000	0.000000	0.000000	0.000000	0.000000	0.000000	0.000000	0.000000	0.000000	0.000000	0.000000	0.000000	0.000000	0.000000	0.000000	0.000000	0.000000	0.000000	0.000000	0.000000	0.000000	0.000000	0.000000	
input3
0.000000	0.000000	0.000000	0.000000	0.000000	0.000000	0.000000	0.000000	0.000000	0.000000	0.000000	0.000000	0.000000	0.000000	0.000000	0.000000	0.000000	0.000000	0.000000	0.000000	0.000000	0.000000	0.000000	0.000000	0.000000	0.000000	0.000000	0.000000	0.000000	0.000000	
input4
33.693000	33.693000	33.693000	33.693000	33.693000	33.693000	24.107000	21.900000	16.847000	6.147000	2.200000	-4.927000	-10.627000	-15.740000	-16.453000	-17.100000	-18.413000	-20.027000	-22.080000	-23.880000	-25.027000	-26.180000	-26.827000	-26.793000	-27.140000	-25.513000	-24.313000	-23.027000	-22.853000	-22.880000	
input5
-39.260000	-39.260000	-39.260000	-39.260000	-39.260000	-39.260000	-7.620000	-3.033000	2.693000	10.367000	12.253000	14.593000	15.367000	15.440000	15.240000	14.800000	14.500000	14.353000	14.053000	14.053000	13.393000	13.013000	12.413000	11.780000	10.893000	11.427000	12.013000	12.513000	13.927000	14.640000	
input6
-40.547000	-40.547000	-40.547000	-40.547000	-40.547000	-40.547000	-58.253000	-58.160000	-58.520000	-59.773000	-59.947000	-60.087000	-59.873000	-59.573000	-59.740000	-59.793000	-59.580000	-59.380000	-59.047000	-59.047000	-58.420000	-58.327000	-58.600000	-59.433000	-59.920000	-59.660000	-59.913000	-60.087000	-58.540000	-57.687000	
input7
0.000000	0.000000	0.000000	0.000000	0.000000	0.000000	0.000000	0.000000	0.000000	0.000000	0.000000	0.000000	0.000000	0.000000	0.000000	0.000000	0.000000	0.000000	0.000000	0.000000	0.000000	0.000000	0.000000	0.000000	0.000000	0.000000	0.000000	0.000000	0.000000	0.000000	
input8
0.000000	0.000000	0.000000	0.000000	0.000000	0.000000	0.000000	0.000000	0.000000	0.000000	0.000000	0.000000	0.000000	0.000000	0.000000	0.000000	0.000000	0.000000	0.000000	0.000000	0.000000	0.000000	0.000000	0.000000	0.000000	0.000000	0.000000	0.000000	0.000000	0.000000	
input9
0.000000	0.000000	0.000000	0.000000	0.000000	0.000000	0.000000	0.000000	0.000000	0.000000	0.000000	0.000000	0.000000	0.000000	0.000000	0.000000	0.000000	0.000000	0.000000	0.000000	0.000000	0.000000	0.000000	0.000000	0.000000	0.000000	0.000000	0.000000	0.000000	0.000000	
input10
0.000000	0.000000	0.000000	0.000000	0.000000	0.000000	0.000000	0.000000	0.000000	0.000000	0.000000	0.000000	0.000000	0.000000	0.000000	0.000000	0.000000	0.000000	0.000000	0.000000	0.000000	0.000000	0.000000	0.000000	0.000000	0.000000	0.000000	0.000000	0.000000	0.000000	
input11
0.000000	0.000000	0.000000	0.000000	0.000000	0.000000	0.000000	0.000000	0.000000	0.000000	0.000000	0.000000	0.000000	0.000000	0.000000	0.000000	0.000000	0.000000	0.000000	0.000000	0.000000	0.000000	0.000000	0.000000	0.000000	0.000000	0.000000	0.000000	0.000000	0.000000	
input12
0.000000	0.000000	0.000000	0.000000	0.000000	0.000000	0.000000	0.000000	0.000000	0.000000	0.000000	0.000000	0.000000	0.000000	0.000000	0.000000	0.000000	0.000000	0.000000	0.000000	0.000000	0.000000	0.000000	0.000000	0.000000	0.000000	0.000000	0.000000	0.000000	0.000000	
input13
0.000000	0.000000	0.000000	0.000000	0.000000	0.000000	0.000000	0.000000	0.000000	0.000000	0.000000	0.000000	0.000000	0.000000	0.000000	0.000000	0.000000	0.000000	0.000000	0.000000	0.000000	0.000000	0.000000	0.000000	0.000000	0.000000	0.000000	0.000000	0.000000	0.000000	
input14
0.000000	0.000000	0.000000	0.000000	0.000000	0.000000	0.000000	0.000000	0.000000	0.000000	0.000000	0.000000	0.000000	0.000000	0.000000	0.000000	0.000000	0.000000	0.000000	0.000000	0.000000	0.000000	0.000000	0.000000	0.000000	0.000000	0.000000	0.000000	0.000000	0.000000	
input15
0.000000	0.000000	0.000000	0.000000	0.000000	0.000000	0.000000	0.000000	0.000000	0.000000	0.000000	0.000000	0.000000	0.000000	0.000000	0.000000	0.000000	0.000000	0.000000	3.000000	
output1
65.731462	65.731462	65.731462	65.731462	65.731462	65.731462	63.502944	62.220533	60.956247	60.975994	61.225965	62.029659	62.720443	63.522307	63.810864	63.926934	64.023941	64.288986	64.587626	65.224914	64.950901	65.243923	65.633303	66.248885	66.675659	65.884787	65.764745	65.553531	64.367325	63.762167	
output2
52.201186	52.201186	52.201186	52.201186	52.201186	52.201186	52.397802	52.189161	51.697632	51.948049	52.080098	52.401580	52.438061	52.506247	52.567529	52.388230	52.209316	52.228252	52.195267	52.616316	52.041866	52.063043	52.078980	52.285458	52.222261	51.860031	52.077572	52.196745	51.920380	51.788074	
output3
52.201186	52.201186	52.201186	52.201186	52.201186	52.201186	52.397802	52.189161	51.697632	51.948049	52.080098	52.401580	52.438061	52.506247	52.567529	52.388230	52.209316	52.228252	52.195267	52.616316	52.041866	52.063043	52.078980	52.285458	52.222261	51.860031	52.077572	52.196745	51.920380	51.788074	
output4
1.000000	0.000000	0.000000	1.000000	0.000000	1.000000	-10.721444	-19.926940	-21.090541	64.383045	1.335222	3.426798	52.186836	0.154175	0.489204	52.186836	0.154175	0.489204	0.000000	3.000000	