input0
53.000000
input1
0.000000	0.000000	0.000000	0.000000	0.000000	0.000000	0.000000	0.000000	0.000000	0.000000	0.000000	0.000000	0.000000	0.000000	0.000000	0.000000	0.000000	0.000000	0.000000	0.000000	0.000000	0.000000	0.000000	0.000000	0.000000	0.000000	0.000000	0.000000	0.000000	0.000000	0.000000	0.000000	0.000000	0.000000	0.000000	0.000000	0.000000	0.000000	0.000000	0.000000	0.000000	0.000000	0.000000	0.000000	0.000000	0.000000	0.000000	0.000000	0.000000	0.000000	0.000000	0.000000	0.000000	
input2
0.000000	0.000000	0.000000	0.000000	0.000000	0.000000	0.000000	0.000000	0.000000	0.000000	0.000000	0.000000	0.000000	0.000000	0.000000	0.000000	0.000000	0.000000	0.000000	0.000000	0.000000	0.000000	0.000000	0.000000	0.000000	0.000000	0.000000	0.000000	0.000000	0.000000	0.000000	0.000000	0.000000	0.000000	0.000000	0.000000	0.000000	0.000000	0.000000	0.000000	0.000000	0.000000	0.000000	0.000000	0.000000	0.000000	0.000000	0.000000	0.000000	0.000000	0.000000	0.000000	0.000000	
input3
0.000000	0.000000	0.000000	0.000000	0.000000	0.000000	0.000000	0.000000	0.000000	0.000000	0.000000	0.000000	0.000000	0.000000	0.000000	0.000000	0.000000	0.000000	0.000000	0.000000	0.000000	0.000000	0.000000	0.000000	0.000000	0.000000	0.000000	0.000000	0.000000	0.000000	0.000000	0.000000	0.000000	0.000000	0.000000	0.000000	0.000000	0.000000	0.000000	0.000000	0.000000	0.000000	0.000000	0.000000	0.000000	0.000000	0.000000	0.000000	0.000000	0.000000	0.000000	0.000000	0.000000	
input4
33.693000	33.693000	33.693000	33.693000	33.693000	33.693000	24.107000	21.900000	16.847000	6.147000	2.200000	-4.927000	-10.627000	-15.740000	-16.453000	-17.100000	-18.413000	-20.027000	-22.080000	-23.880000	-25.027000	-26.180000	-26.827000	-26.793000	-27.140000	-25.513000	-24.313000	-23.027000	-22.853000	-22.880000	-22.793000	-22.840000	-22.813000	-23.953000	-24.440000	-24.880000	-25.167000	-25.313000	-25.427000	-25.640000	-25.940000	-26.267000	-26.467000	-26.340000	-26.067000	-25.567000	-24.967000	-24.640000	-24.300000	-24.153000	-24.167000	-24.453000	-24.727000	
input5
-39.260000	-39.260000	-39.260000	-39.260000	-39.260000	-39.260000	-7.620000	-3.033000	2.693000	10.367000	12.253000	14.593000	15.367000	15.440000	15.240000	14.800000	14.500000	14.353000	14.053000	14.053000	13.393000	13.013000	12.413000	11.780000	10.893000	11.427000	12.013000	12.513000	13.927000	14.640000	16.540000	18.567000	19.200000	16.293000	13.327000	10.067000	6.800000	3.940000	1.080000	-1.620000	-5.487000	-10.647000	-16.273000	-22.673000	-28.660000	-33.660000	-37.920000	-41.060000	-43.087000	-44.820000	-46.673000	-51.760000	-54.747000	
input6
-40.547000	-40.547000	-40.547000	-40.547000	-40.547000	-40.547000	-58.253000	-58.160000	-58.520000	-59.773000	-59.947000	-60.087000	-59.873000	-59.573000	-59.740000	-59.793000	-59.580000	-59.380000	-59.047000	-59.047000	-58.420000	-58.327000	-58.600000	-59.433000	-59.920000	-59.660000	-59.913000	-60.087000	-58.540000	-57.687000	-55.460000	-52.967000	-52.147000	-54.753000	-57.593000	-60.660000	-63.507000	-65.873000	-67.687000	-68.887000	-69.760000	-70.933000	-71.487000	-71.567000	-71.133000	-69.860000	-68.420000	-66.973000	-65.493000	-64.327000	-62.800000	-58.100000	-54.187000	
input7
0.000000	0.000000	0.000000	0.000000	0.000000	0.000000	0.000000	0.000000	0.000000	0.000000	0.000000	0.000000	0.000000	0.000000	0.000000	0.000000	0.000000	0.000000	0.000000	0.000000	0.000000	0.000000	0.000000	0.000000	0.000000	0.000000	0.000000	0.000000	0.000000	0.000000	0.000000	0.000000	0.000000	0.000000	0.000000	0.000000	0.000000	0.000000	0.000000	0.000000	0.000000	0.000000	0.000000	0.000000	0.000000	0.000000	0.000000	0.000000	0.000000	0.000000	0.000000	0.000000	0.000000	
input8
0.000000	0.000000	0.000000	0.000000	0.000000	0.000000	0.000000	0.000000	0.000000	0.000000	0.000000	0.000000	0.000000	0.000000	0.000000	0.000000	0.000000	0.000000	0.000000	0.000000	0.000000	0.000000	0.000000	0.000000	0.000000	0.000000	0.000000	0.000000	0.000000	0.000000	0.000000	0.000000	0.000000	0.000000	0.000000	0.000000	0.000000	0.000000	0.000000	0.000000	0.000000	0.000000	0.000000	0.000000	0.000000	0.000000	0.000000	0.000000	0.000000	0.000000	0.000000	0.000000	0.000000	
input9
0.000000	0.000000	0.000000	0.000000	0.000000	0.000000	0.000000	0.000000	0.000000	0.000000	0.000000	0.000000	0.000000	0.000000	0.000000	0.000000	0.000000	0.000000	0.000000	0.000000	0.000000	0.000000	0.000000	0.000000	0.000000	0.000000	0.000000	0.000000	0.000000	0.000000	0.000000	0.000000	0.000000	0.000000	0.000000	0.000000	0.000000	0.000000	0.000000	0.000000	0.000000	0.000000	0.000000	0.000000	0.000000	0.000000	0.000000	0.000000	0.000000	0.000000	0.000000	0.000000	0.000000	
input10
0.000000	0.000000	0.000000	0.000000	0.000000	0.000000	0.000000	0.000000	0.000000	0.000000	0.000000	0.000000	0.000000	0.000000	0.000000	0.000000	0.000000	0.000000	0.000000	0.000000	0.000000	0.000000	0.000000	0.000000	0.000000	0.000000	0.000000	0.000000	0.000000	0.000000	0.000000	0.000000	0.000000	0.000000	0.000000	0.000000	0.000000	0.000000	0.000000	0.000000	0.000000	0.000000	0.000000	0.000000	0.000000	0.000000	0.000000	0.000000	0.000000	0.000000	0.000000	0.000000	0.000000	
input11
0.000000	0.000000	0.000000	0.000000	0.000000	0.000000	0.000000	0.000000	0.000000	0.000000	0.000000	0.000000	0.000000	0.000000	0.000000	0.000000	0.000000	0.000000	0.000000	0.000000	0.000000	0.000000	0.000000	0.000000	0.000000	0.000000	0.000000	0.000000	0.000000	0.000000	0.000000	0.000000	0.000000	0.000000	0.000000	0.000000	0.000000	0.000000	0.000000	0.000000	0.000000	0.000000	0.000000	0.000000	0.000000	0.000000	0.000000	0.000000	0.000000	0.000000	0.000000	0.000000	0.000000	
input12
0.000000	0.000000	0.000000	0.000000	0.000000	0.000000	0.000000	0.000000	0.000000	0.000000	0.000000	0.000000	0.000000	0.000000	0.000000	0.000000	0.000000	0.000000	0.000000	0.000000	0.000000	0.000000	0.000000	0.000000	0.000000	0.000000	0.000000	0.000000	0.000000	0.000000	0.000000	0.000000	0.000000	0.000000	0.000000	0.000000	0.000000	0.000000	0.000000	0.000000	0.000000	0.000000	0.000000	0.000000	0.000000	0.000000	0.000000	0.000000	0.000000	0.000000	0.000000	0.000000	0.000000	
input13
0.000000	0.000000	0.000000	0.000000	0.000000	0.000000	0.000000	0.000000	0.000000	0.000000	0.000000	0.000000	0.000000	0.000000	0.000000	0.000000	0.000000	0.000000	0.000000	0.000000	0.000000	0.000000	0.000000	0.000000	0.000000	0.000000	0.000000	0.000000	0.000000	0.000000	0.000000	0.000000	0.000000	0.000000	0.000000	0.000000	0.000000	0.000000	0.000000	0.000000	0.000000	0.000000	0.000000	0.000000	0.000000	0.000000	0.000000	0.000000	0.000000	0.000000	0.000000	0.000000	0.000000	
input14
0.000000	0.000000	0.000000	0.000000	0.000000	0.000000	0.000000	0.000000	0.000000	0.000000	0.000000	0.000000	0.000000	0.000000	0.000000	0.000000	0.000000	0.000000	0.000000	0.000000	0.000000	0.000000	0.000000	0.000000	0.000000	0.000000	0.000000	0.000000	0.000000	0.000000	0.000000	0.000000	0.000000	0.000000	0.000000	0.000000	0.000000	0.000000	0.000000	0.000000	0.000000	0.000000	0.000000	0.000000	0.000000	0.000000	0.000000	0.000000	0.000000	0.000000	0.000000	0.000000	0.000000	
input15
0.000000	0.000000	0.000000	0.000000	0.000000	0.000000	0.000000	0.000000	0.000000	0.000000	0.000000	0.000000	0.000000	0.000000	0.000000	0.000000	0.000000	0.000000	0.000000	3.000000	
output1
65.731462	65.731462	65.731462	65.731462	65.731462	65.731462	63.502944	62.220533	60.956247	60.975994	61.225965	62.029659	62.720443	63.522307	63.810864	63.926934	64.023941	64.288986	64.587626	65.224914	64.950901	65.243923	65.633303	66.248885	66.675659	65.884787	65.764745	65.553531	64.367325	63.762167	62.200515	60.596222	60.069814	61.944322	63.967775	66.332454	68.649522	70.679019	72.313406	73.521784	74.628737	76.385891	77.946801	79.559387	80.998690	81.652230	82.113177	82.331257	82.075043	82.037569	81.891714	81.563820	80.900491	
output2
49.926551	49.926551	49.926551	49.926551	49.926551	49.926551	48.843491	48.658000	48.201100	48.604745	48.823140	49.323488	49.518816	49.742484	49.813475	49.638921	49.501286	49.578179	49.622419	50.110127	49.587232	49.647754	49.663227	49.818930	49.729061	49.324264	49.499987	49.576821	49.392467	49.315762	49.218900	49.278357	49.305575	48.930599	48.803990	48.998293	49.376625	49.878659	50.166979	50.230087	49.859017	49.838479	49.721853	49.730283	49.956168	49.781471	49.691576	49.597277	49.175005	49.037953	48.823154	48.565709	48.197449	
output3
49.926551	49.926551	49.926551	49.926551	49.926551	49.926551	48.843491	48.658000	48.201100	48.604745	48.823140	49.323488	49.518816	49.742484	49.813475	49.638921	49.501286	49.578179	49.622419	50.110127	49.587232	49.647754	49.663227	49.818930	49.729061	49.324264	49.499987	49.576821	49.392467	49.315762	49.218900	49.278357	49.305575	48.930599	48.803990	48.998293	49.376625	49.878659	50.166979	50.230087	49.859017	49.838479	49.721853	49.730283	49.956168	49.781471	49.691576	49.597277	49.175005	49.037953	48.823154	48.565709	48.197449	
output4
1.000000	0.000000	0.000000	1.000000	0.000000	1.000000	-9.468773	-19.654492	-24.883476	68.600962	6.152158	13.730295	49.457697	0.392965	1.260248	49.457697	0.392965	1.260248	0.000000	3.000000	