input0
134.000000
input1
0.000000	0.000000	0.000000	0.000000	0.000000	0.000000	0.000000	0.000000	0.000000	0.000000	0.000000	0.000000	0.000000	0.000000	0.000000	0.000000	0.000000	0.000000	0.000000	0.000000	0.000000	0.000000	0.000000	0.000000	0.000000	0.000000	0.000000	0.000000	0.000000	0.000000	0.000000	0.000000	0.000000	0.000000	0.000000	0.000000	0.000000	0.000000	0.000000	0.000000	0.000000	0.000000	0.000000	0.000000	0.000000	0.000000	0.000000	0.000000	0.000000	0.000000	0.000000	0.000000	0.000000	0.000000	0.000000	0.000000	0.000000	0.000000	0.000000	0.000000	0.000000	0.000000	0.000000	0.000000	0.000000	0.000000	0.000000	0.000000	0.000000	0.000000	0.000000	0.000000	0.000000	0.000000	0.000000	0.000000	0.000000	0.000000	0.000000	0.000000	0.000000	0.000000	0.000000	0.000000	0.000000	0.000000	0.000000	0.000000	0.000000	0.000000	0.000000	0.000000	0.000000	0.000000	0.000000	0.000000	0.000000	0.000000	0.000000	0.000000	0.000000	0.000000	0.000000	0.000000	0.000000	0.000000	0.000000	0.000000	0.000000	0.000000	0.000000	0.000000	0.000000	0.000000	0.000000	0.000000	0.000000	0.000000	0.000000	0.000000	0.000000	0.000000	0.000000	0.000000	0.000000	0.000000	0.000000	0.000000	0.000000	0.000000	0.000000	0.000000	0.000000	0.000000	
input2
0.000000	0.000000	0.000000	0.000000	0.000000	0.000000	0.000000	0.000000	0.000000	0.000000	0.000000	0.000000	0.000000	0.000000	0.000000	0.000000	0.000000	0.000000	0.000000	0.000000	0.000000	0.000000	0.000000	0.000000	0.000000	0.000000	0.000000	0.000000	0.000000	0.000000	0.000000	0.000000	0.000000	0.000000	0.000000	0.000000	0.000000	0.000000	0.000000	0.000000	0.000000	0.000000	0.000000	0.000000	0.000000	0.000000	0.000000	0.000000	0.000000	0.000000	0.000000	0.000000	0.000000	0.000000	0.000000	0.000000	0.000000	0.000000	0.000000	0.000000	0.000000	0.000000	0.000000	0.000000	0.000000	0.000000	0.000000	0.000000	0.000000	0.000000	0.000000	0.000000	0.000000	0.000000	0.000000	0.000000	0.000000	0.000000	0.000000	0.000000	0.000000	0.000000	0.000000	0.000000	0.000000	0.000000	0.000000	0.000000	0.000000	0.000000	0.000000	0.000000	0.000000	0.000000	0.000000	0.000000	0.000000	0.000000	0.000000	0.000000	0.000000	0.000000	0.000000	0.000000	0.000000	0.000000	0.000000	0.000000	0.000000	0.000000	0.000000	0.000000	0.000000	0.000000	0.000000	0.000000	0.000000	0.000000	0.000000	0.000000	0.000000	0.000000	0.000000	0.000000	0.000000	0.000000	0.000000	0.000000	0.000000	0.000000	0.000000	0.000000	0.000000	0.000000	
input3
0.000000	0.000000	0.000000	0.000000	0.000000	0.000000	0.000000	0.000000	0.000000	0.000000	0.000000	0.000000	0.000000	0.000000	0.000000	0.000000	0.000000	0.000000	0.000000	0.000000	0.000000	0.000000	0.000000	0.000000	0.000000	0.000000	0.000000	0.000000	0.000000	0.000000	0.000000	0.000000	0.000000	0.000000	0.000000	0.000000	0.000000	0.000000	0.000000	0.000000	0.000000	0.000000	0.000000	0.000000	0.000000	0.000000	0.000000	0.000000	0.000000	0.000000	0.000000	0.000000	0.000000	0.000000	0.000000	0.000000	0.000000	0.000000	0.000000	0.000000	0.000000	0.000000	0.000000	0.000000	0.000000	0.000000	0.000000	0.000000	0.000000	0.000000	0.000000	0.000000	0.000000	0.000000	0.000000	0.000000	0.000000	0.000000	0.000000	0.000000	0.000000	0.000000	0.000000	0.000000	0.000000	0.000000	0.000000	0.000000	0.000000	0.000000	0.000000	0.000000	0.000000	0.000000	0.000000	0.000000	0.000000	0.000000	0.000000	0.000000	0.000000	0.000000	0.000000	0.000000	0.000000	0.000000	0.000000	0.000000	0.000000	0.000000	0.000000	0.000000	0.000000	0.000000	0.000000	0.000000	0.000000	0.000000	0.000000	0.000000	0.000000	0.000000	0.000000	0.000000	0.000000	0.000000	0.000000	0.000000	0.000000	0.000000	0.000000	0.000000	0.000000	0.000000	
input4
33.693000	33.693000	33.693000	33.693000	33.693000	33.693000	24.107000	21.900000	16.847000	6.147000	2.200000	-4.927000	-10.627000	-15.740000	-16.453000	-17.100000	-18.413000	-20.027000	-22.080000	-23.880000	-25.027000	-26.180000	-26.827000	-26.793000	-27.140000	-25.513000	-24.313000	-23.027000	-22.853000	-22.880000	-22.793000	-22.840000	-22.813000	-23.953000	-24.440000	-24.880000	-25.167000	-25.313000	-25.427000	-25.640000	-25.940000	-26.267000	-26.467000	-26.340000	-26.067000	-25.567000	-24.967000	-24.640000	-24.300000	-24.153000	-24.167000	-24.453000	-24.727000	-25.240000	-25.767000	-26.100000	-26.767000	-26.900000	-26.740000	-26.253000	-25.853000	-24.667000	-24.300000	-23.840000	-23.567000	-23.400000	-23.167000	-22.793000	-22.393000	-22.053000	-21.727000	-21.713000	-21.580000	-21.227000	-20.893000	-20.400000	-20.240000	-20.267000	-20.567000	-20.893000	-20.927000	-20.980000	-21.267000	-21.527000	-21.913000	-22.267000	-22.700000	-22.800000	-23.100000	-23.067000	-22.713000	-21.840000	-21.180000	-20.313000	-19.500000	-19.500000	-19.713000	-20.140000	-20.440000	-20.940000	-21.813000	-22.080000	-22.400000	-22.600000	-22.880000	-23.053000	-23.427000	-23.427000	-23.053000	-22.527000	-21.927000	-21.440000	-21.440000	-21.840000	-21.980000	-22.213000	-22.313000	-22.193000	-22.067000	-22.067000	-21.700000	-21.500000	-21.553000	-21.313000	-21.367000	-21.113000	-20.893000	-20.680000	-20.527000	-20.640000	-20.693000	-20.780000	-21.053000	-21.040000	
input5
-39.260000	-39.260000	-39.260000	-39.260000	-39.260000	-39.260000	-7.620000	-3.033000	2.693000	10.367000	12.253000	14.593000	15.367000	15.440000	15.240000	14.800000	14.500000	14.353000	14.053000	14.053000	13.393000	13.013000	12.413000	11.780000	10.893000	11.427000	12.013000	12.513000	13.927000	14.640000	16.540000	18.567000	19.200000	16.293000	13.327000	10.067000	6.800000	3.940000	1.080000	-1.620000	-5.487000	-10.647000	-16.273000	-22.673000	-28.660000	-33.660000	-37.920000	-41.060000	-43.087000	-44.820000	-46.673000	-51.760000	-54.747000	-57.300000	-59.207000	-60.700000	-62.047000	-62.260000	-62.900000	-62.887000	-62.660000	-61.800000	-61.300000	-60.147000	-58.773000	-56.987000	-54.907000	-52.360000	-49.647000	-46.887000	-44.207000	-41.287000	-37.907000	-33.707000	-28.873000	-23.900000	-19.433000	-17.547000	-12.273000	-8.033000	-6.307000	-2.573000	2.880000	6.840000	10.213000	13.193000	16.127000	18.453000	20.540000	22.240000	23.380000	24.953000	25.493000	26.327000	26.880000	26.340000	25.813000	24.553000	22.880000	20.867000	17.693000	15.227000	9.827000	6.727000	2.993000	-1.573000	-7.633000	-14.000000	-19.700000	-24.533000	-27.773000	-30.860000	-34.747000	-39.873000	-42.700000	-51.133000	-55.920000	-57.607000	-60.387000	-62.347000	-63.947000	-64.333000	-64.320000	-64.000000	-63.073000	-61.507000	-59.133000	-56.300000	-52.707000	-48.000000	-42.320000	-36.500000	-31.273000	-27.033000	
input6
-40.547000	-40.547000	-40.547000	-40.547000	-40.547000	-40.547000	-58.253000	-58.160000	-58.520000	-59.773000	-59.947000	-60.087000	-59.873000	-59.573000	-59.740000	-59.793000	-59.580000	-59.380000	-59.047000	-59.047000	-58.420000	-58.327000	-58.600000	-59.433000	-59.920000	-59.660000	-59.913000	-60.087000	-58.540000	-57.687000	-55.460000	-52.967000	-52.147000	-54.753000	-57.593000	-60.660000	-63.507000	-65.873000	-67.687000	-68.887000	-69.760000	-70.933000	-71.487000	-71.567000	-71.133000	-69.860000	-68.420000	-66.973000	-65.493000	-64.327000	-62.800000	-58.100000	-54.187000	-49.887000	-45.713000	-42.033000	-36.900000	-35.320000	-29.020000	-24.647000	-22.453000	-15.833000	-14.153000	-10.900000	-7.527000	-4.353000	-1.280000	2.167000	4.887000	7.207000	9.580000	11.160000	12.907000	14.693000	16.127000	17.033000	17.580000	17.633000	17.153000	16.393000	15.867000	14.653000	11.993000	9.460000	6.760000	4.040000	0.673000	-2.493000	-5.947000	-9.467000	-12.053000	-16.273000	-18.067000	-21.947000	-29.693000	-35.047000	-37.480000	-42.300000	-46.613000	-49.987000	-54.807000	-57.593000	-62.880000	-65.180000	-67.460000	-69.360000	-70.907000	-71.827000	-72.280000	-72.347000	-72.220000	-71.920000	-70.467000	-67.720000	-65.853000	-58.453000	-52.940000	-50.173000	-44.547000	-39.213000	-31.153000	-26.513000	-24.613000	-20.347000	-16.140000	-11.447000	-6.493000	-1.807000	2.833000	7.173000	11.100000	14.247000	16.047000	16.807000	
input7
0.000000	0.000000	0.000000	0.000000	0.000000	0.000000	0.000000	0.000000	0.000000	0.000000	0.000000	0.000000	0.000000	0.000000	0.000000	0.000000	0.000000	0.000000	0.000000	0.000000	0.000000	0.000000	0.000000	0.000000	0.000000	0.000000	0.000000	0.000000	0.000000	0.000000	0.000000	0.000000	0.000000	0.000000	0.000000	0.000000	0.000000	0.000000	0.000000	0.000000	0.000000	0.000000	0.000000	0.000000	0.000000	0.000000	0.000000	0.000000	0.000000	0.000000	0.000000	0.000000	0.000000	0.000000	0.000000	0.000000	0.000000	0.000000	0.000000	0.000000	0.000000	0.000000	0.000000	0.000000	0.000000	0.000000	0.000000	0.000000	0.000000	0.000000	0.000000	0.000000	0.000000	0.000000	0.000000	0.000000	0.000000	0.000000	0.000000	0.000000	0.000000	0.000000	0.000000	0.000000	0.000000	0.000000	0.000000	0.000000	0.000000	0.000000	0.000000	0.000000	0.000000	0.000000	0.000000	0.000000	0.000000	0.000000	0.000000	0.000000	0.000000	0.000000	0.000000	0.000000	0.000000	0.000000	0.000000	0.000000	0.000000	0.000000	0.000000	0.000000	0.000000	0.000000	0.000000	0.000000	0.000000	0.000000	0.000000	0.000000	0.000000	0.000000	0.000000	0.000000	0.000000	0.000000	0.000000	0.000000	0.000000	0.000000	0.000000	0.000000	0.000000	0.000000	
input8
0.000000	0.000000	0.000000	0.000000	0.000000	0.000000	0.000000	0.000000	0.000000	0.000000	0.000000	0.000000	0.000000	0.000000	0.000000	0.000000	0.000000	0.000000	0.000000	0.000000	0.000000	0.000000	0.000000	0.000000	0.000000	0.000000	0.000000	0.000000	0.000000	0.000000	0.000000	0.000000	0.000000	0.000000	0.000000	0.000000	0.000000	0.000000	0.000000	0.000000	0.000000	0.000000	0.000000	0.000000	0.000000	0.000000	0.000000	0.000000	0.000000	0.000000	0.000000	0.000000	0.000000	0.000000	0.000000	0.000000	0.000000	0.000000	0.000000	0.000000	0.000000	0.000000	0.000000	0.000000	0.000000	0.000000	0.000000	0.000000	0.000000	0.000000	0.000000	0.000000	0.000000	0.000000	0.000000	0.000000	0.000000	0.000000	0.000000	0.000000	0.000000	0.000000	0.000000	0.000000	0.000000	0.000000	0.000000	0.000000	0.000000	0.000000	0.000000	0.000000	0.000000	0.000000	0.000000	0.000000	0.000000	0.000000	0.000000	0.000000	0.000000	0.000000	0.000000	0.000000	0.000000	0.000000	0.000000	0.000000	0.000000	0.000000	0.000000	0.000000	0.000000	0.000000	0.000000	0.000000	0.000000	0.000000	0.000000	0.000000	0.000000	0.000000	0.000000	0.000000	0.000000	0.000000	0.000000	0.000000	0.000000	0.000000	0.000000	0.000000	0.000000	0.000000	
input9
0.000000	0.000000	0.000000	0.000000	0.000000	0.000000	0.000000	0.000000	0.000000	0.000000	0.000000	0.000000	0.000000	0.000000	0.000000	0.000000	0.000000	0.000000	0.000000	0.000000	0.000000	0.000000	0.000000	0.000000	0.000000	0.000000	0.000000	0.000000	0.000000	0.000000	0.000000	0.000000	0.000000	0.000000	0.000000	0.000000	0.000000	0.000000	0.000000	0.000000	0.000000	0.000000	0.000000	0.000000	0.000000	0.000000	0.000000	0.000000	0.000000	0.000000	0.000000	0.000000	0.000000	0.000000	0.000000	0.000000	0.000000	0.000000	0.000000	0.000000	0.000000	0.000000	0.000000	0.000000	0.000000	0.000000	0.000000	0.000000	0.000000	0.000000	0.000000	0.000000	0.000000	0.000000	0.000000	0.000000	0.000000	0.000000	0.000000	0.000000	0.000000	0.000000	0.000000	0.000000	0.000000	0.000000	0.000000	0.000000	0.000000	0.000000	0.000000	0.000000	0.000000	0.000000	0.000000	0.000000	0.000000	0.000000	0.000000	0.000000	0.000000	0.000000	0.000000	0.000000	0.000000	0.000000	0.000000	0.000000	0.000000	0.000000	0.000000	0.000000	0.000000	0.000000	0.000000	0.000000	0.000000	0.000000	0.000000	0.000000	0.000000	0.000000	0.000000	0.000000	0.000000	0.000000	0.000000	0.000000	0.000000	0.000000	0.000000	0.000000	0.000000	0.000000	
input10
0.000000	0.000000	0.000000	0.000000	0.000000	0.000000	0.000000	0.000000	0.000000	0.000000	0.000000	0.000000	0.000000	0.000000	0.000000	0.000000	0.000000	0.000000	0.000000	0.000000	0.000000	0.000000	0.000000	0.000000	0.000000	0.000000	0.000000	0.000000	0.000000	0.000000	0.000000	0.000000	0.000000	0.000000	0.000000	0.000000	0.000000	0.000000	0.000000	0.000000	0.000000	0.000000	0.000000	0.000000	0.000000	0.000000	0.000000	0.000000	0.000000	0.000000	0.000000	0.000000	0.000000	0.000000	0.000000	0.000000	0.000000	0.000000	0.000000	0.000000	0.000000	0.000000	0.000000	0.000000	0.000000	0.000000	0.000000	0.000000	0.000000	0.000000	0.000000	0.000000	0.000000	0.000000	0.000000	0.000000	0.000000	0.000000	0.000000	0.000000	0.000000	0.000000	0.000000	0.000000	0.000000	0.000000	0.000000	0.000000	0.000000	0.000000	0.000000	0.000000	0.000000	0.000000	0.000000	0.000000	0.000000	0.000000	0.000000	0.000000	0.000000	0.000000	0.000000	0.000000	0.000000	0.000000	0.000000	0.000000	0.000000	0.000000	0.000000	0.000000	0.000000	0.000000	0.000000	0.000000	0.000000	0.000000	0.000000	0.000000	0.000000	0.000000	0.000000	0.000000	0.000000	0.000000	0.000000	0.000000	0.000000	0.000000	0.000000	0.000000	0.000000	0.000000	
input11
0.000000	0.000000	0.000000	0.000000	0.000000	0.000000	0.000000	0.000000	0.000000	0.000000	0.000000	0.000000	0.000000	0.000000	0.000000	0.000000	0.000000	0.000000	0.000000	0.000000	0.000000	0.000000	0.000000	0.000000	0.000000	0.000000	0.000000	0.000000	0.000000	0.000000	0.000000	0.000000	0.000000	0.000000	0.000000	0.000000	0.000000	0.000000	0.000000	0.000000	0.000000	0.000000	0.000000	0.000000	0.000000	0.000000	0.000000	0.000000	0.000000	0.000000	0.000000	0.000000	0.000000	0.000000	0.000000	0.000000	0.000000	0.000000	0.000000	0.000000	0.000000	0.000000	0.000000	0.000000	0.000000	0.000000	0.000000	0.000000	0.000000	0.000000	0.000000	0.000000	0.000000	0.000000	0.000000	0.000000	0.000000	0.000000	0.000000	0.000000	0.000000	0.000000	0.000000	0.000000	0.000000	0.000000	0.000000	0.000000	0.000000	0.000000	0.000000	0.000000	0.000000	0.000000	0.000000	0.000000	0.000000	0.000000	0.000000	0.000000	0.000000	0.000000	0.000000	0.000000	0.000000	0.000000	0.000000	0.000000	0.000000	0.000000	0.000000	0.000000	0.000000	0.000000	0.000000	0.000000	0.000000	0.000000	0.000000	0.000000	0.000000	0.000000	0.000000	0.000000	0.000000	0.000000	0.000000	0.000000	0.000000	0.000000	0.000000	0.000000	0.000000	0.000000	
input12
0.000000	0.000000	0.000000	0.000000	0.000000	0.000000	0.000000	0.000000	0.000000	0.000000	0.000000	0.000000	0.000000	0.000000	0.000000	0.000000	0.000000	0.000000	0.000000	0.000000	0.000000	0.000000	0.000000	0.000000	0.000000	0.000000	0.000000	0.000000	0.000000	0.000000	0.000000	0.000000	0.000000	0.000000	0.000000	0.000000	0.000000	0.000000	0.000000	0.000000	0.000000	0.000000	0.000000	0.000000	0.000000	0.000000	0.000000	0.000000	0.000000	0.000000	0.000000	0.000000	0.000000	0.000000	0.000000	0.000000	0.000000	0.000000	0.000000	0.000000	0.000000	0.000000	0.000000	0.000000	0.000000	0.000000	0.000000	0.000000	0.000000	0.000000	0.000000	0.000000	0.000000	0.000000	0.000000	0.000000	0.000000	0.000000	0.000000	0.000000	0.000000	0.000000	0.000000	0.000000	0.000000	0.000000	0.000000	0.000000	0.000000	0.000000	0.000000	0.000000	0.000000	0.000000	0.000000	0.000000	0.000000	0.000000	0.000000	0.000000	0.000000	0.000000	0.000000	0.000000	0.000000	0.000000	0.000000	0.000000	0.000000	0.000000	0.000000	0.000000	0.000000	0.000000	0.000000	0.000000	0.000000	0.000000	0.000000	0.000000	0.000000	0.000000	0.000000	0.000000	0.000000	0.000000	0.000000	0.000000	0.000000	0.000000	0.000000	0.000000	0.000000	0.000000	
input13
0.000000	0.000000	0.000000	0.000000	0.000000	0.000000	0.000000	0.000000	0.000000	0.000000	0.000000	0.000000	0.000000	0.000000	0.000000	0.000000	0.000000	0.000000	0.000000	0.000000	0.000000	0.000000	0.000000	0.000000	0.000000	0.000000	0.000000	0.000000	0.000000	0.000000	0.000000	0.000000	0.000000	0.000000	0.000000	0.000000	0.000000	0.000000	0.000000	0.000000	0.000000	0.000000	0.000000	0.000000	0.000000	0.000000	0.000000	0.000000	0.000000	0.000000	0.000000	0.000000	0.000000	0.000000	0.000000	0.000000	0.000000	0.000000	0.000000	0.000000	0.000000	0.000000	0.000000	0.000000	0.000000	0.000000	0.000000	0.000000	0.000000	0.000000	0.000000	0.000000	0.000000	0.000000	0.000000	0.000000	0.000000	0.000000	0.000000	0.000000	0.000000	0.000000	0.000000	0.000000	0.000000	0.000000	0.000000	0.000000	0.000000	0.000000	0.000000	0.000000	0.000000	0.000000	0.000000	0.000000	0.000000	0.000000	0.000000	0.000000	0.000000	0.000000	0.000000	0.000000	0.000000	0.000000	0.000000	0.000000	0.000000	0.000000	0.000000	0.000000	0.000000	0.000000	0.000000	0.000000	0.000000	0.000000	0.000000	0.000000	0.000000	0.000000	0.000000	0.000000	0.000000	0.000000	0.000000	0.000000	0.000000	0.000000	0.000000	0.000000	0.000000	0.000000	
input14
0.000000	0.000000	0.000000	0.000000	0.000000	0.000000	0.000000	0.000000	0.000000	0.000000	0.000000	0.000000	0.000000	0.000000	0.000000	0.000000	0.000000	0.000000	0.000000	0.000000	0.000000	0.000000	0.000000	0.000000	0.000000	0.000000	0.000000	0.000000	0.000000	0.000000	0.000000	0.000000	0.000000	0.000000	0.000000	0.000000	0.000000	0.000000	0.000000	0.000000	0.000000	0.000000	0.000000	0.000000	0.000000	0.000000	0.000000	0.000000	0.000000	0.000000	0.000000	0.000000	0.000000	0.000000	0.000000	0.000000	0.000000	0.000000	0.000000	0.000000	0.000000	0.000000	0.000000	0.000000	0.000000	0.000000	0.000000	0.000000	0.000000	0.000000	0.000000	0.000000	0.000000	0.000000	0.000000	0.000000	0.000000	0.000000	0.000000	0.000000	0.000000	0.000000	0.000000	0.000000	0.000000	0.000000	0.000000	0.000000	0.000000	0.000000	0.000000	0.000000	0.000000	0.000000	0.000000	0.000000	0.000000	0.000000	0.000000	0.000000	0.000000	0.000000	0.000000	0.000000	0.000000	0.000000	0.000000	0.000000	0.000000	0.000000	0.000000	0.000000	0.000000	0.000000	0.000000	0.000000	0.000000	0.000000	0.000000	0.000000	0.000000	0.000000	0.000000	0.000000	0.000000	0.000000	0.000000	0.000000	0.000000	0.000000	0.000000	0.000000	0.000000	0.000000	
input15
0.000000	0.000000	0.000000	0.000000	0.000000	0.000000	0.000000	0.000000	0.000000	0.000000	0.000000	0.000000	0.000000	0.000000	0.000000	0.000000	0.000000	0.000000	0.000000	3.000000	
output1
65.731462	65.731462	65.731462	65.731462	65.731462	65.731462	63.502944	62.220533	60.956247	60.975994	61.225965	62.029659	62.720443	63.522307	63.810864	63.926934	64.023941	64.288986	64.587626	65.224914	64.950901	65.243923	65.633303	66.248885	66.675659	65.884787	65.764745	65.553531	64.367325	63.762167	62.200515	60.596222	60.069814	61.944322	63.967775	66.332454	68.649522	70.679019	72.313406	73.521784	74.628737	76.385891	77.946801	79.559387	80.998690	81.652230	82.113177	82.331257	82.075043	82.037569	81.891714	81.563820	80.900491	80.056607	79.114382	78.310108	76.992938	76.468425	74.253606	72.467023	71.405815	68.398719	67.442475	65.611106	63.767741	61.757807	59.608111	57.147059	54.682299	52.313157	50.180651	47.964741	45.488765	42.457410	39.118381	35.742035	33.111259	32.086932	29.459352	27.744855	27.008874	25.719470	24.584787	24.488547	25.103437	26.195346	27.853600	29.437531	31.478062	33.411498	34.753123	36.938440	37.747873	39.842185	44.547263	47.982682	49.594997	52.893850	55.803761	58.074224	61.584547	63.532209	67.470174	69.314103	71.297293	73.107624	75.065902	76.837115	78.383220	79.645604	80.423014	81.144930	81.440934	81.564944	81.504773	80.775951	80.172065	79.551402	78.217501	76.887972	74.368126	72.828044	72.162275	70.457394	68.521906	66.029566	63.050680	60.005147	56.634013	52.739563	48.398271	44.351273	40.972375	38.156781	
output2
48.267687	48.267687	48.267687	48.267687	48.267687	48.267687	45.806883	45.609578	45.151727	45.674332	45.972442	46.646481	47.002400	47.386198	47.470780	47.306537	47.213283	47.349704	47.473379	48.028027	47.560071	47.663255	47.686311	47.803163	47.699084	47.245023	47.373970	47.403820	47.286868	47.252628	47.266850	47.462350	47.533817	47.045201	46.782316	46.842071	47.105890	47.522872	47.751117	47.782480	47.395783	47.376515	47.298896	47.385213	47.722670	47.674910	47.714314	47.741712	47.416202	47.368301	47.269283	47.381125	47.302495	47.288314	47.307552	47.482214	47.689899	47.662873	47.623289	47.524248	47.366882	47.383057	47.266732	47.154682	47.224750	47.178316	47.110972	47.197778	47.049744	46.907721	47.133782	46.942894	46.910123	46.896519	46.865435	46.813673	47.047747	47.127077	47.202795	47.365511	47.317222	47.374177	47.343434	47.345429	47.363052	47.485898	47.549928	47.558373	47.620155	47.558575	47.519489	47.470228	47.383160	47.297850	47.287810	47.270953	47.248896	47.396709	47.469352	47.314625	47.480816	47.374486	47.479789	47.506900	47.558346	47.334822	46.985892	46.724329	46.767679	46.987439	47.180727	47.434512	47.237969	46.940508	46.775935	46.456891	46.745158	46.672023	46.672064	46.854266	47.004270	47.227083	47.324085	47.442016	47.444841	47.344059	47.196247	47.176662	47.230320	47.161992	47.112949	47.327914	47.396734	47.197354	
output3
48.267687	48.267687	48.267687	48.267687	48.267687	48.267687	45.806883	45.609578	45.151727	45.674332	45.972442	46.646481	47.002400	47.386198	47.470780	47.306537	47.213283	47.349704	47.473379	48.028027	47.560071	47.663255	47.686311	47.803163	47.699084	47.245023	47.373970	47.403820	47.286868	47.252628	47.266850	47.462350	47.533817	47.045201	46.782316	46.842071	47.105890	47.522872	47.751117	47.782480	47.395783	47.376515	47.298896	47.385213	47.722670	47.674910	47.714314	47.741712	47.416202	47.368301	47.269283	47.381125	47.302495	47.288314	47.307552	47.482214	47.689899	47.662873	47.623289	47.524248	47.366882	47.383057	47.266732	47.154682	47.224750	47.178316	47.110972	47.197778	47.049744	46.907721	47.133782	46.942894	46.910123	46.896519	46.865435	46.813673	47.047747	47.127077	47.202795	47.365511	47.317222	47.374177	47.343434	47.345429	47.363052	47.485898	47.549928	47.558373	47.620155	47.558575	47.519489	47.470228	47.383160	47.297850	47.287810	47.270953	47.248896	47.396709	47.469352	47.314625	47.480816	47.374486	47.479789	47.506900	47.558346	47.334822	46.985892	46.724329	46.767679	46.987439	47.180727	47.434512	47.237969	46.940508	46.775935	46.456891	46.745158	46.672023	46.672064	46.854266	47.004270	47.227083	47.324085	47.442016	47.444841	47.344059	47.196247	47.176662	47.230320	47.161992	47.112949	47.327914	47.396734	47.197354	
output4
1.000000	0.000000	0.000000	1.000000	0.000000	1.000000	-8.266213	-19.019714	-27.916683	61.634769	12.680647	37.146222	47.272175	0.305926	2.120448	47.272175	0.305926	2.120448	0.000000	3.000000	