input0
406.000000
input1
0.000000	0.000000	0.000000	0.000000	0.000000	0.000000	0.000000	0.000000	0.000000	0.000000	0.000000	0.000000	0.000000	0.000000	0.000000	0.000000	0.000000	0.000000	0.000000	0.000000	0.000000	0.000000	0.000000	0.000000	0.000000	0.000000	0.000000	0.000000	0.000000	0.000000	0.000000	0.000000	0.000000	0.000000	0.000000	0.000000	0.000000	0.000000	0.000000	0.000000	0.000000	0.000000	0.000000	0.000000	0.000000	0.000000	0.000000	0.000000	0.000000	0.000000	0.000000	0.000000	0.000000	0.000000	0.000000	0.000000	0.000000	0.000000	0.000000	0.000000	0.000000	0.000000	0.000000	0.000000	0.000000	0.000000	0.000000	0.000000	0.000000	0.000000	0.000000	0.000000	0.000000	0.000000	0.000000	0.000000	0.000000	0.000000	0.000000	0.000000	0.000000	0.000000	0.000000	0.000000	0.000000	0.000000	0.000000	0.000000	0.000000	0.000000	0.000000	0.000000	0.000000	0.000000	0.000000	0.000000	0.000000	0.000000	0.000000	0.000000	0.000000	0.000000	0.000000	0.000000	0.000000	0.000000	0.000000	0.000000	0.000000	0.000000	0.000000	0.000000	0.000000	0.000000	0.000000	0.000000	0.000000	0.000000	0.000000	0.000000	0.000000	0.000000	0.000000	0.000000	0.000000	0.000000	0.000000	0.000000	0.000000	0.000000	0.000000	0.000000	0.000000	0.000000	0.000000	0.000000	0.000000	0.000000	0.000000	0.000000	0.000000	0.000000	0.000000	0.000000	0.000000	0.000000	0.000000	0.000000	0.000000	0.000000	0.000000	0.000000	0.000000	0.000000	0.000000	0.000000	0.000000	0.000000	0.000000	0.000000	0.000000	0.000000	0.000000	0.000000	0.000000	0.000000	0.000000	0.000000	0.000000	0.000000	0.000000	0.000000	0.000000	0.000000	0.000000	0.000000	0.000000	0.000000	0.000000	0.000000	0.000000	0.000000	0.000000	0.000000	0.000000	0.000000	0.000000	0.000000	0.000000	0.000000	0.000000	0.000000	0.000000	0.000000	0.000000	0.000000	0.000000	0.000000	0.000000	0.000000	0.000000	0.000000	0.000000	0.000000	0.000000	0.000000	0.000000	0.000000	0.000000	0.000000	0.000000	0.000000	0.000000	0.000000	0.000000	0.000000	0.000000	0.000000	0.000000	0.000000	0.000000	0.000000	0.000000	0.000000	0.000000	0.000000	0.000000	0.000000	0.000000	0.000000	0.000000	0.000000	0.000000	0.000000	0.000000	0.000000	0.000000	0.000000	0.000000	0.000000	0.000000	0.000000	0.000000	0.000000	0.000000	0.000000	0.000000	0.000000	0.000000	0.000000	0.000000	0.000000	0.000000	0.000000	0.000000	0.000000	0.000000	0.000000	0.000000	0.000000	0.000000	0.000000	0.000000	0.000000	0.000000	0.000000	0.000000	0.000000	0.000000	0.000000	0.000000	0.000000	0.000000	0.000000	0.000000	0.000000	0.000000	0.000000	0.000000	0.000000	0.000000	0.000000	0.000000	0.000000	0.000000	0.000000	0.000000	0.000000	0.000000	0.000000	0.000000	0.000000	0.000000	0.000000	0.000000	0.000000	0.000000	0.000000	0.000000	0.000000	0.000000	0.000000	0.000000	0.000000	0.000000	0.000000	0.000000	0.000000	0.000000	0.000000	0.000000	0.000000	0.000000	0.000000	0.000000	0.000000	0.000000	0.000000	0.000000	0.000000	0.000000	0.000000	0.000000	0.000000	0.000000	0.000000	0.000000	0.000000	0.000000	0.000000	0.000000	0.000000	0.000000	0.000000	0.000000	0.000000	0.000000	0.000000	0.000000	0.000000	0.000000	0.000000	0.000000	0.000000	0.000000	0.000000	0.000000	0.000000	0.000000	0.000000	0.000000	0.000000	0.000000	0.000000	0.000000	0.000000	0.000000	0.000000	0.000000	0.000000	0.000000	0.000000	0.000000	0.000000	0.000000	0.000000	0.000000	0.000000	0.000000	0.000000	0.000000	0.000000	0.000000	0.000000	0.000000	0.000000	0.000000	0.000000	0.000000	0.000000	0.000000	0.000000	0.000000	0.000000	0.000000	0.000000	0.000000	0.000000	0.000000	0.000000	0.000000	0.000000	0.000000	0.000000	0.000000	0.000000	0.000000	0.000000	0.000000	0.000000	0.000000	0.000000	0.000000	0.000000	0.000000	0.000000	
input2
0.000000	0.000000	0.000000	0.000000	0.000000	0.000000	0.000000	0.000000	0.000000	0.000000	0.000000	0.000000	0.000000	0.000000	0.000000	0.000000	0.000000	0.000000	0.000000	0.000000	0.000000	0.000000	0.000000	0.000000	0.000000	0.000000	0.000000	0.000000	0.000000	0.000000	0.000000	0.000000	0.000000	0.000000	0.000000	0.000000	0.000000	0.000000	0.000000	0.000000	0.000000	0.000000	0.000000	0.000000	0.000000	0.000000	0.000000	0.000000	0.000000	0.000000	0.000000	0.000000	0.000000	0.000000	0.000000	0.000000	0.000000	0.000000	0.000000	0.000000	0.000000	0.000000	0.000000	0.000000	0.000000	0.000000	0.000000	0.000000	0.000000	0.000000	0.000000	0.000000	0.000000	0.000000	0.000000	0.000000	0.000000	0.000000	0.000000	0.000000	0.000000	0.000000	0.000000	0.000000	0.000000	0.000000	0.000000	0.000000	0.000000	0.000000	0.000000	0.000000	0.000000	0.000000	0.000000	0.000000	0.000000	0.000000	0.000000	0.000000	0.000000	0.000000	0.000000	0.000000	0.000000	0.000000	0.000000	0.000000	0.000000	0.000000	0.000000	0.000000	0.000000	0.000000	0.000000	0.000000	0.000000	0.000000	0.000000	0.000000	0.000000	0.000000	0.000000	0.000000	0.000000	0.000000	0.000000	0.000000	0.000000	0.000000	0.000000	0.000000	0.000000	0.000000	0.000000	0.000000	0.000000	0.000000	0.000000	0.000000	0.000000	0.000000	0.000000	0.000000	0.000000	0.000000	0.000000	0.000000	0.000000	0.000000	0.000000	0.000000	0.000000	0.000000	0.000000	0.000000	0.000000	0.000000	0.000000	0.000000	0.000000	0.000000	0.000000	0.000000	0.000000	0.000000	0.000000	0.000000	0.000000	0.000000	0.000000	0.000000	0.000000	0.000000	0.000000	0.000000	0.000000	0.000000	0.000000	0.000000	0.000000	0.000000	0.000000	0.000000	0.000000	0.000000	0.000000	0.000000	0.000000	0.000000	0.000000	0.000000	0.000000	0.000000	0.000000	0.000000	0.000000	0.000000	0.000000	0.000000	0.000000	0.000000	0.000000	0.000000	0.000000	0.000000	0.000000	0.000000	0.000000	0.000000	0.000000	0.000000	0.000000	0.000000	0.000000	0.000000	0.000000	0.000000	0.000000	0.000000	0.000000	0.000000	0.000000	0.000000	0.000000	0.000000	0.000000	0.000000	0.000000	0.000000	0.000000	0.000000	0.000000	0.000000	0.000000	0.000000	0.000000	0.000000	0.000000	0.000000	0.000000	0.000000	0.000000	0.000000	0.000000	0.000000	0.000000	0.000000	0.000000	0.000000	0.000000	0.000000	0.000000	0.000000	0.000000	0.000000	0.000000	0.000000	0.000000	0.000000	0.000000	0.000000	0.000000	0.000000	0.000000	0.000000	0.000000	0.000000	0.000000	0.000000	0.000000	0.000000	0.000000	0.000000	0.000000	0.000000	0.000000	0.000000	0.000000	0.000000	0.000000	0.000000	0.000000	0.000000	0.000000	0.000000	0.000000	0.000000	0.000000	0.000000	0.000000	0.000000	0.000000	0.000000	0.000000	0.000000	0.000000	0.000000	0.000000	0.000000	0.000000	0.000000	0.000000	0.000000	0.000000	0.000000	0.000000	0.000000	0.000000	0.000000	0.000000	0.000000	0.000000	0.000000	0.000000	0.000000	0.000000	0.000000	0.000000	0.000000	0.000000	0.000000	0.000000	0.000000	0.000000	0.000000	0.000000	0.000000	0.000000	0.000000	0.000000	0.000000	0.000000	0.000000	0.000000	0.000000	0.000000	0.000000	0.000000	0.000000	0.000000	0.000000	0.000000	0.000000	0.000000	0.000000	0.000000	0.000000	0.000000	0.000000	0.000000	0.000000	0.000000	0.000000	0.000000	0.000000	0.000000	0.000000	0.000000	0.000000	0.000000	0.000000	0.000000	0.000000	0.000000	0.000000	0.000000	0.000000	0.000000	0.000000	0.000000	0.000000	0.000000	0.000000	0.000000	0.000000	0.000000	0.000000	0.000000	0.000000	0.000000	0.000000	0.000000	0.000000	0.000000	0.000000	0.000000	0.000000	0.000000	0.000000	0.000000	0.000000	0.000000	0.000000	0.000000	0.000000	0.000000	0.000000	0.000000	0.000000	0.000000	0.000000	0.000000	0.000000	0.000000	0.000000	
input3
0.000000	0.000000	0.000000	0.000000	0.000000	0.000000	0.000000	0.000000	0.000000	0.000000	0.000000	0.000000	0.000000	0.000000	0.000000	0.000000	0.000000	0.000000	0.000000	0.000000	0.000000	0.000000	0.000000	0.000000	0.000000	0.000000	0.000000	0.000000	0.000000	0.000000	0.000000	0.000000	0.000000	0.000000	0.000000	0.000000	0.000000	0.000000	0.000000	0.000000	0.000000	0.000000	0.000000	0.000000	0.000000	0.000000	0.000000	0.000000	0.000000	0.000000	0.000000	0.000000	0.000000	0.000000	0.000000	0.000000	0.000000	0.000000	0.000000	0.000000	0.000000	0.000000	0.000000	0.000000	0.000000	0.000000	0.000000	0.000000	0.000000	0.000000	0.000000	0.000000	0.000000	0.000000	0.000000	0.000000	0.000000	0.000000	0.000000	0.000000	0.000000	0.000000	0.000000	0.000000	0.000000	0.000000	0.000000	0.000000	0.000000	0.000000	0.000000	0.000000	0.000000	0.000000	0.000000	0.000000	0.000000	0.000000	0.000000	0.000000	0.000000	0.000000	0.000000	0.000000	0.000000	0.000000	0.000000	0.000000	0.000000	0.000000	0.000000	0.000000	0.000000	0.000000	0.000000	0.000000	0.000000	0.000000	0.000000	0.000000	0.000000	0.000000	0.000000	0.000000	0.000000	0.000000	0.000000	0.000000	0.000000	0.000000	0.000000	0.000000	0.000000	0.000000	0.000000	0.000000	0.000000	0.000000	0.000000	0.000000	0.000000	0.000000	0.000000	0.000000	0.000000	0.000000	0.000000	0.000000	0.000000	0.000000	0.000000	0.000000	0.000000	0.000000	0.000000	0.000000	0.000000	0.000000	0.000000	0.000000	0.000000	0.000000	0.000000	0.000000	0.000000	0.000000	0.000000	0.000000	0.000000	0.000000	0.000000	0.000000	0.000000	0.000000	0.000000	0.000000	0.000000	0.000000	0.000000	0.000000	0.000000	0.000000	0.000000	0.000000	0.000000	0.000000	0.000000	0.000000	0.000000	0.000000	0.000000	0.000000	0.000000	0.000000	0.000000	0.000000	0.000000	0.000000	0.000000	0.000000	0.000000	0.000000	0.000000	0.000000	0.000000	0.000000	0.000000	0.000000	0.000000	0.000000	0.000000	0.000000	0.000000	0.000000	0.000000	0.000000	0.000000	0.000000	0.000000	0.000000	0.000000	0.000000	0.000000	0.000000	0.000000	0.000000	0.000000	0.000000	0.000000	0.000000	0.000000	0.000000	0.000000	0.000000	0.000000	0.000000	0.000000	0.000000	0.000000	0.000000	0.000000	0.000000	0.000000	0.000000	0.000000	0.000000	0.000000	0.000000	0.000000	0.000000	0.000000	0.000000	0.000000	0.000000	0.000000	0.000000	0.000000	0.000000	0.000000	0.000000	0.000000	0.000000	0.000000	0.000000	0.000000	0.000000	0.000000	0.000000	0.000000	0.000000	0.000000	0.000000	0.000000	0.000000	0.000000	0.000000	0.000000	0.000000	0.000000	0.000000	0.000000	0.000000	0.000000	0.000000	0.000000	0.000000	0.000000	0.000000	0.000000	0.000000	0.000000	0.000000	0.000000	0.000000	0.000000	0.000000	0.000000	0.000000	0.000000	0.000000	0.000000	0.000000	0.000000	0.000000	0.000000	0.000000	0.000000	0.000000	0.000000	0.000000	0.000000	0.000000	0.000000	0.000000	0.000000	0.000000	0.000000	0.000000	0.000000	0.000000	0.000000	0.000000	0.000000	0.000000	0.000000	0.000000	0.000000	0.000000	0.000000	0.000000	0.000000	0.000000	0.000000	0.000000	0.000000	0.000000	0.000000	0.000000	0.000000	0.000000	0.000000	0.000000	0.000000	0.000000	0.000000	0.000000	0.000000	0.000000	0.000000	0.000000	0.000000	0.000000	0.000000	0.000000	0.000000	0.000000	0.000000	0.000000	0.000000	0.000000	0.000000	0.000000	0.000000	0.000000	0.000000	0.000000	0.000000	0.000000	0.000000	0.000000	0.000000	0.000000	0.000000	0.000000	0.000000	0.000000	0.000000	0.000000	0.000000	0.000000	0.000000	0.000000	0.000000	0.000000	0.000000	0.000000	0.000000	0.000000	0.000000	0.000000	0.000000	0.000000	0.000000	0.000000	0.000000	0.000000	0.000000	0.000000	0.000000	0.000000	0.000000	0.000000	0.000000	0.000000	0.000000	0.000000	
input4
33.693000	33.693000	33.693000	33.693000	33.693000	33.693000	24.107000	21.900000	16.847000	6.147000	2.200000	-4.927000	-10.627000	-15.740000	-16.453000	-17.100000	-18.413000	-20.027000	-22.080000	-23.880000	-25.027000	-26.180000	-26.827000	-26.793000	-27.140000	-25.513000	-24.313000	-23.027000	-22.853000	-22.880000	-22.793000	-22.840000	-22.813000	-23.953000	-24.440000	-24.880000	-25.167000	-25.313000	-25.427000	-25.640000	-25.940000	-26.267000	-26.467000	-26.340000	-26.067000	-25.567000	-24.967000	-24.640000	-24.300000	-24.153000	-24.167000	-24.453000	-24.727000	-25.240000	-25.767000	-26.100000	-26.767000	-26.900000	-26.740000	-26.253000	-25.853000	-24.667000	-24.300000	-23.840000	-23.567000	-23.400000	-23.167000	-22.793000	-22.393000	-22.053000	-21.727000	-21.713000	-21.580000	-21.227000	-20.893000	-20.400000	-20.240000	-20.267000	-20.567000	-20.893000	-20.927000	-20.980000	-21.267000	-21.527000	-21.913000	-22.267000	-22.700000	-22.800000	-23.100000	-23.067000	-22.713000	-21.840000	-21.180000	-20.313000	-19.500000	-19.500000	-19.713000	-20.140000	-20.440000	-20.940000	-21.813000	-22.080000	-22.400000	-22.600000	-22.880000	-23.053000	-23.427000	-23.427000	-23.053000	-22.527000	-21.927000	-21.440000	-21.440000	-21.840000	-21.980000	-22.213000	-22.313000	-22.193000	-22.067000	-22.067000	-21.700000	-21.500000	-21.553000	-21.313000	-21.367000	-21.113000	-20.893000	-20.680000	-20.527000	-20.640000	-20.693000	-20.780000	-21.053000	-21.040000	-21.127000	-21.393000	-21.627000	-22.427000	-22.900000	-23.167000	-22.900000	-22.580000	-22.300000	-21.727000	-21.493000	-20.853000	-19.927000	-19.853000	-19.827000	-19.867000	-20.453000	-20.740000	-21.167000	-21.027000	-20.840000	-20.767000	-20.413000	-20.040000	-20.040000	-20.713000	-21.667000	-22.093000	-22.380000	-22.393000	-22.027000	-21.940000	-22.267000	-22.927000	-23.140000	-23.540000	-23.293000	-23.113000	-23.067000	-23.127000	-23.027000	-23.067000	-22.980000	-22.993000	-23.013000	-23.040000	-23.213000	-23.240000	-23.180000	-22.540000	-21.100000	-18.980000	-16.540000	-14.027000	-12.327000	-11.313000	-11.593000	-12.013000	-12.900000	-14.313000	-15.900000	-17.213000	-19.780000	-21.280000	-22.227000	-24.600000	-28.440000	-38.513000	-42.040000	-43.200000	-44.953000	-45.353000	-45.567000	-45.053000	-44.627000	-44.313000	-44.040000	-43.653000	-42.553000	-41.640000	-37.200000	-33.113000	-22.880000	-16.567000	-0.480000	10.433000	15.807000	15.807000	20.773000	27.007000	30.520000	32.507000	33.047000	31.120000	29.833000	22.847000	13.100000	3.700000	-6.880000	-11.867000	-16.527000	-28.027000	-32.253000	-37.593000	-46.067000	-48.367000	-53.493000	-55.180000	-54.800000	-54.393000	-52.493000	-50.640000	-48.427000	-42.153000	-39.300000	-36.927000	-35.727000	-34.513000	-33.040000	-32.427000	-30.453000	-26.453000	-17.940000	-11.313000	-5.513000	-2.800000	1.760000	5.120000	8.433000	11.307000	14.873000	19.100000	26.273000	28.607000	33.307000	34.433000	34.007000	32.647000	30.187000	27.233000	23.960000	18.287000	14.287000	9.733000	1.847000	-4.593000	-11.780000	-18.600000	-27.413000	-31.627000	-35.067000	-39.327000	-44.167000	-48.800000	-53.793000	-55.300000	-55.880000	-55.093000	-53.140000	-50.040000	-47.980000	-39.613000	-37.727000	-31.567000	-27.813000	-23.913000	-21.580000	-10.613000	7.773000	15.387000	25.560000	29.433000	33.907000	33.373000	29.887000	26.460000	8.973000	-0.900000	-0.900000	-20.867000	-39.627000	-42.927000	-42.927000	-51.093000	-51.093000	-55.713000	-55.713000	-54.913000	-51.780000	-47.453000	-43.727000	-39.640000	-32.827000	-31.213000	-30.593000	-30.967000	-33.440000	-35.627000	-39.827000	-41.740000	-43.053000	-43.053000	-43.767000	-44.013000	-44.000000	-43.653000	-42.940000	-43.240000	-45.067000	-46.340000	-47.227000	-48.280000	-48.867000	-49.140000	-49.467000	-49.640000	-49.427000	-49.393000	-49.613000	-49.927000	-50.553000	-51.967000	-54.013000	-54.813000	-53.793000	-53.793000	-51.367000	-51.367000	-43.040000	-37.713000	-37.713000	-28.127000	-14.727000	-7.553000	6.000000	9.400000	14.947000	20.820000	25.360000	26.473000	30.247000	32.787000	32.100000	27.273000	22.273000	22.273000	12.987000	5.760000	5.760000	-13.267000	-20.293000	-26.980000	-38.753000	-42.640000	-45.340000	-50.300000	-51.567000	-54.840000	-50.667000	-46.100000	-43.380000	-37.480000	-34.580000	-34.580000	-22.840000	-12.267000	-9.800000	-2.267000	0.273000	12.307000	15.587000	17.520000	
input5
-39.260000	-39.260000	-39.260000	-39.260000	-39.260000	-39.260000	-7.620000	-3.033000	2.693000	10.367000	12.253000	14.593000	15.367000	15.440000	15.240000	14.800000	14.500000	14.353000	14.053000	14.053000	13.393000	13.013000	12.413000	11.780000	10.893000	11.427000	12.013000	12.513000	13.927000	14.640000	16.540000	18.567000	19.200000	16.293000	13.327000	10.067000	6.800000	3.940000	1.080000	-1.620000	-5.487000	-10.647000	-16.273000	-22.673000	-28.660000	-33.660000	-37.920000	-41.060000	-43.087000	-44.820000	-46.673000	-51.760000	-54.747000	-57.300000	-59.207000	-60.700000	-62.047000	-62.260000	-62.900000	-62.887000	-62.660000	-61.800000	-61.300000	-60.147000	-58.773000	-56.987000	-54.907000	-52.360000	-49.647000	-46.887000	-44.207000	-41.287000	-37.907000	-33.707000	-28.873000	-23.900000	-19.433000	-17.547000	-12.273000	-8.033000	-6.307000	-2.573000	2.880000	6.840000	10.213000	13.193000	16.127000	18.453000	20.540000	22.240000	23.380000	24.953000	25.493000	26.327000	26.880000	26.340000	25.813000	24.553000	22.880000	20.867000	17.693000	15.227000	9.827000	6.727000	2.993000	-1.573000	-7.633000	-14.000000	-19.700000	-24.533000	-27.773000	-30.860000	-34.747000	-39.873000	-42.700000	-51.133000	-55.920000	-57.607000	-60.387000	-62.347000	-63.947000	-64.333000	-64.320000	-64.000000	-63.073000	-61.507000	-59.133000	-56.300000	-52.707000	-48.000000	-42.320000	-36.500000	-31.273000	-27.033000	-23.647000	-19.307000	-13.660000	-7.500000	-0.900000	7.000000	11.513000	15.527000	22.300000	24.527000	25.293000	26.140000	26.253000	25.993000	25.313000	25.040000	23.413000	22.227000	19.640000	18.393000	17.040000	15.613000	13.667000	6.027000	0.113000	-5.920000	-11.747000	-16.573000	-21.460000	-27.020000	-33.107000	-39.000000	-41.773000	-48.760000	-50.560000	-55.307000	-57.920000	-59.133000	-61.273000	-62.760000	-63.587000	-62.833000	-62.307000	-60.620000	-59.207000	-57.860000	-56.120000	-53.260000	-43.620000	-33.333000	-20.747000	-8.600000	1.713000	10.100000	16.453000	21.353000	26.253000	26.980000	27.367000	26.527000	24.640000	22.113000	16.040000	11.953000	10.827000	10.500000	9.440000	5.300000	2.340000	0.253000	-4.587000	-11.447000	-15.773000	-22.360000	-25.860000	-27.473000	-30.133000	-31.360000	-31.587000	-31.673000	-32.287000	-32.733000	-32.960000	-32.773000	-32.287000	-32.073000	-32.073000	-31.747000	-31.647000	-31.473000	-31.520000	-31.447000	-31.500000	-31.207000	-31.200000	-31.000000	-31.460000	-31.920000	-32.360000	-32.347000	-32.187000	-31.147000	-30.933000	-31.300000	-32.333000	-32.733000	-33.433000	-33.500000	-33.000000	-32.673000	-31.933000	-31.533000	-31.260000	-30.820000	-30.573000	-30.520000	-30.600000	-30.800000	-30.173000	-30.033000	-30.033000	-30.220000	-31.060000	-31.687000	-31.960000	-32.273000	-32.620000	-32.900000	-33.007000	-32.860000	-32.473000	-31.900000	-30.420000	-29.900000	-28.433000	-27.733000	-27.833000	-27.847000	-28.420000	-29.007000	-29.400000	-29.847000	-30.047000	-30.700000	-31.847000	-32.873000	-33.320000	-33.433000	-32.807000	-32.307000	-31.820000	-31.560000	-31.800000	-31.960000	-32.147000	-31.700000	-30.960000	-30.260000	-29.820000	-29.507000	-29.407000	-28.907000	-28.847000	-28.973000	-29.360000	-29.707000	-29.533000	-29.533000	-29.033000	-29.073000	-28.273000	-28.187000	-28.307000	-28.600000	-29.507000	-29.733000	-29.787000	-29.787000	-29.720000	-29.720000	-28.887000	-28.887000	-29.173000	-29.173000	-30.620000	-30.620000	-30.560000	-29.033000	-27.747000	-25.887000	-25.160000	-24.487000	-24.887000	-25.720000	-28.073000	-28.600000	-24.620000	-18.200000	-1.147000	5.240000	5.240000	9.513000	10.100000	9.467000	9.080000	8.193000	7.500000	7.527000	9.427000	9.313000	8.427000	7.027000	5.913000	5.453000	4.367000	3.553000	3.493000	3.000000	2.400000	1.713000	0.567000	-2.700000	-9.947000	-17.647000	-17.647000	-30.747000	-30.747000	-39.187000	-51.560000	-51.560000	-56.100000	-61.373000	-64.000000	-64.000000	-59.900000	-58.400000	-54.747000	-50.020000	-44.900000	-43.047000	-34.073000	-19.707000	-9.300000	4.840000	4.840000	12.267000	19.927000	19.927000	23.293000	26.467000	25.313000	22.967000	15.813000	12.367000	9.340000	0.800000	-2.387000	-20.647000	-40.273000	-48.100000	-51.120000	-51.120000	-56.287000	-58.120000	-62.707000	-64.000000	-63.787000	-62.500000	-61.760000	-56.333000	-54.287000	-52.647000	
input6
-40.547000	-40.547000	-40.547000	-40.547000	-40.547000	-40.547000	-58.253000	-58.160000	-58.520000	-59.773000	-59.947000	-60.087000	-59.873000	-59.573000	-59.740000	-59.793000	-59.580000	-59.380000	-59.047000	-59.047000	-58.420000	-58.327000	-58.600000	-59.433000	-59.920000	-59.660000	-59.913000	-60.087000	-58.540000	-57.687000	-55.460000	-52.967000	-52.147000	-54.753000	-57.593000	-60.660000	-63.507000	-65.873000	-67.687000	-68.887000	-69.760000	-70.933000	-71.487000	-71.567000	-71.133000	-69.860000	-68.420000	-66.973000	-65.493000	-64.327000	-62.800000	-58.100000	-54.187000	-49.887000	-45.713000	-42.033000	-36.900000	-35.320000	-29.020000	-24.647000	-22.453000	-15.833000	-14.153000	-10.900000	-7.527000	-4.353000	-1.280000	2.167000	4.887000	7.207000	9.580000	11.160000	12.907000	14.693000	16.127000	17.033000	17.580000	17.633000	17.153000	16.393000	15.867000	14.653000	11.993000	9.460000	6.760000	4.040000	0.673000	-2.493000	-5.947000	-9.467000	-12.053000	-16.273000	-18.067000	-21.947000	-29.693000	-35.047000	-37.480000	-42.300000	-46.613000	-49.987000	-54.807000	-57.593000	-62.880000	-65.180000	-67.460000	-69.360000	-70.907000	-71.827000	-72.280000	-72.347000	-72.220000	-71.920000	-70.467000	-67.720000	-65.853000	-58.453000	-52.940000	-50.173000	-44.547000	-39.213000	-31.153000	-26.513000	-24.613000	-20.347000	-16.140000	-11.447000	-6.493000	-1.807000	2.833000	7.173000	11.100000	14.247000	16.047000	16.807000	17.247000	17.207000	16.487000	15.013000	12.313000	8.107000	4.633000	0.100000	-11.867000	-18.173000	-21.233000	-26.567000	-33.193000	-36.533000	-39.133000	-40.173000	-44.887000	-47.387000	-52.213000	-54.287000	-56.160000	-58.053000	-60.253000	-65.733000	-68.747000	-70.993000	-72.547000	-72.773000	-72.713000	-72.093000	-70.213000	-68.027000	-66.373000	-61.100000	-59.573000	-54.440000	-50.160000	-47.893000	-41.907000	-35.227000	-25.240000	-19.393000	-17.087000	-10.907000	-7.740000	-5.060000	-2.333000	1.080000	7.927000	12.353000	14.760000	14.760000	11.633000	6.807000	0.640000	-6.280000	-17.567000	-21.427000	-28.587000	-35.733000	-42.380000	-48.333000	-57.093000	-61.513000	-61.513000	-61.127000	-59.467000	-54.980000	-54.033000	-54.307000	-55.247000	-57.500000	-58.933000	-59.400000	-59.567000	-59.553000	-59.300000	-59.127000	-60.140000	-60.987000	-64.087000	-66.547000	-70.587000	-71.593000	-70.513000	-66.827000	-66.827000	-63.407000	-59.040000	-50.173000	-42.820000	-34.547000	-26.520000	-14.907000	-11.333000	0.260000	7.807000	11.673000	14.360000	15.187000	15.453000	13.313000	11.133000	7.600000	-1.387000	-4.947000	-16.720000	-28.667000	-35.560000	-38.473000	-45.873000	-49.920000	-53.327000	-60.673000	-63.407000	-65.513000	-66.407000	-67.020000	-68.373000	-68.933000	-69.780000	-70.893000	-72.267000	-72.587000	-72.300000	-71.987000	-70.973000	-69.567000	-68.133000	-66.540000	-64.053000	-60.607000	-51.287000	-47.333000	-35.113000	-27.667000	-21.133000	-15.533000	-9.893000	-4.820000	-0.300000	5.540000	8.827000	11.373000	14.093000	15.180000	15.453000	15.453000	13.307000	11.760000	10.020000	7.007000	1.820000	-3.900000	-14.493000	-21.467000	-28.413000	-36.120000	-43.513000	-50.273000	-53.553000	-63.273000	-65.073000	-68.993000	-70.273000	-71.613000	-72.247000	-72.247000	-68.067000	-64.440000	-54.400000	-47.220000	-30.420000	-21.807000	-10.273000	-4.040000	10.613000	10.613000	13.460000	13.460000	6.227000	6.227000	3.233000	3.233000	-7.680000	-7.680000	-22.853000	-38.367000	-48.567000	-56.013000	-60.840000	-64.347000	-69.033000	-69.347000	-69.407000	-69.233000	-68.460000	-66.493000	-57.260000	-51.120000	-51.120000	-45.013000	-43.240000	-43.713000	-44.600000	-46.767000	-48.833000	-48.093000	-41.367000	-38.180000	-37.727000	-38.020000	-38.447000	-38.753000	-39.567000	-40.507000	-41.633000	-42.560000	-42.913000	-43.240000	-43.340000	-43.347000	-42.460000	-41.433000	-41.433000	-39.800000	-39.800000	-38.947000	-37.333000	-37.333000	-36.733000	-36.007000	-36.600000	-36.600000	-37.667000	-37.867000	-38.840000	-39.620000	-39.867000	-39.767000	-39.547000	-38.980000	-38.887000	-38.333000	-38.333000	-38.347000	-37.920000	-37.920000	-37.380000	-36.353000	-36.360000	-36.740000	-38.013000	-38.827000	-39.480000	-40.127000	-40.213000	-38.800000	-36.733000	-36.400000	-36.280000	-36.280000	-36.453000	-36.833000	-37.600000	-38.247000	-38.060000	-38.407000	-38.613000	-40.520000	-40.880000	-41.193000	
input7
0.000000	0.000000	0.000000	0.000000	0.000000	0.000000	0.000000	0.000000	0.000000	0.000000	0.000000	0.000000	0.000000	0.000000	0.000000	0.000000	0.000000	0.000000	0.000000	0.000000	0.000000	0.000000	0.000000	0.000000	0.000000	0.000000	0.000000	0.000000	0.000000	0.000000	0.000000	0.000000	0.000000	0.000000	0.000000	0.000000	0.000000	0.000000	0.000000	0.000000	0.000000	0.000000	0.000000	0.000000	0.000000	0.000000	0.000000	0.000000	0.000000	0.000000	0.000000	0.000000	0.000000	0.000000	0.000000	0.000000	0.000000	0.000000	0.000000	0.000000	0.000000	0.000000	0.000000	0.000000	0.000000	0.000000	0.000000	0.000000	0.000000	0.000000	0.000000	0.000000	0.000000	0.000000	0.000000	0.000000	0.000000	0.000000	0.000000	0.000000	0.000000	0.000000	0.000000	0.000000	0.000000	0.000000	0.000000	0.000000	0.000000	0.000000	0.000000	0.000000	0.000000	0.000000	0.000000	0.000000	0.000000	0.000000	0.000000	0.000000	0.000000	0.000000	0.000000	0.000000	0.000000	0.000000	0.000000	0.000000	0.000000	0.000000	0.000000	0.000000	0.000000	0.000000	0.000000	0.000000	0.000000	0.000000	0.000000	0.000000	0.000000	0.000000	0.000000	0.000000	0.000000	0.000000	0.000000	0.000000	0.000000	0.000000	0.000000	0.000000	0.000000	0.000000	0.000000	0.000000	0.000000	0.000000	0.000000	0.000000	0.000000	0.000000	0.000000	0.000000	0.000000	0.000000	0.000000	0.000000	0.000000	0.000000	0.000000	0.000000	0.000000	0.000000	0.000000	0.000000	0.000000	0.000000	0.000000	0.000000	0.000000	0.000000	0.000000	0.000000	0.000000	0.000000	0.000000	0.000000	0.000000	0.000000	0.000000	0.000000	0.000000	0.000000	0.000000	0.000000	0.000000	0.000000	0.000000	0.000000	0.000000	0.000000	0.000000	0.000000	0.000000	0.000000	0.000000	0.000000	0.000000	0.000000	0.000000	0.000000	0.000000	0.000000	0.000000	0.000000	0.000000	0.000000	0.000000	0.000000	0.000000	0.000000	0.000000	0.000000	0.000000	0.000000	0.000000	0.000000	0.000000	0.000000	0.000000	0.000000	0.000000	0.000000	0.000000	0.000000	0.000000	0.000000	0.000000	0.000000	0.000000	0.000000	0.000000	0.000000	0.000000	0.000000	0.000000	0.000000	0.000000	0.000000	0.000000	0.000000	0.000000	0.000000	0.000000	0.000000	0.000000	0.000000	0.000000	0.000000	0.000000	0.000000	0.000000	0.000000	0.000000	0.000000	0.000000	0.000000	0.000000	0.000000	0.000000	0.000000	0.000000	0.000000	0.000000	0.000000	0.000000	0.000000	0.000000	0.000000	0.000000	0.000000	0.000000	0.000000	0.000000	0.000000	0.000000	0.000000	0.000000	0.000000	0.000000	0.000000	0.000000	0.000000	0.000000	0.000000	0.000000	0.000000	0.000000	0.000000	0.000000	0.000000	0.000000	0.000000	0.000000	0.000000	0.000000	0.000000	0.000000	0.000000	0.000000	0.000000	0.000000	0.000000	0.000000	0.000000	0.000000	0.000000	0.000000	0.000000	0.000000	0.000000	0.000000	0.000000	0.000000	0.000000	0.000000	0.000000	0.000000	0.000000	0.000000	0.000000	0.000000	0.000000	0.000000	0.000000	0.000000	0.000000	0.000000	0.000000	0.000000	0.000000	0.000000	0.000000	0.000000	0.000000	0.000000	0.000000	0.000000	0.000000	0.000000	0.000000	0.000000	0.000000	0.000000	0.000000	0.000000	0.000000	0.000000	0.000000	0.000000	0.000000	0.000000	0.000000	0.000000	0.000000	0.000000	0.000000	0.000000	0.000000	0.000000	0.000000	0.000000	0.000000	0.000000	0.000000	0.000000	0.000000	0.000000	0.000000	0.000000	0.000000	0.000000	0.000000	0.000000	0.000000	0.000000	0.000000	0.000000	0.000000	0.000000	0.000000	0.000000	0.000000	0.000000	0.000000	0.000000	0.000000	0.000000	0.000000	0.000000	0.000000	0.000000	0.000000	0.000000	0.000000	0.000000	0.000000	0.000000	0.000000	0.000000	0.000000	0.000000	0.000000	0.000000	0.000000	0.000000	0.000000	0.000000	0.000000	0.000000	0.000000	0.000000	0.000000	0.000000	0.000000	
input8
0.000000	0.000000	0.000000	0.000000	0.000000	0.000000	0.000000	0.000000	0.000000	0.000000	0.000000	0.000000	0.000000	0.000000	0.000000	0.000000	0.000000	0.000000	0.000000	0.000000	0.000000	0.000000	0.000000	0.000000	0.000000	0.000000	0.000000	0.000000	0.000000	0.000000	0.000000	0.000000	0.000000	0.000000	0.000000	0.000000	0.000000	0.000000	0.000000	0.000000	0.000000	0.000000	0.000000	0.000000	0.000000	0.000000	0.000000	0.000000	0.000000	0.000000	0.000000	0.000000	0.000000	0.000000	0.000000	0.000000	0.000000	0.000000	0.000000	0.000000	0.000000	0.000000	0.000000	0.000000	0.000000	0.000000	0.000000	0.000000	0.000000	0.000000	0.000000	0.000000	0.000000	0.000000	0.000000	0.000000	0.000000	0.000000	0.000000	0.000000	0.000000	0.000000	0.000000	0.000000	0.000000	0.000000	0.000000	0.000000	0.000000	0.000000	0.000000	0.000000	0.000000	0.000000	0.000000	0.000000	0.000000	0.000000	0.000000	0.000000	0.000000	0.000000	0.000000	0.000000	0.000000	0.000000	0.000000	0.000000	0.000000	0.000000	0.000000	0.000000	0.000000	0.000000	0.000000	0.000000	0.000000	0.000000	0.000000	0.000000	0.000000	0.000000	0.000000	0.000000	0.000000	0.000000	0.000000	0.000000	0.000000	0.000000	0.000000	0.000000	0.000000	0.000000	0.000000	0.000000	0.000000	0.000000	0.000000	0.000000	0.000000	0.000000	0.000000	0.000000	0.000000	0.000000	0.000000	0.000000	0.000000	0.000000	0.000000	0.000000	0.000000	0.000000	0.000000	0.000000	0.000000	0.000000	0.000000	0.000000	0.000000	0.000000	0.000000	0.000000	0.000000	0.000000	0.000000	0.000000	0.000000	0.000000	0.000000	0.000000	0.000000	0.000000	0.000000	0.000000	0.000000	0.000000	0.000000	0.000000	0.000000	0.000000	0.000000	0.000000	0.000000	0.000000	0.000000	0.000000	0.000000	0.000000	0.000000	0.000000	0.000000	0.000000	0.000000	0.000000	0.000000	0.000000	0.000000	0.000000	0.000000	0.000000	0.000000	0.000000	0.000000	0.000000	0.000000	0.000000	0.000000	0.000000	0.000000	0.000000	0.000000	0.000000	0.000000	0.000000	0.000000	0.000000	0.000000	0.000000	0.000000	0.000000	0.000000	0.000000	0.000000	0.000000	0.000000	0.000000	0.000000	0.000000	0.000000	0.000000	0.000000	0.000000	0.000000	0.000000	0.000000	0.000000	0.000000	0.000000	0.000000	0.000000	0.000000	0.000000	0.000000	0.000000	0.000000	0.000000	0.000000	0.000000	0.000000	0.000000	0.000000	0.000000	0.000000	0.000000	0.000000	0.000000	0.000000	0.000000	0.000000	0.000000	0.000000	0.000000	0.000000	0.000000	0.000000	0.000000	0.000000	0.000000	0.000000	0.000000	0.000000	0.000000	0.000000	0.000000	0.000000	0.000000	0.000000	0.000000	0.000000	0.000000	0.000000	0.000000	0.000000	0.000000	0.000000	0.000000	0.000000	0.000000	0.000000	0.000000	0.000000	0.000000	0.000000	0.000000	0.000000	0.000000	0.000000	0.000000	0.000000	0.000000	0.000000	0.000000	0.000000	0.000000	0.000000	0.000000	0.000000	0.000000	0.000000	0.000000	0.000000	0.000000	0.000000	0.000000	0.000000	0.000000	0.000000	0.000000	0.000000	0.000000	0.000000	0.000000	0.000000	0.000000	0.000000	0.000000	0.000000	0.000000	0.000000	0.000000	0.000000	0.000000	0.000000	0.000000	0.000000	0.000000	0.000000	0.000000	0.000000	0.000000	0.000000	0.000000	0.000000	0.000000	0.000000	0.000000	0.000000	0.000000	0.000000	0.000000	0.000000	0.000000	0.000000	0.000000	0.000000	0.000000	0.000000	0.000000	0.000000	0.000000	0.000000	0.000000	0.000000	0.000000	0.000000	0.000000	0.000000	0.000000	0.000000	0.000000	0.000000	0.000000	0.000000	0.000000	0.000000	0.000000	0.000000	0.000000	0.000000	0.000000	0.000000	0.000000	0.000000	0.000000	0.000000	0.000000	0.000000	0.000000	0.000000	0.000000	0.000000	0.000000	0.000000	0.000000	0.000000	0.000000	0.000000	0.000000	0.000000	0.000000	0.000000	0.000000	0.000000	0.000000	
input9
0.000000	0.000000	0.000000	0.000000	0.000000	0.000000	0.000000	0.000000	0.000000	0.000000	0.000000	0.000000	0.000000	0.000000	0.000000	0.000000	0.000000	0.000000	0.000000	0.000000	0.000000	0.000000	0.000000	0.000000	0.000000	0.000000	0.000000	0.000000	0.000000	0.000000	0.000000	0.000000	0.000000	0.000000	0.000000	0.000000	0.000000	0.000000	0.000000	0.000000	0.000000	0.000000	0.000000	0.000000	0.000000	0.000000	0.000000	0.000000	0.000000	0.000000	0.000000	0.000000	0.000000	0.000000	0.000000	0.000000	0.000000	0.000000	0.000000	0.000000	0.000000	0.000000	0.000000	0.000000	0.000000	0.000000	0.000000	0.000000	0.000000	0.000000	0.000000	0.000000	0.000000	0.000000	0.000000	0.000000	0.000000	0.000000	0.000000	0.000000	0.000000	0.000000	0.000000	0.000000	0.000000	0.000000	0.000000	0.000000	0.000000	0.000000	0.000000	0.000000	0.000000	0.000000	0.000000	0.000000	0.000000	0.000000	0.000000	0.000000	0.000000	0.000000	0.000000	0.000000	0.000000	0.000000	0.000000	0.000000	0.000000	0.000000	0.000000	0.000000	0.000000	0.000000	0.000000	0.000000	0.000000	0.000000	0.000000	0.000000	0.000000	0.000000	0.000000	0.000000	0.000000	0.000000	0.000000	0.000000	0.000000	0.000000	0.000000	0.000000	0.000000	0.000000	0.000000	0.000000	0.000000	0.000000	0.000000	0.000000	0.000000	0.000000	0.000000	0.000000	0.000000	0.000000	0.000000	0.000000	0.000000	0.000000	0.000000	0.000000	0.000000	0.000000	0.000000	0.000000	0.000000	0.000000	0.000000	0.000000	0.000000	0.000000	0.000000	0.000000	0.000000	0.000000	0.000000	0.000000	0.000000	0.000000	0.000000	0.000000	0.000000	0.000000	0.000000	0.000000	0.000000	0.000000	0.000000	0.000000	0.000000	0.000000	0.000000	0.000000	0.000000	0.000000	0.000000	0.000000	0.000000	0.000000	0.000000	0.000000	0.000000	0.000000	0.000000	0.000000	0.000000	0.000000	0.000000	0.000000	0.000000	0.000000	0.000000	0.000000	0.000000	0.000000	0.000000	0.000000	0.000000	0.000000	0.000000	0.000000	0.000000	0.000000	0.000000	0.000000	0.000000	0.000000	0.000000	0.000000	0.000000	0.000000	0.000000	0.000000	0.000000	0.000000	0.000000	0.000000	0.000000	0.000000	0.000000	0.000000	0.000000	0.000000	0.000000	0.000000	0.000000	0.000000	0.000000	0.000000	0.000000	0.000000	0.000000	0.000000	0.000000	0.000000	0.000000	0.000000	0.000000	0.000000	0.000000	0.000000	0.000000	0.000000	0.000000	0.000000	0.000000	0.000000	0.000000	0.000000	0.000000	0.000000	0.000000	0.000000	0.000000	0.000000	0.000000	0.000000	0.000000	0.000000	0.000000	0.000000	0.000000	0.000000	0.000000	0.000000	0.000000	0.000000	0.000000	0.000000	0.000000	0.000000	0.000000	0.000000	0.000000	0.000000	0.000000	0.000000	0.000000	0.000000	0.000000	0.000000	0.000000	0.000000	0.000000	0.000000	0.000000	0.000000	0.000000	0.000000	0.000000	0.000000	0.000000	0.000000	0.000000	0.000000	0.000000	0.000000	0.000000	0.000000	0.000000	0.000000	0.000000	0.000000	0.000000	0.000000	0.000000	0.000000	0.000000	0.000000	0.000000	0.000000	0.000000	0.000000	0.000000	0.000000	0.000000	0.000000	0.000000	0.000000	0.000000	0.000000	0.000000	0.000000	0.000000	0.000000	0.000000	0.000000	0.000000	0.000000	0.000000	0.000000	0.000000	0.000000	0.000000	0.000000	0.000000	0.000000	0.000000	0.000000	0.000000	0.000000	0.000000	0.000000	0.000000	0.000000	0.000000	0.000000	0.000000	0.000000	0.000000	0.000000	0.000000	0.000000	0.000000	0.000000	0.000000	0.000000	0.000000	0.000000	0.000000	0.000000	0.000000	0.000000	0.000000	0.000000	0.000000	0.000000	0.000000	0.000000	0.000000	0.000000	0.000000	0.000000	0.000000	0.000000	0.000000	0.000000	0.000000	0.000000	0.000000	0.000000	0.000000	0.000000	0.000000	0.000000	0.000000	0.000000	0.000000	0.000000	0.000000	0.000000	0.000000	0.000000	0.000000	0.000000	
input10
0.000000	0.000000	0.000000	0.000000	0.000000	0.000000	0.000000	0.000000	0.000000	0.000000	0.000000	0.000000	0.000000	0.000000	0.000000	0.000000	0.000000	0.000000	0.000000	0.000000	0.000000	0.000000	0.000000	0.000000	0.000000	0.000000	0.000000	0.000000	0.000000	0.000000	0.000000	0.000000	0.000000	0.000000	0.000000	0.000000	0.000000	0.000000	0.000000	0.000000	0.000000	0.000000	0.000000	0.000000	0.000000	0.000000	0.000000	0.000000	0.000000	0.000000	0.000000	0.000000	0.000000	0.000000	0.000000	0.000000	0.000000	0.000000	0.000000	0.000000	0.000000	0.000000	0.000000	0.000000	0.000000	0.000000	0.000000	0.000000	0.000000	0.000000	0.000000	0.000000	0.000000	0.000000	0.000000	0.000000	0.000000	0.000000	0.000000	0.000000	0.000000	0.000000	0.000000	0.000000	0.000000	0.000000	0.000000	0.000000	0.000000	0.000000	0.000000	0.000000	0.000000	0.000000	0.000000	0.000000	0.000000	0.000000	0.000000	0.000000	0.000000	0.000000	0.000000	0.000000	0.000000	0.000000	0.000000	0.000000	0.000000	0.000000	0.000000	0.000000	0.000000	0.000000	0.000000	0.000000	0.000000	0.000000	0.000000	0.000000	0.000000	0.000000	0.000000	0.000000	0.000000	0.000000	0.000000	0.000000	0.000000	0.000000	0.000000	0.000000	0.000000	0.000000	0.000000	0.000000	0.000000	0.000000	0.000000	0.000000	0.000000	0.000000	0.000000	0.000000	0.000000	0.000000	0.000000	0.000000	0.000000	0.000000	0.000000	0.000000	0.000000	0.000000	0.000000	0.000000	0.000000	0.000000	0.000000	0.000000	0.000000	0.000000	0.000000	0.000000	0.000000	0.000000	0.000000	0.000000	0.000000	0.000000	0.000000	0.000000	0.000000	0.000000	0.000000	0.000000	0.000000	0.000000	0.000000	0.000000	0.000000	0.000000	0.000000	0.000000	0.000000	0.000000	0.000000	0.000000	0.000000	0.000000	0.000000	0.000000	0.000000	0.000000	0.000000	0.000000	0.000000	0.000000	0.000000	0.000000	0.000000	0.000000	0.000000	0.000000	0.000000	0.000000	0.000000	0.000000	0.000000	0.000000	0.000000	0.000000	0.000000	0.000000	0.000000	0.000000	0.000000	0.000000	0.000000	0.000000	0.000000	0.000000	0.000000	0.000000	0.000000	0.000000	0.000000	0.000000	0.000000	0.000000	0.000000	0.000000	0.000000	0.000000	0.000000	0.000000	0.000000	0.000000	0.000000	0.000000	0.000000	0.000000	0.000000	0.000000	0.000000	0.000000	0.000000	0.000000	0.000000	0.000000	0.000000	0.000000	0.000000	0.000000	0.000000	0.000000	0.000000	0.000000	0.000000	0.000000	0.000000	0.000000	0.000000	0.000000	0.000000	0.000000	0.000000	0.000000	0.000000	0.000000	0.000000	0.000000	0.000000	0.000000	0.000000	0.000000	0.000000	0.000000	0.000000	0.000000	0.000000	0.000000	0.000000	0.000000	0.000000	0.000000	0.000000	0.000000	0.000000	0.000000	0.000000	0.000000	0.000000	0.000000	0.000000	0.000000	0.000000	0.000000	0.000000	0.000000	0.000000	0.000000	0.000000	0.000000	0.000000	0.000000	0.000000	0.000000	0.000000	0.000000	0.000000	0.000000	0.000000	0.000000	0.000000	0.000000	0.000000	0.000000	0.000000	0.000000	0.000000	0.000000	0.000000	0.000000	0.000000	0.000000	0.000000	0.000000	0.000000	0.000000	0.000000	0.000000	0.000000	0.000000	0.000000	0.000000	0.000000	0.000000	0.000000	0.000000	0.000000	0.000000	0.000000	0.000000	0.000000	0.000000	0.000000	0.000000	0.000000	0.000000	0.000000	0.000000	0.000000	0.000000	0.000000	0.000000	0.000000	0.000000	0.000000	0.000000	0.000000	0.000000	0.000000	0.000000	0.000000	0.000000	0.000000	0.000000	0.000000	0.000000	0.000000	0.000000	0.000000	0.000000	0.000000	0.000000	0.000000	0.000000	0.000000	0.000000	0.000000	0.000000	0.000000	0.000000	0.000000	0.000000	0.000000	0.000000	0.000000	0.000000	0.000000	0.000000	0.000000	0.000000	0.000000	0.000000	0.000000	0.000000	0.000000	0.000000	0.000000	0.000000	0.000000	0.000000	0.000000	0.000000	
input11
0.000000	0.000000	0.000000	0.000000	0.000000	0.000000	0.000000	0.000000	0.000000	0.000000	0.000000	0.000000	0.000000	0.000000	0.000000	0.000000	0.000000	0.000000	0.000000	0.000000	0.000000	0.000000	0.000000	0.000000	0.000000	0.000000	0.000000	0.000000	0.000000	0.000000	0.000000	0.000000	0.000000	0.000000	0.000000	0.000000	0.000000	0.000000	0.000000	0.000000	0.000000	0.000000	0.000000	0.000000	0.000000	0.000000	0.000000	0.000000	0.000000	0.000000	0.000000	0.000000	0.000000	0.000000	0.000000	0.000000	0.000000	0.000000	0.000000	0.000000	0.000000	0.000000	0.000000	0.000000	0.000000	0.000000	0.000000	0.000000	0.000000	0.000000	0.000000	0.000000	0.000000	0.000000	0.000000	0.000000	0.000000	0.000000	0.000000	0.000000	0.000000	0.000000	0.000000	0.000000	0.000000	0.000000	0.000000	0.000000	0.000000	0.000000	0.000000	0.000000	0.000000	0.000000	0.000000	0.000000	0.000000	0.000000	0.000000	0.000000	0.000000	0.000000	0.000000	0.000000	0.000000	0.000000	0.000000	0.000000	0.000000	0.000000	0.000000	0.000000	0.000000	0.000000	0.000000	0.000000	0.000000	0.000000	0.000000	0.000000	0.000000	0.000000	0.000000	0.000000	0.000000	0.000000	0.000000	0.000000	0.000000	0.000000	0.000000	0.000000	0.000000	0.000000	0.000000	0.000000	0.000000	0.000000	0.000000	0.000000	0.000000	0.000000	0.000000	0.000000	0.000000	0.000000	0.000000	0.000000	0.000000	0.000000	0.000000	0.000000	0.000000	0.000000	0.000000	0.000000	0.000000	0.000000	0.000000	0.000000	0.000000	0.000000	0.000000	0.000000	0.000000	0.000000	0.000000	0.000000	0.000000	0.000000	0.000000	0.000000	0.000000	0.000000	0.000000	0.000000	0.000000	0.000000	0.000000	0.000000	0.000000	0.000000	0.000000	0.000000	0.000000	0.000000	0.000000	0.000000	0.000000	0.000000	0.000000	0.000000	0.000000	0.000000	0.000000	0.000000	0.000000	0.000000	0.000000	0.000000	0.000000	0.000000	0.000000	0.000000	0.000000	0.000000	0.000000	0.000000	0.000000	0.000000	0.000000	0.000000	0.000000	0.000000	0.000000	0.000000	0.000000	0.000000	0.000000	0.000000	0.000000	0.000000	0.000000	0.000000	0.000000	0.000000	0.000000	0.000000	0.000000	0.000000	0.000000	0.000000	0.000000	0.000000	0.000000	0.000000	0.000000	0.000000	0.000000	0.000000	0.000000	0.000000	0.000000	0.000000	0.000000	0.000000	0.000000	0.000000	0.000000	0.000000	0.000000	0.000000	0.000000	0.000000	0.000000	0.000000	0.000000	0.000000	0.000000	0.000000	0.000000	0.000000	0.000000	0.000000	0.000000	0.000000	0.000000	0.000000	0.000000	0.000000	0.000000	0.000000	0.000000	0.000000	0.000000	0.000000	0.000000	0.000000	0.000000	0.000000	0.000000	0.000000	0.000000	0.000000	0.000000	0.000000	0.000000	0.000000	0.000000	0.000000	0.000000	0.000000	0.000000	0.000000	0.000000	0.000000	0.000000	0.000000	0.000000	0.000000	0.000000	0.000000	0.000000	0.000000	0.000000	0.000000	0.000000	0.000000	0.000000	0.000000	0.000000	0.000000	0.000000	0.000000	0.000000	0.000000	0.000000	0.000000	0.000000	0.000000	0.000000	0.000000	0.000000	0.000000	0.000000	0.000000	0.000000	0.000000	0.000000	0.000000	0.000000	0.000000	0.000000	0.000000	0.000000	0.000000	0.000000	0.000000	0.000000	0.000000	0.000000	0.000000	0.000000	0.000000	0.000000	0.000000	0.000000	0.000000	0.000000	0.000000	0.000000	0.000000	0.000000	0.000000	0.000000	0.000000	0.000000	0.000000	0.000000	0.000000	0.000000	0.000000	0.000000	0.000000	0.000000	0.000000	0.000000	0.000000	0.000000	0.000000	0.000000	0.000000	0.000000	0.000000	0.000000	0.000000	0.000000	0.000000	0.000000	0.000000	0.000000	0.000000	0.000000	0.000000	0.000000	0.000000	0.000000	0.000000	0.000000	0.000000	0.000000	0.000000	0.000000	0.000000	0.000000	0.000000	0.000000	0.000000	0.000000	0.000000	0.000000	0.000000	0.000000	0.000000	0.000000	0.000000	
input12
0.000000	0.000000	0.000000	0.000000	0.000000	0.000000	0.000000	0.000000	0.000000	0.000000	0.000000	0.000000	0.000000	0.000000	0.000000	0.000000	0.000000	0.000000	0.000000	0.000000	0.000000	0.000000	0.000000	0.000000	0.000000	0.000000	0.000000	0.000000	0.000000	0.000000	0.000000	0.000000	0.000000	0.000000	0.000000	0.000000	0.000000	0.000000	0.000000	0.000000	0.000000	0.000000	0.000000	0.000000	0.000000	0.000000	0.000000	0.000000	0.000000	0.000000	0.000000	0.000000	0.000000	0.000000	0.000000	0.000000	0.000000	0.000000	0.000000	0.000000	0.000000	0.000000	0.000000	0.000000	0.000000	0.000000	0.000000	0.000000	0.000000	0.000000	0.000000	0.000000	0.000000	0.000000	0.000000	0.000000	0.000000	0.000000	0.000000	0.000000	0.000000	0.000000	0.000000	0.000000	0.000000	0.000000	0.000000	0.000000	0.000000	0.000000	0.000000	0.000000	0.000000	0.000000	0.000000	0.000000	0.000000	0.000000	0.000000	0.000000	0.000000	0.000000	0.000000	0.000000	0.000000	0.000000	0.000000	0.000000	0.000000	0.000000	0.000000	0.000000	0.000000	0.000000	0.000000	0.000000	0.000000	0.000000	0.000000	0.000000	0.000000	0.000000	0.000000	0.000000	0.000000	0.000000	0.000000	0.000000	0.000000	0.000000	0.000000	0.000000	0.000000	0.000000	0.000000	0.000000	0.000000	0.000000	0.000000	0.000000	0.000000	0.000000	0.000000	0.000000	0.000000	0.000000	0.000000	0.000000	0.000000	0.000000	0.000000	0.000000	0.000000	0.000000	0.000000	0.000000	0.000000	0.000000	0.000000	0.000000	0.000000	0.000000	0.000000	0.000000	0.000000	0.000000	0.000000	0.000000	0.000000	0.000000	0.000000	0.000000	0.000000	0.000000	0.000000	0.000000	0.000000	0.000000	0.000000	0.000000	0.000000	0.000000	0.000000	0.000000	0.000000	0.000000	0.000000	0.000000	0.000000	0.000000	0.000000	0.000000	0.000000	0.000000	0.000000	0.000000	0.000000	0.000000	0.000000	0.000000	0.000000	0.000000	0.000000	0.000000	0.000000	0.000000	0.000000	0.000000	0.000000	0.000000	0.000000	0.000000	0.000000	0.000000	0.000000	0.000000	0.000000	0.000000	0.000000	0.000000	0.000000	0.000000	0.000000	0.000000	0.000000	0.000000	0.000000	0.000000	0.000000	0.000000	0.000000	0.000000	0.000000	0.000000	0.000000	0.000000	0.000000	0.000000	0.000000	0.000000	0.000000	0.000000	0.000000	0.000000	0.000000	0.000000	0.000000	0.000000	0.000000	0.000000	0.000000	0.000000	0.000000	0.000000	0.000000	0.000000	0.000000	0.000000	0.000000	0.000000	0.000000	0.000000	0.000000	0.000000	0.000000	0.000000	0.000000	0.000000	0.000000	0.000000	0.000000	0.000000	0.000000	0.000000	0.000000	0.000000	0.000000	0.000000	0.000000	0.000000	0.000000	0.000000	0.000000	0.000000	0.000000	0.000000	0.000000	0.000000	0.000000	0.000000	0.000000	0.000000	0.000000	0.000000	0.000000	0.000000	0.000000	0.000000	0.000000	0.000000	0.000000	0.000000	0.000000	0.000000	0.000000	0.000000	0.000000	0.000000	0.000000	0.000000	0.000000	0.000000	0.000000	0.000000	0.000000	0.000000	0.000000	0.000000	0.000000	0.000000	0.000000	0.000000	0.000000	0.000000	0.000000	0.000000	0.000000	0.000000	0.000000	0.000000	0.000000	0.000000	0.000000	0.000000	0.000000	0.000000	0.000000	0.000000	0.000000	0.000000	0.000000	0.000000	0.000000	0.000000	0.000000	0.000000	0.000000	0.000000	0.000000	0.000000	0.000000	0.000000	0.000000	0.000000	0.000000	0.000000	0.000000	0.000000	0.000000	0.000000	0.000000	0.000000	0.000000	0.000000	0.000000	0.000000	0.000000	0.000000	0.000000	0.000000	0.000000	0.000000	0.000000	0.000000	0.000000	0.000000	0.000000	0.000000	0.000000	0.000000	0.000000	0.000000	0.000000	0.000000	0.000000	0.000000	0.000000	0.000000	0.000000	0.000000	0.000000	0.000000	0.000000	0.000000	0.000000	0.000000	0.000000	0.000000	0.000000	0.000000	0.000000	0.000000	0.000000	0.000000	0.000000	0.000000	
input13
0.000000	0.000000	0.000000	0.000000	0.000000	0.000000	0.000000	0.000000	0.000000	0.000000	0.000000	0.000000	0.000000	0.000000	0.000000	0.000000	0.000000	0.000000	0.000000	0.000000	0.000000	0.000000	0.000000	0.000000	0.000000	0.000000	0.000000	0.000000	0.000000	0.000000	0.000000	0.000000	0.000000	0.000000	0.000000	0.000000	0.000000	0.000000	0.000000	0.000000	0.000000	0.000000	0.000000	0.000000	0.000000	0.000000	0.000000	0.000000	0.000000	0.000000	0.000000	0.000000	0.000000	0.000000	0.000000	0.000000	0.000000	0.000000	0.000000	0.000000	0.000000	0.000000	0.000000	0.000000	0.000000	0.000000	0.000000	0.000000	0.000000	0.000000	0.000000	0.000000	0.000000	0.000000	0.000000	0.000000	0.000000	0.000000	0.000000	0.000000	0.000000	0.000000	0.000000	0.000000	0.000000	0.000000	0.000000	0.000000	0.000000	0.000000	0.000000	0.000000	0.000000	0.000000	0.000000	0.000000	0.000000	0.000000	0.000000	0.000000	0.000000	0.000000	0.000000	0.000000	0.000000	0.000000	0.000000	0.000000	0.000000	0.000000	0.000000	0.000000	0.000000	0.000000	0.000000	0.000000	0.000000	0.000000	0.000000	0.000000	0.000000	0.000000	0.000000	0.000000	0.000000	0.000000	0.000000	0.000000	0.000000	0.000000	0.000000	0.000000	0.000000	0.000000	0.000000	0.000000	0.000000	0.000000	0.000000	0.000000	0.000000	0.000000	0.000000	0.000000	0.000000	0.000000	0.000000	0.000000	0.000000	0.000000	0.000000	0.000000	0.000000	0.000000	0.000000	0.000000	0.000000	0.000000	0.000000	0.000000	0.000000	0.000000	0.000000	0.000000	0.000000	0.000000	0.000000	0.000000	0.000000	0.000000	0.000000	0.000000	0.000000	0.000000	0.000000	0.000000	0.000000	0.000000	0.000000	0.000000	0.000000	0.000000	0.000000	0.000000	0.000000	0.000000	0.000000	0.000000	0.000000	0.000000	0.000000	0.000000	0.000000	0.000000	0.000000	0.000000	0.000000	0.000000	0.000000	0.000000	0.000000	0.000000	0.000000	0.000000	0.000000	0.000000	0.000000	0.000000	0.000000	0.000000	0.000000	0.000000	0.000000	0.000000	0.000000	0.000000	0.000000	0.000000	0.000000	0.000000	0.000000	0.000000	0.000000	0.000000	0.000000	0.000000	0.000000	0.000000	0.000000	0.000000	0.000000	0.000000	0.000000	0.000000	0.000000	0.000000	0.000000	0.000000	0.000000	0.000000	0.000000	0.000000	0.000000	0.000000	0.000000	0.000000	0.000000	0.000000	0.000000	0.000000	0.000000	0.000000	0.000000	0.000000	0.000000	0.000000	0.000000	0.000000	0.000000	0.000000	0.000000	0.000000	0.000000	0.000000	0.000000	0.000000	0.000000	0.000000	0.000000	0.000000	0.000000	0.000000	0.000000	0.000000	0.000000	0.000000	0.000000	0.000000	0.000000	0.000000	0.000000	0.000000	0.000000	0.000000	0.000000	0.000000	0.000000	0.000000	0.000000	0.000000	0.000000	0.000000	0.000000	0.000000	0.000000	0.000000	0.000000	0.000000	0.000000	0.000000	0.000000	0.000000	0.000000	0.000000	0.000000	0.000000	0.000000	0.000000	0.000000	0.000000	0.000000	0.000000	0.000000	0.000000	0.000000	0.000000	0.000000	0.000000	0.000000	0.000000	0.000000	0.000000	0.000000	0.000000	0.000000	0.000000	0.000000	0.000000	0.000000	0.000000	0.000000	0.000000	0.000000	0.000000	0.000000	0.000000	0.000000	0.000000	0.000000	0.000000	0.000000	0.000000	0.000000	0.000000	0.000000	0.000000	0.000000	0.000000	0.000000	0.000000	0.000000	0.000000	0.000000	0.000000	0.000000	0.000000	0.000000	0.000000	0.000000	0.000000	0.000000	0.000000	0.000000	0.000000	0.000000	0.000000	0.000000	0.000000	0.000000	0.000000	0.000000	0.000000	0.000000	0.000000	0.000000	0.000000	0.000000	0.000000	0.000000	0.000000	0.000000	0.000000	0.000000	0.000000	0.000000	0.000000	0.000000	0.000000	0.000000	0.000000	0.000000	0.000000	0.000000	0.000000	0.000000	0.000000	0.000000	0.000000	0.000000	0.000000	0.000000	0.000000	0.000000	0.000000	0.000000	0.000000	
input14
0.000000	0.000000	0.000000	0.000000	0.000000	0.000000	0.000000	0.000000	0.000000	0.000000	0.000000	0.000000	0.000000	0.000000	0.000000	0.000000	0.000000	0.000000	0.000000	0.000000	0.000000	0.000000	0.000000	0.000000	0.000000	0.000000	0.000000	0.000000	0.000000	0.000000	0.000000	0.000000	0.000000	0.000000	0.000000	0.000000	0.000000	0.000000	0.000000	0.000000	0.000000	0.000000	0.000000	0.000000	0.000000	0.000000	0.000000	0.000000	0.000000	0.000000	0.000000	0.000000	0.000000	0.000000	0.000000	0.000000	0.000000	0.000000	0.000000	0.000000	0.000000	0.000000	0.000000	0.000000	0.000000	0.000000	0.000000	0.000000	0.000000	0.000000	0.000000	0.000000	0.000000	0.000000	0.000000	0.000000	0.000000	0.000000	0.000000	0.000000	0.000000	0.000000	0.000000	0.000000	0.000000	0.000000	0.000000	0.000000	0.000000	0.000000	0.000000	0.000000	0.000000	0.000000	0.000000	0.000000	0.000000	0.000000	0.000000	0.000000	0.000000	0.000000	0.000000	0.000000	0.000000	0.000000	0.000000	0.000000	0.000000	0.000000	0.000000	0.000000	0.000000	0.000000	0.000000	0.000000	0.000000	0.000000	0.000000	0.000000	0.000000	0.000000	0.000000	0.000000	0.000000	0.000000	0.000000	0.000000	0.000000	0.000000	0.000000	0.000000	0.000000	0.000000	0.000000	0.000000	0.000000	0.000000	0.000000	0.000000	0.000000	0.000000	0.000000	0.000000	0.000000	0.000000	0.000000	0.000000	0.000000	0.000000	0.000000	0.000000	0.000000	0.000000	0.000000	0.000000	0.000000	0.000000	0.000000	0.000000	0.000000	0.000000	0.000000	0.000000	0.000000	0.000000	0.000000	0.000000	0.000000	0.000000	0.000000	0.000000	0.000000	0.000000	0.000000	0.000000	0.000000	0.000000	0.000000	0.000000	0.000000	0.000000	0.000000	0.000000	0.000000	0.000000	0.000000	0.000000	0.000000	0.000000	0.000000	0.000000	0.000000	0.000000	0.000000	0.000000	0.000000	0.000000	0.000000	0.000000	0.000000	0.000000	0.000000	0.000000	0.000000	0.000000	0.000000	0.000000	0.000000	0.000000	0.000000	0.000000	0.000000	0.000000	0.000000	0.000000	0.000000	0.000000	0.000000	0.000000	0.000000	0.000000	0.000000	0.000000	0.000000	0.000000	0.000000	0.000000	0.000000	0.000000	0.000000	0.000000	0.000000	0.000000	0.000000	0.000000	0.000000	0.000000	0.000000	0.000000	0.000000	0.000000	0.000000	0.000000	0.000000	0.000000	0.000000	0.000000	0.000000	0.000000	0.000000	0.000000	0.000000	0.000000	0.000000	0.000000	0.000000	0.000000	0.000000	0.000000	0.000000	0.000000	0.000000	0.000000	0.000000	0.000000	0.000000	0.000000	0.000000	0.000000	0.000000	0.000000	0.000000	0.000000	0.000000	0.000000	0.000000	0.000000	0.000000	0.000000	0.000000	0.000000	0.000000	0.000000	0.000000	0.000000	0.000000	0.000000	0.000000	0.000000	0.000000	0.000000	0.000000	0.000000	0.000000	0.000000	0.000000	0.000000	0.000000	0.000000	0.000000	0.000000	0.000000	0.000000	0.000000	0.000000	0.000000	0.000000	0.000000	0.000000	0.000000	0.000000	0.000000	0.000000	0.000000	0.000000	0.000000	0.000000	0.000000	0.000000	0.000000	0.000000	0.000000	0.000000	0.000000	0.000000	0.000000	0.000000	0.000000	0.000000	0.000000	0.000000	0.000000	0.000000	0.000000	0.000000	0.000000	0.000000	0.000000	0.000000	0.000000	0.000000	0.000000	0.000000	0.000000	0.000000	0.000000	0.000000	0.000000	0.000000	0.000000	0.000000	0.000000	0.000000	0.000000	0.000000	0.000000	0.000000	0.000000	0.000000	0.000000	0.000000	0.000000	0.000000	0.000000	0.000000	0.000000	0.000000	0.000000	0.000000	0.000000	0.000000	0.000000	0.000000	0.000000	0.000000	0.000000	0.000000	0.000000	0.000000	0.000000	0.000000	0.000000	0.000000	0.000000	0.000000	0.000000	0.000000	0.000000	0.000000	0.000000	0.000000	0.000000	0.000000	0.000000	0.000000	0.000000	0.000000	0.000000	0.000000	0.000000	0.000000	0.000000	0.000000	0.000000	0.000000	
input15
0.000000	0.000000	0.000000	0.000000	0.000000	0.000000	0.000000	0.000000	0.000000	0.000000	0.000000	0.000000	0.000000	0.000000	0.000000	0.000000	0.000000	0.000000	0.000000	3.000000	
output1
65.731462	65.731462	65.731462	65.731462	65.731462	65.731462	63.502944	62.220533	60.956247	60.975994	61.225965	62.029659	62.720443	63.522307	63.810864	63.926934	64.023941	64.288986	64.587626	65.224914	64.950901	65.243923	65.633303	66.248885	66.675659	65.884787	65.764745	65.553531	64.367325	63.762167	62.200515	60.596222	60.069814	61.944322	63.967775	66.332454	68.649522	70.679019	72.313406	73.521784	74.628737	76.385891	77.946801	79.559387	80.998690	81.652230	82.113177	82.331257	82.075043	82.037569	81.891714	81.563820	80.900491	80.056607	79.114382	78.310108	76.992938	76.468425	74.253606	72.467023	71.405815	68.398719	67.442475	65.611106	63.767741	61.757807	59.608111	57.147059	54.682299	52.313157	50.180651	47.964741	45.488765	42.457410	39.118381	35.742035	33.111259	32.086932	29.459352	27.744855	27.008874	25.719470	24.584787	24.488547	25.103437	26.195346	27.853600	29.437531	31.478062	33.411498	34.753123	36.938440	37.747873	39.842185	44.547263	47.982682	49.594997	52.893850	55.803761	58.074224	61.584547	63.532209	67.470174	69.314103	71.297293	73.107624	75.065902	76.837115	78.383220	79.645604	80.423014	81.144930	81.440934	81.564944	81.504773	80.775951	80.172065	79.551402	78.217501	76.887972	74.368126	72.828044	72.162275	70.457394	68.521906	66.029566	63.050680	60.005147	56.634013	52.739563	48.398271	44.351273	40.972375	38.156781	36.096949	33.563396	30.432612	28.010900	26.015956	25.523192	26.046571	27.403542	33.695781	37.468576	39.402096	42.707759	46.776924	49.035067	50.648293	51.337795	54.601617	56.300221	59.665475	61.053383	62.278510	63.601768	65.068437	68.983720	71.608410	74.189493	76.619306	77.837488	79.047937	80.180593	80.691558	81.425035	81.524094	81.464071	81.490586	81.096914	80.083181	79.527743	77.734572	75.595088	72.184534	69.686160	68.572649	65.745153	63.991989	62.483796	60.776152	58.119632	50.028533	42.092008	33.068196	25.535426	20.293661	18.576921	20.568562	24.967438	33.648435	36.487654	41.624263	46.748166	51.536434	55.869052	62.515123	66.178258	66.295646	66.722711	66.590324	67.336035	68.501112	69.394195	71.372570	74.122725	76.146159	77.833813	78.794265	79.151548	79.774741	79.906421	80.158069	80.352241	80.829660	81.218368	81.193476	80.461747	77.554909	74.855679	75.791731	72.651090	70.133956	65.094222	61.306877	56.913215	52.798339	46.524724	44.630536	38.510427	34.961276	34.188234	36.065407	37.653673	39.343867	43.964580	46.054861	49.504380	56.298447	58.611337	65.259673	70.631999	73.188480	74.204414	76.678313	77.786542	78.524715	80.049739	80.620382	81.160501	81.379777	81.433823	81.712414	81.885590	81.845065	81.478998	80.678910	80.005765	79.240929	78.939944	78.130204	77.124522	76.175345	75.067966	73.338180	71.102943	65.161364	62.871165	56.131226	52.155668	48.762236	45.635032	42.624205	40.078357	37.927979	35.439376	34.421745	34.155035	34.874854	36.498797	38.571829	41.261613	44.775530	46.715169	48.400489	50.909180	54.454351	58.464447	64.320786	67.259290	69.917055	72.495246	74.876386	76.824730	77.683820	80.051714	80.560358	81.215419	81.079388	81.134205	80.978537	78.768413	74.407332	72.349932	66.423160	62.374168	53.631589	49.063860	43.236910	40.006306	32.869680	31.634019	32.638321	38.728306	49.432109	52.114889	52.002342	58.923772	60.058817	64.035187	67.528598	73.009447	76.222161	77.842020	79.035320	79.444818	80.389861	80.279363	80.878654	81.056298	80.069655	77.600529	69.758248	66.203773	67.039338	63.009746	62.347878	62.750256	63.305659	64.496992	65.458044	65.109830	61.896135	60.760513	61.030569	61.853517	62.458939	62.819343	63.494900	64.168298	64.718900	65.268844	65.640958	66.070699	66.590411	67.726077	69.420448	70.940645	70.155520	73.641733	71.888711	75.439104	76.841578	73.989573	76.933697	76.513249	75.182741	74.112130	71.012766	70.234106	68.769124	67.120915	65.180651	64.306129	60.330884	54.614958	51.274738	47.293351	44.597433	46.011501	44.762416	43.222556	44.418530	46.883430	48.729903	51.041464	56.540553	58.980066	60.840953	64.349873	65.436524	70.279188	74.420244	75.919563	76.231996	73.035903	75.450805	77.008965	76.600218	75.559991	74.922526	73.392690	72.837737	70.475099	69.722359	69.105139	
output2
50.588881	50.588881	50.588881	50.588881	50.588881	50.588881	47.579423	47.261353	46.520087	46.392040	46.452639	46.703765	46.728845	46.819856	46.862981	46.658605	46.488564	46.533942	46.541874	47.003161	46.461890	46.500661	46.484791	46.601495	46.471523	46.103211	46.304232	46.409109	46.309440	46.278176	46.311611	46.523771	46.603326	46.021367	45.705938	45.721867	45.957623	46.362004	46.578548	46.591424	46.172701	46.127744	46.034509	46.132395	46.499823	46.490096	46.576405	46.633999	46.331019	46.298818	46.207247	46.337037	46.266911	46.250964	46.267319	46.450647	46.657435	46.632281	46.641988	46.597577	46.474660	46.603056	46.516982	46.450791	46.559212	46.541778	46.506318	46.637467	46.527740	46.418170	46.680013	46.497287	46.482136	46.499215	46.495069	46.475983	46.723081	46.801085	46.854998	46.993708	46.939109	46.984419	46.917868	46.887197	46.864094	46.949284	46.966397	46.948103	46.970490	46.886856	46.850852	46.824141	46.762664	46.701624	46.688933	46.637580	46.587258	46.681671	46.710771	46.503127	46.591193	46.449996	46.506363	46.508531	46.531244	46.281818	45.894656	45.623009	45.688749	45.946150	46.181195	46.472034	46.282172	45.974523	45.811369	45.523392	45.849373	45.800692	45.846074	46.067012	46.294092	46.562100	46.669610	46.830435	46.856808	46.799164	46.693548	46.715364	46.807028	46.757762	46.728504	46.958327	47.021576	46.824785	46.810488	46.600217	46.260928	46.172425	45.958569	46.301412	46.391356	46.135353	45.838388	45.945781	46.056665	46.237312	46.397631	46.608506	46.488308	46.492316	46.546216	46.502218	46.611648	46.677952	46.657421	46.733562	46.716254	45.998109	45.716171	45.775947	46.170669	45.981977	45.995403	46.035962	45.654150	45.874934	45.841122	45.925287	46.114321	46.507890	46.338375	46.307467	46.042075	45.945283	46.274525	46.310187	46.289551	46.642625	46.691277	46.809947	46.871226	46.709526	45.396670	44.548541	44.183727	44.933774	45.254498	45.638921	45.734955	45.934755	46.496834	46.493536	46.411400	46.266166	46.145861	46.194390	46.250284	46.612811	46.094324	46.245797	45.716372	45.434003	45.671670	45.702994	45.735166	45.773004	46.359803	46.299973	46.486956	46.517269	46.712722	46.634131	46.619873	46.621726	46.366771	46.335185	46.165790	45.849013	45.562387	46.050355	48.783276	46.032566	46.032861	45.624467	45.752391	45.685926	45.810575	45.821711	45.832607	45.826136	45.093101	44.429083	44.811967	45.417099	45.950911	46.500938	46.289230	46.277259	46.126595	46.116785	46.331252	46.505734	46.570557	46.642719	46.915896	46.902457	46.711757	46.518003	46.620130	46.863176	46.954133	46.882692	47.151887	47.316254	47.199531	46.755088	46.195322	46.148273	46.273226	46.465256	46.649019	46.503496	46.548572	46.453884	46.203020	46.054842	45.291869	45.302930	45.814920	46.260961	46.402490	46.298892	46.046446	45.921197	45.925963	45.983301	46.187872	46.192662	46.043090	46.006778	45.963495	46.616845	46.737245	46.913489	46.966524	46.916656	46.545047	46.781475	46.828235	46.581284	46.451920	46.194363	46.122438	46.058744	46.023204	46.325675	46.582502	46.747547	46.463441	46.526156	46.492770	45.273063	45.175130	45.928532	45.908958	45.604323	45.907143	45.842880	45.864229	45.852101	44.974573	41.544292	44.200579	44.150824	45.868735	47.998035	45.959327	51.966142	46.526006	50.562162	46.498880	46.179254	46.412267	46.360388	46.622267	46.433390	46.661077	46.320722	46.508107	46.619064	46.420712	45.524752	44.651149	45.361315	46.261355	46.077293	46.333743	46.270850	46.330587	46.372441	46.346971	46.246810	46.284208	46.373150	46.430020	46.518553	46.474651	46.521921	46.424330	46.404706	46.510434	46.523134	46.535496	46.590614	46.654763	46.621348	46.212098	45.789133	44.813988	45.867852	43.612871	46.395142	46.583082	43.092203	46.503560	46.361527	45.922492	45.899613	45.283410	45.399172	45.424019	45.870904	46.129392	45.991573	45.345744	45.089643	45.443023	46.208106	42.160684	46.766892	46.742057	43.479122	46.407523	46.248807	46.008283	45.713795	45.593345	45.806025	45.933646	45.596394	45.455722	45.135446	45.813570	46.325086	46.317873	42.402778	44.879742	46.482634	46.242319	46.118160	45.867727	45.518268	45.421462	45.691941	45.954176	45.970304	
output3
50.588881	50.588881	50.588881	50.588881	50.588881	50.588881	47.579423	47.261353	46.520087	46.392040	46.452639	46.703765	46.728845	46.819856	46.862981	46.658605	46.488564	46.533942	46.541874	47.003161	46.461890	46.500661	46.484791	46.601495	46.471523	46.103211	46.304232	46.409109	46.309440	46.278176	46.311611	46.523771	46.603326	46.021367	45.705938	45.721867	45.957623	46.362004	46.578548	46.591424	46.172701	46.127744	46.034509	46.132395	46.499823	46.490096	46.576405	46.633999	46.331019	46.298818	46.207247	46.337037	46.266911	46.250964	46.267319	46.450647	46.657435	46.632281	46.641988	46.597577	46.474660	46.603056	46.516982	46.450791	46.559212	46.541778	46.506318	46.637467	46.527740	46.418170	46.680013	46.497287	46.482136	46.499215	46.495069	46.475983	46.723081	46.801085	46.854998	46.993708	46.939109	46.984419	46.917868	46.887197	46.864094	46.949284	46.966397	46.948103	46.970490	46.886856	46.850852	46.824141	46.762664	46.701624	46.688933	46.637580	46.587258	46.681671	46.710771	46.503127	46.591193	46.449996	46.506363	46.508531	46.531244	46.281818	45.894656	45.623009	45.688749	45.946150	46.181195	46.472034	46.282172	45.974523	45.811369	45.523392	45.849373	45.800692	45.846074	46.067012	46.294092	46.562100	46.669610	46.830435	46.856808	46.799164	46.693548	46.715364	46.807028	46.757762	46.728504	46.958327	47.021576	46.824785	46.810488	46.600217	46.260928	46.172425	45.958569	46.301412	46.391356	46.135353	45.838388	45.945781	46.056665	46.237312	46.397631	46.608506	46.488308	46.492316	46.546216	46.502218	46.611648	46.677952	46.657421	46.733562	46.716254	45.998109	45.716171	45.775947	46.170669	45.981977	45.995403	46.035962	45.654150	45.874934	45.841122	45.925287	46.114321	46.507890	46.338375	46.307467	46.042075	45.945283	46.274525	46.310187	46.289551	46.642625	46.691277	46.809947	46.871226	46.709526	45.396670	44.548541	44.183727	44.933774	45.254498	45.638921	45.734955	45.934755	46.496834	46.493536	46.411400	46.266166	46.145861	46.194390	46.250284	46.612811	46.094324	46.245797	45.716372	45.434003	45.671670	45.702994	45.735166	45.773004	46.359803	46.299973	46.486956	46.517269	46.712722	46.634131	46.619873	46.621726	46.366771	46.335185	46.165790	45.849013	45.562387	46.050355	48.783276	46.032566	46.032861	45.624467	45.752391	45.685926	45.810575	45.821711	45.832607	45.826136	45.093101	44.429083	44.811967	45.417099	45.950911	46.500938	46.289230	46.277259	46.126595	46.116785	46.331252	46.505734	46.570557	46.642719	46.915896	46.902457	46.711757	46.518003	46.620130	46.863176	46.954133	46.882692	47.151887	47.316254	47.199531	46.755088	46.195322	46.148273	46.273226	46.465256	46.649019	46.503496	46.548572	46.453884	46.203020	46.054842	45.291869	45.302930	45.814920	46.260961	46.402490	46.298892	46.046446	45.921197	45.925963	45.983301	46.187872	46.192662	46.043090	46.006778	45.963495	46.616845	46.737245	46.913489	46.966524	46.916656	46.545047	46.781475	46.828235	46.581284	46.451920	46.194363	46.122438	46.058744	46.023204	46.325675	46.582502	46.747547	46.463441	46.526156	46.492770	45.273063	45.175130	45.928532	45.908958	45.604323	45.907143	45.842880	45.864229	45.852101	44.974573	41.544292	44.200579	44.150824	45.868735	47.998035	45.959327	51.966142	46.526006	50.562162	46.498880	46.179254	46.412267	46.360388	46.622267	46.433390	46.661077	46.320722	46.508107	46.619064	46.420712	45.524752	44.651149	45.361315	46.261355	46.077293	46.333743	46.270850	46.330587	46.372441	46.346971	46.246810	46.284208	46.373150	46.430020	46.518553	46.474651	46.521921	46.424330	46.404706	46.510434	46.523134	46.535496	46.590614	46.654763	46.621348	46.212098	45.789133	44.813988	45.867852	43.612871	46.395142	46.583082	43.092203	46.503560	46.361527	45.922492	45.899613	45.283410	45.399172	45.424019	45.870904	46.129392	45.991573	45.345744	45.089643	45.443023	46.208106	42.160684	46.766892	46.742057	43.479122	46.407523	46.248807	46.008283	45.713795	45.593345	45.806025	45.933646	45.596394	45.455722	45.135446	45.813570	46.325086	46.317873	42.402778	44.879742	46.482634	46.242319	46.118160	45.867727	45.518268	45.421462	45.691941	45.954176	45.970304	
output4
1.000000	0.000000	0.000000	1.000000	0.000000	1.000000	-10.993581	-19.003753	-28.217006	62.113545	13.191059	43.536624	46.302726	0.518738	5.663416	46.302726	0.518738	5.663416	0.000000	3.000000	