input0
474.000000
input1
0.000000	0.000000	0.000000	0.000000	0.000000	0.000000	0.000000	0.000000	0.000000	0.000000	0.000000	0.000000	0.000000	0.000000	0.000000	0.000000	0.000000	0.000000	0.000000	0.000000	0.000000	0.000000	0.000000	0.000000	0.000000	0.000000	0.000000	0.000000	0.000000	0.000000	0.000000	0.000000	0.000000	0.000000	0.000000	0.000000	0.000000	0.000000	0.000000	0.000000	0.000000	0.000000	0.000000	0.000000	0.000000	0.000000	0.000000	0.000000	0.000000	0.000000	0.000000	0.000000	0.000000	0.000000	0.000000	0.000000	0.000000	0.000000	0.000000	0.000000	0.000000	0.000000	0.000000	0.000000	0.000000	0.000000	0.000000	0.000000	0.000000	0.000000	0.000000	0.000000	0.000000	0.000000	0.000000	0.000000	0.000000	0.000000	0.000000	0.000000	0.000000	0.000000	0.000000	0.000000	0.000000	0.000000	0.000000	0.000000	0.000000	0.000000	0.000000	0.000000	0.000000	0.000000	0.000000	0.000000	0.000000	0.000000	0.000000	0.000000	0.000000	0.000000	0.000000	0.000000	0.000000	0.000000	0.000000	0.000000	0.000000	0.000000	0.000000	0.000000	0.000000	0.000000	0.000000	0.000000	0.000000	0.000000	0.000000	0.000000	0.000000	0.000000	0.000000	0.000000	0.000000	0.000000	0.000000	0.000000	0.000000	0.000000	0.000000	0.000000	0.000000	0.000000	0.000000	0.000000	0.000000	0.000000	0.000000	0.000000	0.000000	0.000000	0.000000	0.000000	0.000000	0.000000	0.000000	0.000000	0.000000	0.000000	0.000000	0.000000	0.000000	0.000000	0.000000	0.000000	0.000000	0.000000	0.000000	0.000000	0.000000	0.000000	0.000000	0.000000	0.000000	0.000000	0.000000	0.000000	0.000000	0.000000	0.000000	0.000000	0.000000	0.000000	0.000000	0.000000	0.000000	0.000000	0.000000	0.000000	0.000000	0.000000	0.000000	0.000000	0.000000	0.000000	0.000000	0.000000	0.000000	0.000000	0.000000	0.000000	0.000000	0.000000	0.000000	0.000000	0.000000	0.000000	0.000000	0.000000	0.000000	0.000000	0.000000	0.000000	0.000000	0.000000	0.000000	0.000000	0.000000	0.000000	0.000000	0.000000	0.000000	0.000000	0.000000	0.000000	0.000000	0.000000	0.000000	0.000000	0.000000	0.000000	0.000000	0.000000	0.000000	0.000000	0.000000	0.000000	0.000000	0.000000	0.000000	0.000000	0.000000	0.000000	0.000000	0.000000	0.000000	0.000000	0.000000	0.000000	0.000000	0.000000	0.000000	0.000000	0.000000	0.000000	0.000000	0.000000	0.000000	0.000000	0.000000	0.000000	0.000000	0.000000	0.000000	0.000000	0.000000	0.000000	0.000000	0.000000	0.000000	0.000000	0.000000	0.000000	0.000000	0.000000	0.000000	0.000000	0.000000	0.000000	0.000000	0.000000	0.000000	0.000000	0.000000	0.000000	0.000000	0.000000	0.000000	0.000000	0.000000	0.000000	0.000000	0.000000	0.000000	0.000000	0.000000	0.000000	0.000000	0.000000	0.000000	0.000000	0.000000	0.000000	0.000000	0.000000	0.000000	0.000000	0.000000	0.000000	0.000000	0.000000	0.000000	0.000000	0.000000	0.000000	0.000000	0.000000	0.000000	0.000000	0.000000	0.000000	0.000000	0.000000	0.000000	0.000000	0.000000	0.000000	0.000000	0.000000	0.000000	0.000000	0.000000	0.000000	0.000000	0.000000	0.000000	0.000000	0.000000	0.000000	0.000000	0.000000	0.000000	0.000000	0.000000	0.000000	0.000000	0.000000	0.000000	0.000000	0.000000	0.000000	0.000000	0.000000	0.000000	0.000000	0.000000	0.000000	0.000000	0.000000	0.000000	0.000000	0.000000	0.000000	0.000000	0.000000	0.000000	0.000000	0.000000	0.000000	0.000000	0.000000	0.000000	0.000000	0.000000	0.000000	0.000000	0.000000	0.000000	0.000000	0.000000	0.000000	0.000000	0.000000	0.000000	0.000000	0.000000	0.000000	0.000000	0.000000	0.000000	0.000000	0.000000	0.000000	0.000000	0.000000	0.000000	0.000000	0.000000	0.000000	0.000000	0.000000	0.000000	0.000000	0.000000	0.000000	0.000000	0.000000	0.000000	0.000000	0.000000	0.000000	0.000000	0.000000	0.000000	0.000000	0.000000	0.000000	0.000000	0.000000	0.000000	0.000000	0.000000	0.000000	0.000000	0.000000	0.000000	0.000000	0.000000	0.000000	0.000000	0.000000	0.000000	0.000000	0.000000	0.000000	0.000000	0.000000	0.000000	0.000000	0.000000	0.000000	0.000000	0.000000	0.000000	0.000000	0.000000	0.000000	0.000000	0.000000	0.000000	0.000000	0.000000	0.000000	0.000000	0.000000	0.000000	0.000000	0.000000	0.000000	0.000000	0.000000	0.000000	0.000000	0.000000	0.000000	0.000000	0.000000	0.000000	0.000000	0.000000	0.000000	0.000000	0.000000	0.000000	0.000000	0.000000	0.000000	0.000000	0.000000	0.000000	0.000000	0.000000	0.000000	
input2
0.000000	0.000000	0.000000	0.000000	0.000000	0.000000	0.000000	0.000000	0.000000	0.000000	0.000000	0.000000	0.000000	0.000000	0.000000	0.000000	0.000000	0.000000	0.000000	0.000000	0.000000	0.000000	0.000000	0.000000	0.000000	0.000000	0.000000	0.000000	0.000000	0.000000	0.000000	0.000000	0.000000	0.000000	0.000000	0.000000	0.000000	0.000000	0.000000	0.000000	0.000000	0.000000	0.000000	0.000000	0.000000	0.000000	0.000000	0.000000	0.000000	0.000000	0.000000	0.000000	0.000000	0.000000	0.000000	0.000000	0.000000	0.000000	0.000000	0.000000	0.000000	0.000000	0.000000	0.000000	0.000000	0.000000	0.000000	0.000000	0.000000	0.000000	0.000000	0.000000	0.000000	0.000000	0.000000	0.000000	0.000000	0.000000	0.000000	0.000000	0.000000	0.000000	0.000000	0.000000	0.000000	0.000000	0.000000	0.000000	0.000000	0.000000	0.000000	0.000000	0.000000	0.000000	0.000000	0.000000	0.000000	0.000000	0.000000	0.000000	0.000000	0.000000	0.000000	0.000000	0.000000	0.000000	0.000000	0.000000	0.000000	0.000000	0.000000	0.000000	0.000000	0.000000	0.000000	0.000000	0.000000	0.000000	0.000000	0.000000	0.000000	0.000000	0.000000	0.000000	0.000000	0.000000	0.000000	0.000000	0.000000	0.000000	0.000000	0.000000	0.000000	0.000000	0.000000	0.000000	0.000000	0.000000	0.000000	0.000000	0.000000	0.000000	0.000000	0.000000	0.000000	0.000000	0.000000	0.000000	0.000000	0.000000	0.000000	0.000000	0.000000	0.000000	0.000000	0.000000	0.000000	0.000000	0.000000	0.000000	0.000000	0.000000	0.000000	0.000000	0.000000	0.000000	0.000000	0.000000	0.000000	0.000000	0.000000	0.000000	0.000000	0.000000	0.000000	0.000000	0.000000	0.000000	0.000000	0.000000	0.000000	0.000000	0.000000	0.000000	0.000000	0.000000	0.000000	0.000000	0.000000	0.000000	0.000000	0.000000	0.000000	0.000000	0.000000	0.000000	0.000000	0.000000	0.000000	0.000000	0.000000	0.000000	0.000000	0.000000	0.000000	0.000000	0.000000	0.000000	0.000000	0.000000	0.000000	0.000000	0.000000	0.000000	0.000000	0.000000	0.000000	0.000000	0.000000	0.000000	0.000000	0.000000	0.000000	0.000000	0.000000	0.000000	0.000000	0.000000	0.000000	0.000000	0.000000	0.000000	0.000000	0.000000	0.000000	0.000000	0.000000	0.000000	0.000000	0.000000	0.000000	0.000000	0.000000	0.000000	0.000000	0.000000	0.000000	0.000000	0.000000	0.000000	0.000000	0.000000	0.000000	0.000000	0.000000	0.000000	0.000000	0.000000	0.000000	0.000000	0.000000	0.000000	0.000000	0.000000	0.000000	0.000000	0.000000	0.000000	0.000000	0.000000	0.000000	0.000000	0.000000	0.000000	0.000000	0.000000	0.000000	0.000000	0.000000	0.000000	0.000000	0.000000	0.000000	0.000000	0.000000	0.000000	0.000000	0.000000	0.000000	0.000000	0.000000	0.000000	0.000000	0.000000	0.000000	0.000000	0.000000	0.000000	0.000000	0.000000	0.000000	0.000000	0.000000	0.000000	0.000000	0.000000	0.000000	0.000000	0.000000	0.000000	0.000000	0.000000	0.000000	0.000000	0.000000	0.000000	0.000000	0.000000	0.000000	0.000000	0.000000	0.000000	0.000000	0.000000	0.000000	0.000000	0.000000	0.000000	0.000000	0.000000	0.000000	0.000000	0.000000	0.000000	0.000000	0.000000	0.000000	0.000000	0.000000	0.000000	0.000000	0.000000	0.000000	0.000000	0.000000	0.000000	0.000000	0.000000	0.000000	0.000000	0.000000	0.000000	0.000000	0.000000	0.000000	0.000000	0.000000	0.000000	0.000000	0.000000	0.000000	0.000000	0.000000	0.000000	0.000000	0.000000	0.000000	0.000000	0.000000	0.000000	0.000000	0.000000	0.000000	0.000000	0.000000	0.000000	0.000000	0.000000	0.000000	0.000000	0.000000	0.000000	0.000000	0.000000	0.000000	0.000000	0.000000	0.000000	0.000000	0.000000	0.000000	0.000000	0.000000	0.000000	0.000000	0.000000	0.000000	0.000000	0.000000	0.000000	0.000000	0.000000	0.000000	0.000000	0.000000	0.000000	0.000000	0.000000	0.000000	0.000000	0.000000	0.000000	0.000000	0.000000	0.000000	0.000000	0.000000	0.000000	0.000000	0.000000	0.000000	0.000000	0.000000	0.000000	0.000000	0.000000	0.000000	0.000000	0.000000	0.000000	0.000000	0.000000	0.000000	0.000000	0.000000	0.000000	0.000000	0.000000	0.000000	0.000000	0.000000	0.000000	0.000000	0.000000	0.000000	0.000000	0.000000	0.000000	0.000000	0.000000	0.000000	0.000000	0.000000	0.000000	0.000000	0.000000	0.000000	0.000000	0.000000	0.000000	0.000000	0.000000	0.000000	0.000000	0.000000	0.000000	0.000000	0.000000	0.000000	0.000000	0.000000	0.000000	0.000000	0.000000	
input3
0.000000	0.000000	0.000000	0.000000	0.000000	0.000000	0.000000	0.000000	0.000000	0.000000	0.000000	0.000000	0.000000	0.000000	0.000000	0.000000	0.000000	0.000000	0.000000	0.000000	0.000000	0.000000	0.000000	0.000000	0.000000	0.000000	0.000000	0.000000	0.000000	0.000000	0.000000	0.000000	0.000000	0.000000	0.000000	0.000000	0.000000	0.000000	0.000000	0.000000	0.000000	0.000000	0.000000	0.000000	0.000000	0.000000	0.000000	0.000000	0.000000	0.000000	0.000000	0.000000	0.000000	0.000000	0.000000	0.000000	0.000000	0.000000	0.000000	0.000000	0.000000	0.000000	0.000000	0.000000	0.000000	0.000000	0.000000	0.000000	0.000000	0.000000	0.000000	0.000000	0.000000	0.000000	0.000000	0.000000	0.000000	0.000000	0.000000	0.000000	0.000000	0.000000	0.000000	0.000000	0.000000	0.000000	0.000000	0.000000	0.000000	0.000000	0.000000	0.000000	0.000000	0.000000	0.000000	0.000000	0.000000	0.000000	0.000000	0.000000	0.000000	0.000000	0.000000	0.000000	0.000000	0.000000	0.000000	0.000000	0.000000	0.000000	0.000000	0.000000	0.000000	0.000000	0.000000	0.000000	0.000000	0.000000	0.000000	0.000000	0.000000	0.000000	0.000000	0.000000	0.000000	0.000000	0.000000	0.000000	0.000000	0.000000	0.000000	0.000000	0.000000	0.000000	0.000000	0.000000	0.000000	0.000000	0.000000	0.000000	0.000000	0.000000	0.000000	0.000000	0.000000	0.000000	0.000000	0.000000	0.000000	0.000000	0.000000	0.000000	0.000000	0.000000	0.000000	0.000000	0.000000	0.000000	0.000000	0.000000	0.000000	0.000000	0.000000	0.000000	0.000000	0.000000	0.000000	0.000000	0.000000	0.000000	0.000000	0.000000	0.000000	0.000000	0.000000	0.000000	0.000000	0.000000	0.000000	0.000000	0.000000	0.000000	0.000000	0.000000	0.000000	0.000000	0.000000	0.000000	0.000000	0.000000	0.000000	0.000000	0.000000	0.000000	0.000000	0.000000	0.000000	0.000000	0.000000	0.000000	0.000000	0.000000	0.000000	0.000000	0.000000	0.000000	0.000000	0.000000	0.000000	0.000000	0.000000	0.000000	0.000000	0.000000	0.000000	0.000000	0.000000	0.000000	0.000000	0.000000	0.000000	0.000000	0.000000	0.000000	0.000000	0.000000	0.000000	0.000000	0.000000	0.000000	0.000000	0.000000	0.000000	0.000000	0.000000	0.000000	0.000000	0.000000	0.000000	0.000000	0.000000	0.000000	0.000000	0.000000	0.000000	0.000000	0.000000	0.000000	0.000000	0.000000	0.000000	0.000000	0.000000	0.000000	0.000000	0.000000	0.000000	0.000000	0.000000	0.000000	0.000000	0.000000	0.000000	0.000000	0.000000	0.000000	0.000000	0.000000	0.000000	0.000000	0.000000	0.000000	0.000000	0.000000	0.000000	0.000000	0.000000	0.000000	0.000000	0.000000	0.000000	0.000000	0.000000	0.000000	0.000000	0.000000	0.000000	0.000000	0.000000	0.000000	0.000000	0.000000	0.000000	0.000000	0.000000	0.000000	0.000000	0.000000	0.000000	0.000000	0.000000	0.000000	0.000000	0.000000	0.000000	0.000000	0.000000	0.000000	0.000000	0.000000	0.000000	0.000000	0.000000	0.000000	0.000000	0.000000	0.000000	0.000000	0.000000	0.000000	0.000000	0.000000	0.000000	0.000000	0.000000	0.000000	0.000000	0.000000	0.000000	0.000000	0.000000	0.000000	0.000000	0.000000	0.000000	0.000000	0.000000	0.000000	0.000000	0.000000	0.000000	0.000000	0.000000	0.000000	0.000000	0.000000	0.000000	0.000000	0.000000	0.000000	0.000000	0.000000	0.000000	0.000000	0.000000	0.000000	0.000000	0.000000	0.000000	0.000000	0.000000	0.000000	0.000000	0.000000	0.000000	0.000000	0.000000	0.000000	0.000000	0.000000	0.000000	0.000000	0.000000	0.000000	0.000000	0.000000	0.000000	0.000000	0.000000	0.000000	0.000000	0.000000	0.000000	0.000000	0.000000	0.000000	0.000000	0.000000	0.000000	0.000000	0.000000	0.000000	0.000000	0.000000	0.000000	0.000000	0.000000	0.000000	0.000000	0.000000	0.000000	0.000000	0.000000	0.000000	0.000000	0.000000	0.000000	0.000000	0.000000	0.000000	0.000000	0.000000	0.000000	0.000000	0.000000	0.000000	0.000000	0.000000	0.000000	0.000000	0.000000	0.000000	0.000000	0.000000	0.000000	0.000000	0.000000	0.000000	0.000000	0.000000	0.000000	0.000000	0.000000	0.000000	0.000000	0.000000	0.000000	0.000000	0.000000	0.000000	0.000000	0.000000	0.000000	0.000000	0.000000	0.000000	0.000000	0.000000	0.000000	0.000000	0.000000	0.000000	0.000000	0.000000	0.000000	0.000000	0.000000	0.000000	0.000000	0.000000	0.000000	0.000000	0.000000	0.000000	0.000000	0.000000	0.000000	0.000000	0.000000	0.000000	0.000000	0.000000	0.000000	0.000000	
input4
33.693000	33.693000	33.693000	33.693000	33.693000	33.693000	24.107000	21.900000	16.847000	6.147000	2.200000	-4.927000	-10.627000	-15.740000	-16.453000	-17.100000	-18.413000	-20.027000	-22.080000	-23.880000	-25.027000	-26.180000	-26.827000	-26.793000	-27.140000	-25.513000	-24.313000	-23.027000	-22.853000	-22.880000	-22.793000	-22.840000	-22.813000	-23.953000	-24.440000	-24.880000	-25.167000	-25.313000	-25.427000	-25.640000	-25.940000	-26.267000	-26.467000	-26.340000	-26.067000	-25.567000	-24.967000	-24.640000	-24.300000	-24.153000	-24.167000	-24.453000	-24.727000	-25.240000	-25.767000	-26.100000	-26.767000	-26.900000	-26.740000	-26.253000	-25.853000	-24.667000	-24.300000	-23.840000	-23.567000	-23.400000	-23.167000	-22.793000	-22.393000	-22.053000	-21.727000	-21.713000	-21.580000	-21.227000	-20.893000	-20.400000	-20.240000	-20.267000	-20.567000	-20.893000	-20.927000	-20.980000	-21.267000	-21.527000	-21.913000	-22.267000	-22.700000	-22.800000	-23.100000	-23.067000	-22.713000	-21.840000	-21.180000	-20.313000	-19.500000	-19.500000	-19.713000	-20.140000	-20.440000	-20.940000	-21.813000	-22.080000	-22.400000	-22.600000	-22.880000	-23.053000	-23.427000	-23.427000	-23.053000	-22.527000	-21.927000	-21.440000	-21.440000	-21.840000	-21.980000	-22.213000	-22.313000	-22.193000	-22.067000	-22.067000	-21.700000	-21.500000	-21.553000	-21.313000	-21.367000	-21.113000	-20.893000	-20.680000	-20.527000	-20.640000	-20.693000	-20.780000	-21.053000	-21.040000	-21.127000	-21.393000	-21.627000	-22.427000	-22.900000	-23.167000	-22.900000	-22.580000	-22.300000	-21.727000	-21.493000	-20.853000	-19.927000	-19.853000	-19.827000	-19.867000	-20.453000	-20.740000	-21.167000	-21.027000	-20.840000	-20.767000	-20.413000	-20.040000	-20.040000	-20.713000	-21.667000	-22.093000	-22.380000	-22.393000	-22.027000	-21.940000	-22.267000	-22.927000	-23.140000	-23.540000	-23.293000	-23.113000	-23.067000	-23.127000	-23.027000	-23.067000	-22.980000	-22.993000	-23.013000	-23.040000	-23.213000	-23.240000	-23.180000	-22.540000	-21.100000	-18.980000	-16.540000	-14.027000	-12.327000	-11.313000	-11.593000	-12.013000	-12.900000	-14.313000	-15.900000	-17.213000	-19.780000	-21.280000	-22.227000	-24.600000	-28.440000	-38.513000	-42.040000	-43.200000	-44.953000	-45.353000	-45.567000	-45.053000	-44.627000	-44.313000	-44.040000	-43.653000	-42.553000	-41.640000	-37.200000	-33.113000	-22.880000	-16.567000	-0.480000	10.433000	15.807000	15.807000	20.773000	27.007000	30.520000	32.507000	33.047000	31.120000	29.833000	22.847000	13.100000	3.700000	-6.880000	-11.867000	-16.527000	-28.027000	-32.253000	-37.593000	-46.067000	-48.367000	-53.493000	-55.180000	-54.800000	-54.393000	-52.493000	-50.640000	-48.427000	-42.153000	-39.300000	-36.927000	-35.727000	-34.513000	-33.040000	-32.427000	-30.453000	-26.453000	-17.940000	-11.313000	-5.513000	-2.800000	1.760000	5.120000	8.433000	11.307000	14.873000	19.100000	26.273000	28.607000	33.307000	34.433000	34.007000	32.647000	30.187000	27.233000	23.960000	18.287000	14.287000	9.733000	1.847000	-4.593000	-11.780000	-18.600000	-27.413000	-31.627000	-35.067000	-39.327000	-44.167000	-48.800000	-53.793000	-55.300000	-55.880000	-55.093000	-53.140000	-50.040000	-47.980000	-39.613000	-37.727000	-31.567000	-27.813000	-23.913000	-21.580000	-10.613000	7.773000	15.387000	25.560000	29.433000	33.907000	33.373000	29.887000	26.460000	8.973000	-0.900000	-0.900000	-20.867000	-39.627000	-42.927000	-42.927000	-51.093000	-51.093000	-55.713000	-55.713000	-54.913000	-51.780000	-47.453000	-43.727000	-39.640000	-32.827000	-31.213000	-30.593000	-30.967000	-33.440000	-35.627000	-39.827000	-41.740000	-43.053000	-43.053000	-43.767000	-44.013000	-44.000000	-43.653000	-42.940000	-43.240000	-45.067000	-46.340000	-47.227000	-48.280000	-48.867000	-49.140000	-49.467000	-49.640000	-49.427000	-49.393000	-49.613000	-49.927000	-50.553000	-51.967000	-54.013000	-54.813000	-53.793000	-53.793000	-51.367000	-51.367000	-43.040000	-37.713000	-37.713000	-28.127000	-14.727000	-7.553000	6.000000	9.400000	14.947000	20.820000	25.360000	26.473000	30.247000	32.787000	32.100000	27.273000	22.273000	22.273000	12.987000	5.760000	5.760000	-13.267000	-20.293000	-26.980000	-38.753000	-42.640000	-45.340000	-50.300000	-51.567000	-54.840000	-50.667000	-46.100000	-43.380000	-37.480000	-34.580000	-34.580000	-22.840000	-12.267000	-9.800000	-2.267000	0.273000	12.307000	15.587000	17.520000	21.800000	24.720000	28.320000	31.847000	31.587000	28.707000	23.787000	23.787000	15.047000	15.047000	6.387000	0.573000	-6.000000	-23.553000	-31.640000	-35.193000	-41.640000	-44.693000	-48.400000	-51.293000	-54.093000	-56.067000	-54.400000	-51.480000	-45.727000	-39.953000	-39.953000	-33.927000	-14.100000	-3.840000	6.400000	14.060000	18.907000	22.900000	25.633000	30.220000	31.820000	31.820000	27.960000	15.147000	11.533000	11.533000	-2.627000	-8.367000	-13.467000	-18.640000	-27.613000	-32.600000	-39.913000	-41.980000	-41.980000	-44.340000	-44.193000	-40.080000	-30.093000	-16.627000	-16.627000	-8.880000	-0.627000	2.760000	3.133000	3.500000	4.400000	5.433000	4.747000	2.933000	0.633000	-3.140000	
input5
-39.260000	-39.260000	-39.260000	-39.260000	-39.260000	-39.260000	-7.620000	-3.033000	2.693000	10.367000	12.253000	14.593000	15.367000	15.440000	15.240000	14.800000	14.500000	14.353000	14.053000	14.053000	13.393000	13.013000	12.413000	11.780000	10.893000	11.427000	12.013000	12.513000	13.927000	14.640000	16.540000	18.567000	19.200000	16.293000	13.327000	10.067000	6.800000	3.940000	1.080000	-1.620000	-5.487000	-10.647000	-16.273000	-22.673000	-28.660000	-33.660000	-37.920000	-41.060000	-43.087000	-44.820000	-46.673000	-51.760000	-54.747000	-57.300000	-59.207000	-60.700000	-62.047000	-62.260000	-62.900000	-62.887000	-62.660000	-61.800000	-61.300000	-60.147000	-58.773000	-56.987000	-54.907000	-52.360000	-49.647000	-46.887000	-44.207000	-41.287000	-37.907000	-33.707000	-28.873000	-23.900000	-19.433000	-17.547000	-12.273000	-8.033000	-6.307000	-2.573000	2.880000	6.840000	10.213000	13.193000	16.127000	18.453000	20.540000	22.240000	23.380000	24.953000	25.493000	26.327000	26.880000	26.340000	25.813000	24.553000	22.880000	20.867000	17.693000	15.227000	9.827000	6.727000	2.993000	-1.573000	-7.633000	-14.000000	-19.700000	-24.533000	-27.773000	-30.860000	-34.747000	-39.873000	-42.700000	-51.133000	-55.920000	-57.607000	-60.387000	-62.347000	-63.947000	-64.333000	-64.320000	-64.000000	-63.073000	-61.507000	-59.133000	-56.300000	-52.707000	-48.000000	-42.320000	-36.500000	-31.273000	-27.033000	-23.647000	-19.307000	-13.660000	-7.500000	-0.900000	7.000000	11.513000	15.527000	22.300000	24.527000	25.293000	26.140000	26.253000	25.993000	25.313000	25.040000	23.413000	22.227000	19.640000	18.393000	17.040000	15.613000	13.667000	6.027000	0.113000	-5.920000	-11.747000	-16.573000	-21.460000	-27.020000	-33.107000	-39.000000	-41.773000	-48.760000	-50.560000	-55.307000	-57.920000	-59.133000	-61.273000	-62.760000	-63.587000	-62.833000	-62.307000	-60.620000	-59.207000	-57.860000	-56.120000	-53.260000	-43.620000	-33.333000	-20.747000	-8.600000	1.713000	10.100000	16.453000	21.353000	26.253000	26.980000	27.367000	26.527000	24.640000	22.113000	16.040000	11.953000	10.827000	10.500000	9.440000	5.300000	2.340000	0.253000	-4.587000	-11.447000	-15.773000	-22.360000	-25.860000	-27.473000	-30.133000	-31.360000	-31.587000	-31.673000	-32.287000	-32.733000	-32.960000	-32.773000	-32.287000	-32.073000	-32.073000	-31.747000	-31.647000	-31.473000	-31.520000	-31.447000	-31.500000	-31.207000	-31.200000	-31.000000	-31.460000	-31.920000	-32.360000	-32.347000	-32.187000	-31.147000	-30.933000	-31.300000	-32.333000	-32.733000	-33.433000	-33.500000	-33.000000	-32.673000	-31.933000	-31.533000	-31.260000	-30.820000	-30.573000	-30.520000	-30.600000	-30.800000	-30.173000	-30.033000	-30.033000	-30.220000	-31.060000	-31.687000	-31.960000	-32.273000	-32.620000	-32.900000	-33.007000	-32.860000	-32.473000	-31.900000	-30.420000	-29.900000	-28.433000	-27.733000	-27.833000	-27.847000	-28.420000	-29.007000	-29.400000	-29.847000	-30.047000	-30.700000	-31.847000	-32.873000	-33.320000	-33.433000	-32.807000	-32.307000	-31.820000	-31.560000	-31.800000	-31.960000	-32.147000	-31.700000	-30.960000	-30.260000	-29.820000	-29.507000	-29.407000	-28.907000	-28.847000	-28.973000	-29.360000	-29.707000	-29.533000	-29.533000	-29.033000	-29.073000	-28.273000	-28.187000	-28.307000	-28.600000	-29.507000	-29.733000	-29.787000	-29.787000	-29.720000	-29.720000	-28.887000	-28.887000	-29.173000	-29.173000	-30.620000	-30.620000	-30.560000	-29.033000	-27.747000	-25.887000	-25.160000	-24.487000	-24.887000	-25.720000	-28.073000	-28.600000	-24.620000	-18.200000	-1.147000	5.240000	5.240000	9.513000	10.100000	9.467000	9.080000	8.193000	7.500000	7.527000	9.427000	9.313000	8.427000	7.027000	5.913000	5.453000	4.367000	3.553000	3.493000	3.000000	2.400000	1.713000	0.567000	-2.700000	-9.947000	-17.647000	-17.647000	-30.747000	-30.747000	-39.187000	-51.560000	-51.560000	-56.100000	-61.373000	-64.000000	-64.000000	-59.900000	-58.400000	-54.747000	-50.020000	-44.900000	-43.047000	-34.073000	-19.707000	-9.300000	4.840000	4.840000	12.267000	19.927000	19.927000	23.293000	26.467000	25.313000	22.967000	15.813000	12.367000	9.340000	0.800000	-2.387000	-20.647000	-40.273000	-48.100000	-51.120000	-51.120000	-56.287000	-58.120000	-62.707000	-64.000000	-63.787000	-62.500000	-61.760000	-56.333000	-54.287000	-52.647000	-48.160000	-43.400000	-35.920000	-20.307000	-9.300000	0.893000	0.893000	9.327000	9.327000	18.067000	23.340000	25.340000	26.267000	23.053000	19.600000	17.827000	13.100000	10.167000	5.740000	0.900000	-6.420000	-19.520000	-32.433000	-39.707000	-48.460000	-48.460000	-54.347000	-58.633000	-62.607000	-62.607000	-57.873000	-54.300000	-51.233000	-47.300000	-43.133000	-32.307000	-32.307000	-15.520000	1.500000	17.567000	17.567000	19.867000	25.640000	25.640000	26.267000	25.300000	22.400000	20.300000	15.953000	15.953000	14.367000	12.880000	12.900000	13.653000	13.813000	13.813000	13.600000	13.627000	14.627000	14.153000	13.467000	12.980000	12.180000	12.180000	13.440000	14.280000	14.280000	14.880000	
input6
-40.547000	-40.547000	-40.547000	-40.547000	-40.547000	-40.547000	-58.253000	-58.160000	-58.520000	-59.773000	-59.947000	-60.087000	-59.873000	-59.573000	-59.740000	-59.793000	-59.580000	-59.380000	-59.047000	-59.047000	-58.420000	-58.327000	-58.600000	-59.433000	-59.920000	-59.660000	-59.913000	-60.087000	-58.540000	-57.687000	-55.460000	-52.967000	-52.147000	-54.753000	-57.593000	-60.660000	-63.507000	-65.873000	-67.687000	-68.887000	-69.760000	-70.933000	-71.487000	-71.567000	-71.133000	-69.860000	-68.420000	-66.973000	-65.493000	-64.327000	-62.800000	-58.100000	-54.187000	-49.887000	-45.713000	-42.033000	-36.900000	-35.320000	-29.020000	-24.647000	-22.453000	-15.833000	-14.153000	-10.900000	-7.527000	-4.353000	-1.280000	2.167000	4.887000	7.207000	9.580000	11.160000	12.907000	14.693000	16.127000	17.033000	17.580000	17.633000	17.153000	16.393000	15.867000	14.653000	11.993000	9.460000	6.760000	4.040000	0.673000	-2.493000	-5.947000	-9.467000	-12.053000	-16.273000	-18.067000	-21.947000	-29.693000	-35.047000	-37.480000	-42.300000	-46.613000	-49.987000	-54.807000	-57.593000	-62.880000	-65.180000	-67.460000	-69.360000	-70.907000	-71.827000	-72.280000	-72.347000	-72.220000	-71.920000	-70.467000	-67.720000	-65.853000	-58.453000	-52.940000	-50.173000	-44.547000	-39.213000	-31.153000	-26.513000	-24.613000	-20.347000	-16.140000	-11.447000	-6.493000	-1.807000	2.833000	7.173000	11.100000	14.247000	16.047000	16.807000	17.247000	17.207000	16.487000	15.013000	12.313000	8.107000	4.633000	0.100000	-11.867000	-18.173000	-21.233000	-26.567000	-33.193000	-36.533000	-39.133000	-40.173000	-44.887000	-47.387000	-52.213000	-54.287000	-56.160000	-58.053000	-60.253000	-65.733000	-68.747000	-70.993000	-72.547000	-72.773000	-72.713000	-72.093000	-70.213000	-68.027000	-66.373000	-61.100000	-59.573000	-54.440000	-50.160000	-47.893000	-41.907000	-35.227000	-25.240000	-19.393000	-17.087000	-10.907000	-7.740000	-5.060000	-2.333000	1.080000	7.927000	12.353000	14.760000	14.760000	11.633000	6.807000	0.640000	-6.280000	-17.567000	-21.427000	-28.587000	-35.733000	-42.380000	-48.333000	-57.093000	-61.513000	-61.513000	-61.127000	-59.467000	-54.980000	-54.033000	-54.307000	-55.247000	-57.500000	-58.933000	-59.400000	-59.567000	-59.553000	-59.300000	-59.127000	-60.140000	-60.987000	-64.087000	-66.547000	-70.587000	-71.593000	-70.513000	-66.827000	-66.827000	-63.407000	-59.040000	-50.173000	-42.820000	-34.547000	-26.520000	-14.907000	-11.333000	0.260000	7.807000	11.673000	14.360000	15.187000	15.453000	13.313000	11.133000	7.600000	-1.387000	-4.947000	-16.720000	-28.667000	-35.560000	-38.473000	-45.873000	-49.920000	-53.327000	-60.673000	-63.407000	-65.513000	-66.407000	-67.020000	-68.373000	-68.933000	-69.780000	-70.893000	-72.267000	-72.587000	-72.300000	-71.987000	-70.973000	-69.567000	-68.133000	-66.540000	-64.053000	-60.607000	-51.287000	-47.333000	-35.113000	-27.667000	-21.133000	-15.533000	-9.893000	-4.820000	-0.300000	5.540000	8.827000	11.373000	14.093000	15.180000	15.453000	15.453000	13.307000	11.760000	10.020000	7.007000	1.820000	-3.900000	-14.493000	-21.467000	-28.413000	-36.120000	-43.513000	-50.273000	-53.553000	-63.273000	-65.073000	-68.993000	-70.273000	-71.613000	-72.247000	-72.247000	-68.067000	-64.440000	-54.400000	-47.220000	-30.420000	-21.807000	-10.273000	-4.040000	10.613000	10.613000	13.460000	13.460000	6.227000	6.227000	3.233000	3.233000	-7.680000	-7.680000	-22.853000	-38.367000	-48.567000	-56.013000	-60.840000	-64.347000	-69.033000	-69.347000	-69.407000	-69.233000	-68.460000	-66.493000	-57.260000	-51.120000	-51.120000	-45.013000	-43.240000	-43.713000	-44.600000	-46.767000	-48.833000	-48.093000	-41.367000	-38.180000	-37.727000	-38.020000	-38.447000	-38.753000	-39.567000	-40.507000	-41.633000	-42.560000	-42.913000	-43.240000	-43.340000	-43.347000	-42.460000	-41.433000	-41.433000	-39.800000	-39.800000	-38.947000	-37.333000	-37.333000	-36.733000	-36.007000	-36.600000	-36.600000	-37.667000	-37.867000	-38.840000	-39.620000	-39.867000	-39.767000	-39.547000	-38.980000	-38.887000	-38.333000	-38.333000	-38.347000	-37.920000	-37.920000	-37.380000	-36.353000	-36.360000	-36.740000	-38.013000	-38.827000	-39.480000	-40.127000	-40.213000	-38.800000	-36.733000	-36.400000	-36.280000	-36.280000	-36.453000	-36.833000	-37.600000	-38.247000	-38.060000	-38.407000	-38.613000	-40.520000	-40.880000	-41.193000	-41.640000	-41.853000	-41.720000	-41.213000	-40.887000	-40.507000	-40.507000	-40.460000	-40.460000	-40.400000	-40.380000	-39.887000	-39.393000	-38.973000	-39.333000	-39.493000	-40.827000	-40.913000	-39.540000	-38.407000	-37.127000	-36.340000	-36.433000	-36.773000	-37.713000	-37.713000	-38.127000	-37.787000	-38.760000	-38.760000	-40.740000	-41.080000	-41.173000	-40.827000	-40.867000	-40.513000	-40.513000	-39.620000	-39.053000	-39.200000	-39.200000	-39.393000	-39.273000	-39.273000	-38.920000	-38.687000	-37.920000	-38.007000	-37.967000	-37.967000	-36.160000	-30.400000	-27.620000	-16.653000	-4.453000	-4.453000	3.000000	4.473000	2.713000	2.580000	3.407000	4.347000	4.907000	4.907000	3.960000	3.947000	3.947000	4.947000	
input7
0.000000	0.000000	0.000000	0.000000	0.000000	0.000000	0.000000	0.000000	0.000000	0.000000	0.000000	0.000000	0.000000	0.000000	0.000000	0.000000	0.000000	0.000000	0.000000	0.000000	0.000000	0.000000	0.000000	0.000000	0.000000	0.000000	0.000000	0.000000	0.000000	0.000000	0.000000	0.000000	0.000000	0.000000	0.000000	0.000000	0.000000	0.000000	0.000000	0.000000	0.000000	0.000000	0.000000	0.000000	0.000000	0.000000	0.000000	0.000000	0.000000	0.000000	0.000000	0.000000	0.000000	0.000000	0.000000	0.000000	0.000000	0.000000	0.000000	0.000000	0.000000	0.000000	0.000000	0.000000	0.000000	0.000000	0.000000	0.000000	0.000000	0.000000	0.000000	0.000000	0.000000	0.000000	0.000000	0.000000	0.000000	0.000000	0.000000	0.000000	0.000000	0.000000	0.000000	0.000000	0.000000	0.000000	0.000000	0.000000	0.000000	0.000000	0.000000	0.000000	0.000000	0.000000	0.000000	0.000000	0.000000	0.000000	0.000000	0.000000	0.000000	0.000000	0.000000	0.000000	0.000000	0.000000	0.000000	0.000000	0.000000	0.000000	0.000000	0.000000	0.000000	0.000000	0.000000	0.000000	0.000000	0.000000	0.000000	0.000000	0.000000	0.000000	0.000000	0.000000	0.000000	0.000000	0.000000	0.000000	0.000000	0.000000	0.000000	0.000000	0.000000	0.000000	0.000000	0.000000	0.000000	0.000000	0.000000	0.000000	0.000000	0.000000	0.000000	0.000000	0.000000	0.000000	0.000000	0.000000	0.000000	0.000000	0.000000	0.000000	0.000000	0.000000	0.000000	0.000000	0.000000	0.000000	0.000000	0.000000	0.000000	0.000000	0.000000	0.000000	0.000000	0.000000	0.000000	0.000000	0.000000	0.000000	0.000000	0.000000	0.000000	0.000000	0.000000	0.000000	0.000000	0.000000	0.000000	0.000000	0.000000	0.000000	0.000000	0.000000	0.000000	0.000000	0.000000	0.000000	0.000000	0.000000	0.000000	0.000000	0.000000	0.000000	0.000000	0.000000	0.000000	0.000000	0.000000	0.000000	0.000000	0.000000	0.000000	0.000000	0.000000	0.000000	0.000000	0.000000	0.000000	0.000000	0.000000	0.000000	0.000000	0.000000	0.000000	0.000000	0.000000	0.000000	0.000000	0.000000	0.000000	0.000000	0.000000	0.000000	0.000000	0.000000	0.000000	0.000000	0.000000	0.000000	0.000000	0.000000	0.000000	0.000000	0.000000	0.000000	0.000000	0.000000	0.000000	0.000000	0.000000	0.000000	0.000000	0.000000	0.000000	0.000000	0.000000	0.000000	0.000000	0.000000	0.000000	0.000000	0.000000	0.000000	0.000000	0.000000	0.000000	0.000000	0.000000	0.000000	0.000000	0.000000	0.000000	0.000000	0.000000	0.000000	0.000000	0.000000	0.000000	0.000000	0.000000	0.000000	0.000000	0.000000	0.000000	0.000000	0.000000	0.000000	0.000000	0.000000	0.000000	0.000000	0.000000	0.000000	0.000000	0.000000	0.000000	0.000000	0.000000	0.000000	0.000000	0.000000	0.000000	0.000000	0.000000	0.000000	0.000000	0.000000	0.000000	0.000000	0.000000	0.000000	0.000000	0.000000	0.000000	0.000000	0.000000	0.000000	0.000000	0.000000	0.000000	0.000000	0.000000	0.000000	0.000000	0.000000	0.000000	0.000000	0.000000	0.000000	0.000000	0.000000	0.000000	0.000000	0.000000	0.000000	0.000000	0.000000	0.000000	0.000000	0.000000	0.000000	0.000000	0.000000	0.000000	0.000000	0.000000	0.000000	0.000000	0.000000	0.000000	0.000000	0.000000	0.000000	0.000000	0.000000	0.000000	0.000000	0.000000	0.000000	0.000000	0.000000	0.000000	0.000000	0.000000	0.000000	0.000000	0.000000	0.000000	0.000000	0.000000	0.000000	0.000000	0.000000	0.000000	0.000000	0.000000	0.000000	0.000000	0.000000	0.000000	0.000000	0.000000	0.000000	0.000000	0.000000	0.000000	0.000000	0.000000	0.000000	0.000000	0.000000	0.000000	0.000000	0.000000	0.000000	0.000000	0.000000	0.000000	0.000000	0.000000	0.000000	0.000000	0.000000	0.000000	0.000000	0.000000	0.000000	0.000000	0.000000	0.000000	0.000000	0.000000	0.000000	0.000000	0.000000	0.000000	0.000000	0.000000	0.000000	0.000000	0.000000	0.000000	0.000000	0.000000	0.000000	0.000000	0.000000	0.000000	0.000000	0.000000	0.000000	0.000000	0.000000	0.000000	0.000000	0.000000	0.000000	0.000000	0.000000	0.000000	0.000000	0.000000	0.000000	0.000000	0.000000	0.000000	0.000000	0.000000	0.000000	0.000000	0.000000	0.000000	0.000000	0.000000	0.000000	0.000000	0.000000	0.000000	0.000000	0.000000	0.000000	0.000000	0.000000	0.000000	0.000000	0.000000	0.000000	0.000000	0.000000	0.000000	0.000000	0.000000	0.000000	0.000000	0.000000	0.000000	0.000000	0.000000	0.000000	0.000000	0.000000	0.000000	0.000000	
input8
0.000000	0.000000	0.000000	0.000000	0.000000	0.000000	0.000000	0.000000	0.000000	0.000000	0.000000	0.000000	0.000000	0.000000	0.000000	0.000000	0.000000	0.000000	0.000000	0.000000	0.000000	0.000000	0.000000	0.000000	0.000000	0.000000	0.000000	0.000000	0.000000	0.000000	0.000000	0.000000	0.000000	0.000000	0.000000	0.000000	0.000000	0.000000	0.000000	0.000000	0.000000	0.000000	0.000000	0.000000	0.000000	0.000000	0.000000	0.000000	0.000000	0.000000	0.000000	0.000000	0.000000	0.000000	0.000000	0.000000	0.000000	0.000000	0.000000	0.000000	0.000000	0.000000	0.000000	0.000000	0.000000	0.000000	0.000000	0.000000	0.000000	0.000000	0.000000	0.000000	0.000000	0.000000	0.000000	0.000000	0.000000	0.000000	0.000000	0.000000	0.000000	0.000000	0.000000	0.000000	0.000000	0.000000	0.000000	0.000000	0.000000	0.000000	0.000000	0.000000	0.000000	0.000000	0.000000	0.000000	0.000000	0.000000	0.000000	0.000000	0.000000	0.000000	0.000000	0.000000	0.000000	0.000000	0.000000	0.000000	0.000000	0.000000	0.000000	0.000000	0.000000	0.000000	0.000000	0.000000	0.000000	0.000000	0.000000	0.000000	0.000000	0.000000	0.000000	0.000000	0.000000	0.000000	0.000000	0.000000	0.000000	0.000000	0.000000	0.000000	0.000000	0.000000	0.000000	0.000000	0.000000	0.000000	0.000000	0.000000	0.000000	0.000000	0.000000	0.000000	0.000000	0.000000	0.000000	0.000000	0.000000	0.000000	0.000000	0.000000	0.000000	0.000000	0.000000	0.000000	0.000000	0.000000	0.000000	0.000000	0.000000	0.000000	0.000000	0.000000	0.000000	0.000000	0.000000	0.000000	0.000000	0.000000	0.000000	0.000000	0.000000	0.000000	0.000000	0.000000	0.000000	0.000000	0.000000	0.000000	0.000000	0.000000	0.000000	0.000000	0.000000	0.000000	0.000000	0.000000	0.000000	0.000000	0.000000	0.000000	0.000000	0.000000	0.000000	0.000000	0.000000	0.000000	0.000000	0.000000	0.000000	0.000000	0.000000	0.000000	0.000000	0.000000	0.000000	0.000000	0.000000	0.000000	0.000000	0.000000	0.000000	0.000000	0.000000	0.000000	0.000000	0.000000	0.000000	0.000000	0.000000	0.000000	0.000000	0.000000	0.000000	0.000000	0.000000	0.000000	0.000000	0.000000	0.000000	0.000000	0.000000	0.000000	0.000000	0.000000	0.000000	0.000000	0.000000	0.000000	0.000000	0.000000	0.000000	0.000000	0.000000	0.000000	0.000000	0.000000	0.000000	0.000000	0.000000	0.000000	0.000000	0.000000	0.000000	0.000000	0.000000	0.000000	0.000000	0.000000	0.000000	0.000000	0.000000	0.000000	0.000000	0.000000	0.000000	0.000000	0.000000	0.000000	0.000000	0.000000	0.000000	0.000000	0.000000	0.000000	0.000000	0.000000	0.000000	0.000000	0.000000	0.000000	0.000000	0.000000	0.000000	0.000000	0.000000	0.000000	0.000000	0.000000	0.000000	0.000000	0.000000	0.000000	0.000000	0.000000	0.000000	0.000000	0.000000	0.000000	0.000000	0.000000	0.000000	0.000000	0.000000	0.000000	0.000000	0.000000	0.000000	0.000000	0.000000	0.000000	0.000000	0.000000	0.000000	0.000000	0.000000	0.000000	0.000000	0.000000	0.000000	0.000000	0.000000	0.000000	0.000000	0.000000	0.000000	0.000000	0.000000	0.000000	0.000000	0.000000	0.000000	0.000000	0.000000	0.000000	0.000000	0.000000	0.000000	0.000000	0.000000	0.000000	0.000000	0.000000	0.000000	0.000000	0.000000	0.000000	0.000000	0.000000	0.000000	0.000000	0.000000	0.000000	0.000000	0.000000	0.000000	0.000000	0.000000	0.000000	0.000000	0.000000	0.000000	0.000000	0.000000	0.000000	0.000000	0.000000	0.000000	0.000000	0.000000	0.000000	0.000000	0.000000	0.000000	0.000000	0.000000	0.000000	0.000000	0.000000	0.000000	0.000000	0.000000	0.000000	0.000000	0.000000	0.000000	0.000000	0.000000	0.000000	0.000000	0.000000	0.000000	0.000000	0.000000	0.000000	0.000000	0.000000	0.000000	0.000000	0.000000	0.000000	0.000000	0.000000	0.000000	0.000000	0.000000	0.000000	0.000000	0.000000	0.000000	0.000000	0.000000	0.000000	0.000000	0.000000	0.000000	0.000000	0.000000	0.000000	0.000000	0.000000	0.000000	0.000000	0.000000	0.000000	0.000000	0.000000	0.000000	0.000000	0.000000	0.000000	0.000000	0.000000	0.000000	0.000000	0.000000	0.000000	0.000000	0.000000	0.000000	0.000000	0.000000	0.000000	0.000000	0.000000	0.000000	0.000000	0.000000	0.000000	0.000000	0.000000	0.000000	0.000000	0.000000	0.000000	0.000000	0.000000	0.000000	0.000000	0.000000	0.000000	0.000000	0.000000	0.000000	0.000000	0.000000	0.000000	0.000000	0.000000	0.000000	0.000000	0.000000	0.000000	
input9
0.000000	0.000000	0.000000	0.000000	0.000000	0.000000	0.000000	0.000000	0.000000	0.000000	0.000000	0.000000	0.000000	0.000000	0.000000	0.000000	0.000000	0.000000	0.000000	0.000000	0.000000	0.000000	0.000000	0.000000	0.000000	0.000000	0.000000	0.000000	0.000000	0.000000	0.000000	0.000000	0.000000	0.000000	0.000000	0.000000	0.000000	0.000000	0.000000	0.000000	0.000000	0.000000	0.000000	0.000000	0.000000	0.000000	0.000000	0.000000	0.000000	0.000000	0.000000	0.000000	0.000000	0.000000	0.000000	0.000000	0.000000	0.000000	0.000000	0.000000	0.000000	0.000000	0.000000	0.000000	0.000000	0.000000	0.000000	0.000000	0.000000	0.000000	0.000000	0.000000	0.000000	0.000000	0.000000	0.000000	0.000000	0.000000	0.000000	0.000000	0.000000	0.000000	0.000000	0.000000	0.000000	0.000000	0.000000	0.000000	0.000000	0.000000	0.000000	0.000000	0.000000	0.000000	0.000000	0.000000	0.000000	0.000000	0.000000	0.000000	0.000000	0.000000	0.000000	0.000000	0.000000	0.000000	0.000000	0.000000	0.000000	0.000000	0.000000	0.000000	0.000000	0.000000	0.000000	0.000000	0.000000	0.000000	0.000000	0.000000	0.000000	0.000000	0.000000	0.000000	0.000000	0.000000	0.000000	0.000000	0.000000	0.000000	0.000000	0.000000	0.000000	0.000000	0.000000	0.000000	0.000000	0.000000	0.000000	0.000000	0.000000	0.000000	0.000000	0.000000	0.000000	0.000000	0.000000	0.000000	0.000000	0.000000	0.000000	0.000000	0.000000	0.000000	0.000000	0.000000	0.000000	0.000000	0.000000	0.000000	0.000000	0.000000	0.000000	0.000000	0.000000	0.000000	0.000000	0.000000	0.000000	0.000000	0.000000	0.000000	0.000000	0.000000	0.000000	0.000000	0.000000	0.000000	0.000000	0.000000	0.000000	0.000000	0.000000	0.000000	0.000000	0.000000	0.000000	0.000000	0.000000	0.000000	0.000000	0.000000	0.000000	0.000000	0.000000	0.000000	0.000000	0.000000	0.000000	0.000000	0.000000	0.000000	0.000000	0.000000	0.000000	0.000000	0.000000	0.000000	0.000000	0.000000	0.000000	0.000000	0.000000	0.000000	0.000000	0.000000	0.000000	0.000000	0.000000	0.000000	0.000000	0.000000	0.000000	0.000000	0.000000	0.000000	0.000000	0.000000	0.000000	0.000000	0.000000	0.000000	0.000000	0.000000	0.000000	0.000000	0.000000	0.000000	0.000000	0.000000	0.000000	0.000000	0.000000	0.000000	0.000000	0.000000	0.000000	0.000000	0.000000	0.000000	0.000000	0.000000	0.000000	0.000000	0.000000	0.000000	0.000000	0.000000	0.000000	0.000000	0.000000	0.000000	0.000000	0.000000	0.000000	0.000000	0.000000	0.000000	0.000000	0.000000	0.000000	0.000000	0.000000	0.000000	0.000000	0.000000	0.000000	0.000000	0.000000	0.000000	0.000000	0.000000	0.000000	0.000000	0.000000	0.000000	0.000000	0.000000	0.000000	0.000000	0.000000	0.000000	0.000000	0.000000	0.000000	0.000000	0.000000	0.000000	0.000000	0.000000	0.000000	0.000000	0.000000	0.000000	0.000000	0.000000	0.000000	0.000000	0.000000	0.000000	0.000000	0.000000	0.000000	0.000000	0.000000	0.000000	0.000000	0.000000	0.000000	0.000000	0.000000	0.000000	0.000000	0.000000	0.000000	0.000000	0.000000	0.000000	0.000000	0.000000	0.000000	0.000000	0.000000	0.000000	0.000000	0.000000	0.000000	0.000000	0.000000	0.000000	0.000000	0.000000	0.000000	0.000000	0.000000	0.000000	0.000000	0.000000	0.000000	0.000000	0.000000	0.000000	0.000000	0.000000	0.000000	0.000000	0.000000	0.000000	0.000000	0.000000	0.000000	0.000000	0.000000	0.000000	0.000000	0.000000	0.000000	0.000000	0.000000	0.000000	0.000000	0.000000	0.000000	0.000000	0.000000	0.000000	0.000000	0.000000	0.000000	0.000000	0.000000	0.000000	0.000000	0.000000	0.000000	0.000000	0.000000	0.000000	0.000000	0.000000	0.000000	0.000000	0.000000	0.000000	0.000000	0.000000	0.000000	0.000000	0.000000	0.000000	0.000000	0.000000	0.000000	0.000000	0.000000	0.000000	0.000000	0.000000	0.000000	0.000000	0.000000	0.000000	0.000000	0.000000	0.000000	0.000000	0.000000	0.000000	0.000000	0.000000	0.000000	0.000000	0.000000	0.000000	0.000000	0.000000	0.000000	0.000000	0.000000	0.000000	0.000000	0.000000	0.000000	0.000000	0.000000	0.000000	0.000000	0.000000	0.000000	0.000000	0.000000	0.000000	0.000000	0.000000	0.000000	0.000000	0.000000	0.000000	0.000000	0.000000	0.000000	0.000000	0.000000	0.000000	0.000000	0.000000	0.000000	0.000000	0.000000	0.000000	0.000000	0.000000	0.000000	0.000000	0.000000	0.000000	0.000000	0.000000	0.000000	0.000000	0.000000	0.000000	0.000000	0.000000	
input10
0.000000	0.000000	0.000000	0.000000	0.000000	0.000000	0.000000	0.000000	0.000000	0.000000	0.000000	0.000000	0.000000	0.000000	0.000000	0.000000	0.000000	0.000000	0.000000	0.000000	0.000000	0.000000	0.000000	0.000000	0.000000	0.000000	0.000000	0.000000	0.000000	0.000000	0.000000	0.000000	0.000000	0.000000	0.000000	0.000000	0.000000	0.000000	0.000000	0.000000	0.000000	0.000000	0.000000	0.000000	0.000000	0.000000	0.000000	0.000000	0.000000	0.000000	0.000000	0.000000	0.000000	0.000000	0.000000	0.000000	0.000000	0.000000	0.000000	0.000000	0.000000	0.000000	0.000000	0.000000	0.000000	0.000000	0.000000	0.000000	0.000000	0.000000	0.000000	0.000000	0.000000	0.000000	0.000000	0.000000	0.000000	0.000000	0.000000	0.000000	0.000000	0.000000	0.000000	0.000000	0.000000	0.000000	0.000000	0.000000	0.000000	0.000000	0.000000	0.000000	0.000000	0.000000	0.000000	0.000000	0.000000	0.000000	0.000000	0.000000	0.000000	0.000000	0.000000	0.000000	0.000000	0.000000	0.000000	0.000000	0.000000	0.000000	0.000000	0.000000	0.000000	0.000000	0.000000	0.000000	0.000000	0.000000	0.000000	0.000000	0.000000	0.000000	0.000000	0.000000	0.000000	0.000000	0.000000	0.000000	0.000000	0.000000	0.000000	0.000000	0.000000	0.000000	0.000000	0.000000	0.000000	0.000000	0.000000	0.000000	0.000000	0.000000	0.000000	0.000000	0.000000	0.000000	0.000000	0.000000	0.000000	0.000000	0.000000	0.000000	0.000000	0.000000	0.000000	0.000000	0.000000	0.000000	0.000000	0.000000	0.000000	0.000000	0.000000	0.000000	0.000000	0.000000	0.000000	0.000000	0.000000	0.000000	0.000000	0.000000	0.000000	0.000000	0.000000	0.000000	0.000000	0.000000	0.000000	0.000000	0.000000	0.000000	0.000000	0.000000	0.000000	0.000000	0.000000	0.000000	0.000000	0.000000	0.000000	0.000000	0.000000	0.000000	0.000000	0.000000	0.000000	0.000000	0.000000	0.000000	0.000000	0.000000	0.000000	0.000000	0.000000	0.000000	0.000000	0.000000	0.000000	0.000000	0.000000	0.000000	0.000000	0.000000	0.000000	0.000000	0.000000	0.000000	0.000000	0.000000	0.000000	0.000000	0.000000	0.000000	0.000000	0.000000	0.000000	0.000000	0.000000	0.000000	0.000000	0.000000	0.000000	0.000000	0.000000	0.000000	0.000000	0.000000	0.000000	0.000000	0.000000	0.000000	0.000000	0.000000	0.000000	0.000000	0.000000	0.000000	0.000000	0.000000	0.000000	0.000000	0.000000	0.000000	0.000000	0.000000	0.000000	0.000000	0.000000	0.000000	0.000000	0.000000	0.000000	0.000000	0.000000	0.000000	0.000000	0.000000	0.000000	0.000000	0.000000	0.000000	0.000000	0.000000	0.000000	0.000000	0.000000	0.000000	0.000000	0.000000	0.000000	0.000000	0.000000	0.000000	0.000000	0.000000	0.000000	0.000000	0.000000	0.000000	0.000000	0.000000	0.000000	0.000000	0.000000	0.000000	0.000000	0.000000	0.000000	0.000000	0.000000	0.000000	0.000000	0.000000	0.000000	0.000000	0.000000	0.000000	0.000000	0.000000	0.000000	0.000000	0.000000	0.000000	0.000000	0.000000	0.000000	0.000000	0.000000	0.000000	0.000000	0.000000	0.000000	0.000000	0.000000	0.000000	0.000000	0.000000	0.000000	0.000000	0.000000	0.000000	0.000000	0.000000	0.000000	0.000000	0.000000	0.000000	0.000000	0.000000	0.000000	0.000000	0.000000	0.000000	0.000000	0.000000	0.000000	0.000000	0.000000	0.000000	0.000000	0.000000	0.000000	0.000000	0.000000	0.000000	0.000000	0.000000	0.000000	0.000000	0.000000	0.000000	0.000000	0.000000	0.000000	0.000000	0.000000	0.000000	0.000000	0.000000	0.000000	0.000000	0.000000	0.000000	0.000000	0.000000	0.000000	0.000000	0.000000	0.000000	0.000000	0.000000	0.000000	0.000000	0.000000	0.000000	0.000000	0.000000	0.000000	0.000000	0.000000	0.000000	0.000000	0.000000	0.000000	0.000000	0.000000	0.000000	0.000000	0.000000	0.000000	0.000000	0.000000	0.000000	0.000000	0.000000	0.000000	0.000000	0.000000	0.000000	0.000000	0.000000	0.000000	0.000000	0.000000	0.000000	0.000000	0.000000	0.000000	0.000000	0.000000	0.000000	0.000000	0.000000	0.000000	0.000000	0.000000	0.000000	0.000000	0.000000	0.000000	0.000000	0.000000	0.000000	0.000000	0.000000	0.000000	0.000000	0.000000	0.000000	0.000000	0.000000	0.000000	0.000000	0.000000	0.000000	0.000000	0.000000	0.000000	0.000000	0.000000	0.000000	0.000000	0.000000	0.000000	0.000000	0.000000	0.000000	0.000000	0.000000	0.000000	0.000000	0.000000	0.000000	0.000000	0.000000	0.000000	0.000000	0.000000	0.000000	0.000000	0.000000	0.000000	0.000000	
input11
0.000000	0.000000	0.000000	0.000000	0.000000	0.000000	0.000000	0.000000	0.000000	0.000000	0.000000	0.000000	0.000000	0.000000	0.000000	0.000000	0.000000	0.000000	0.000000	0.000000	0.000000	0.000000	0.000000	0.000000	0.000000	0.000000	0.000000	0.000000	0.000000	0.000000	0.000000	0.000000	0.000000	0.000000	0.000000	0.000000	0.000000	0.000000	0.000000	0.000000	0.000000	0.000000	0.000000	0.000000	0.000000	0.000000	0.000000	0.000000	0.000000	0.000000	0.000000	0.000000	0.000000	0.000000	0.000000	0.000000	0.000000	0.000000	0.000000	0.000000	0.000000	0.000000	0.000000	0.000000	0.000000	0.000000	0.000000	0.000000	0.000000	0.000000	0.000000	0.000000	0.000000	0.000000	0.000000	0.000000	0.000000	0.000000	0.000000	0.000000	0.000000	0.000000	0.000000	0.000000	0.000000	0.000000	0.000000	0.000000	0.000000	0.000000	0.000000	0.000000	0.000000	0.000000	0.000000	0.000000	0.000000	0.000000	0.000000	0.000000	0.000000	0.000000	0.000000	0.000000	0.000000	0.000000	0.000000	0.000000	0.000000	0.000000	0.000000	0.000000	0.000000	0.000000	0.000000	0.000000	0.000000	0.000000	0.000000	0.000000	0.000000	0.000000	0.000000	0.000000	0.000000	0.000000	0.000000	0.000000	0.000000	0.000000	0.000000	0.000000	0.000000	0.000000	0.000000	0.000000	0.000000	0.000000	0.000000	0.000000	0.000000	0.000000	0.000000	0.000000	0.000000	0.000000	0.000000	0.000000	0.000000	0.000000	0.000000	0.000000	0.000000	0.000000	0.000000	0.000000	0.000000	0.000000	0.000000	0.000000	0.000000	0.000000	0.000000	0.000000	0.000000	0.000000	0.000000	0.000000	0.000000	0.000000	0.000000	0.000000	0.000000	0.000000	0.000000	0.000000	0.000000	0.000000	0.000000	0.000000	0.000000	0.000000	0.000000	0.000000	0.000000	0.000000	0.000000	0.000000	0.000000	0.000000	0.000000	0.000000	0.000000	0.000000	0.000000	0.000000	0.000000	0.000000	0.000000	0.000000	0.000000	0.000000	0.000000	0.000000	0.000000	0.000000	0.000000	0.000000	0.000000	0.000000	0.000000	0.000000	0.000000	0.000000	0.000000	0.000000	0.000000	0.000000	0.000000	0.000000	0.000000	0.000000	0.000000	0.000000	0.000000	0.000000	0.000000	0.000000	0.000000	0.000000	0.000000	0.000000	0.000000	0.000000	0.000000	0.000000	0.000000	0.000000	0.000000	0.000000	0.000000	0.000000	0.000000	0.000000	0.000000	0.000000	0.000000	0.000000	0.000000	0.000000	0.000000	0.000000	0.000000	0.000000	0.000000	0.000000	0.000000	0.000000	0.000000	0.000000	0.000000	0.000000	0.000000	0.000000	0.000000	0.000000	0.000000	0.000000	0.000000	0.000000	0.000000	0.000000	0.000000	0.000000	0.000000	0.000000	0.000000	0.000000	0.000000	0.000000	0.000000	0.000000	0.000000	0.000000	0.000000	0.000000	0.000000	0.000000	0.000000	0.000000	0.000000	0.000000	0.000000	0.000000	0.000000	0.000000	0.000000	0.000000	0.000000	0.000000	0.000000	0.000000	0.000000	0.000000	0.000000	0.000000	0.000000	0.000000	0.000000	0.000000	0.000000	0.000000	0.000000	0.000000	0.000000	0.000000	0.000000	0.000000	0.000000	0.000000	0.000000	0.000000	0.000000	0.000000	0.000000	0.000000	0.000000	0.000000	0.000000	0.000000	0.000000	0.000000	0.000000	0.000000	0.000000	0.000000	0.000000	0.000000	0.000000	0.000000	0.000000	0.000000	0.000000	0.000000	0.000000	0.000000	0.000000	0.000000	0.000000	0.000000	0.000000	0.000000	0.000000	0.000000	0.000000	0.000000	0.000000	0.000000	0.000000	0.000000	0.000000	0.000000	0.000000	0.000000	0.000000	0.000000	0.000000	0.000000	0.000000	0.000000	0.000000	0.000000	0.000000	0.000000	0.000000	0.000000	0.000000	0.000000	0.000000	0.000000	0.000000	0.000000	0.000000	0.000000	0.000000	0.000000	0.000000	0.000000	0.000000	0.000000	0.000000	0.000000	0.000000	0.000000	0.000000	0.000000	0.000000	0.000000	0.000000	0.000000	0.000000	0.000000	0.000000	0.000000	0.000000	0.000000	0.000000	0.000000	0.000000	0.000000	0.000000	0.000000	0.000000	0.000000	0.000000	0.000000	0.000000	0.000000	0.000000	0.000000	0.000000	0.000000	0.000000	0.000000	0.000000	0.000000	0.000000	0.000000	0.000000	0.000000	0.000000	0.000000	0.000000	0.000000	0.000000	0.000000	0.000000	0.000000	0.000000	0.000000	0.000000	0.000000	0.000000	0.000000	0.000000	0.000000	0.000000	0.000000	0.000000	0.000000	0.000000	0.000000	0.000000	0.000000	0.000000	0.000000	0.000000	0.000000	0.000000	0.000000	0.000000	0.000000	0.000000	0.000000	0.000000	0.000000	0.000000	0.000000	0.000000	0.000000	0.000000	0.000000	0.000000	0.000000	
input12
0.000000	0.000000	0.000000	0.000000	0.000000	0.000000	0.000000	0.000000	0.000000	0.000000	0.000000	0.000000	0.000000	0.000000	0.000000	0.000000	0.000000	0.000000	0.000000	0.000000	0.000000	0.000000	0.000000	0.000000	0.000000	0.000000	0.000000	0.000000	0.000000	0.000000	0.000000	0.000000	0.000000	0.000000	0.000000	0.000000	0.000000	0.000000	0.000000	0.000000	0.000000	0.000000	0.000000	0.000000	0.000000	0.000000	0.000000	0.000000	0.000000	0.000000	0.000000	0.000000	0.000000	0.000000	0.000000	0.000000	0.000000	0.000000	0.000000	0.000000	0.000000	0.000000	0.000000	0.000000	0.000000	0.000000	0.000000	0.000000	0.000000	0.000000	0.000000	0.000000	0.000000	0.000000	0.000000	0.000000	0.000000	0.000000	0.000000	0.000000	0.000000	0.000000	0.000000	0.000000	0.000000	0.000000	0.000000	0.000000	0.000000	0.000000	0.000000	0.000000	0.000000	0.000000	0.000000	0.000000	0.000000	0.000000	0.000000	0.000000	0.000000	0.000000	0.000000	0.000000	0.000000	0.000000	0.000000	0.000000	0.000000	0.000000	0.000000	0.000000	0.000000	0.000000	0.000000	0.000000	0.000000	0.000000	0.000000	0.000000	0.000000	0.000000	0.000000	0.000000	0.000000	0.000000	0.000000	0.000000	0.000000	0.000000	0.000000	0.000000	0.000000	0.000000	0.000000	0.000000	0.000000	0.000000	0.000000	0.000000	0.000000	0.000000	0.000000	0.000000	0.000000	0.000000	0.000000	0.000000	0.000000	0.000000	0.000000	0.000000	0.000000	0.000000	0.000000	0.000000	0.000000	0.000000	0.000000	0.000000	0.000000	0.000000	0.000000	0.000000	0.000000	0.000000	0.000000	0.000000	0.000000	0.000000	0.000000	0.000000	0.000000	0.000000	0.000000	0.000000	0.000000	0.000000	0.000000	0.000000	0.000000	0.000000	0.000000	0.000000	0.000000	0.000000	0.000000	0.000000	0.000000	0.000000	0.000000	0.000000	0.000000	0.000000	0.000000	0.000000	0.000000	0.000000	0.000000	0.000000	0.000000	0.000000	0.000000	0.000000	0.000000	0.000000	0.000000	0.000000	0.000000	0.000000	0.000000	0.000000	0.000000	0.000000	0.000000	0.000000	0.000000	0.000000	0.000000	0.000000	0.000000	0.000000	0.000000	0.000000	0.000000	0.000000	0.000000	0.000000	0.000000	0.000000	0.000000	0.000000	0.000000	0.000000	0.000000	0.000000	0.000000	0.000000	0.000000	0.000000	0.000000	0.000000	0.000000	0.000000	0.000000	0.000000	0.000000	0.000000	0.000000	0.000000	0.000000	0.000000	0.000000	0.000000	0.000000	0.000000	0.000000	0.000000	0.000000	0.000000	0.000000	0.000000	0.000000	0.000000	0.000000	0.000000	0.000000	0.000000	0.000000	0.000000	0.000000	0.000000	0.000000	0.000000	0.000000	0.000000	0.000000	0.000000	0.000000	0.000000	0.000000	0.000000	0.000000	0.000000	0.000000	0.000000	0.000000	0.000000	0.000000	0.000000	0.000000	0.000000	0.000000	0.000000	0.000000	0.000000	0.000000	0.000000	0.000000	0.000000	0.000000	0.000000	0.000000	0.000000	0.000000	0.000000	0.000000	0.000000	0.000000	0.000000	0.000000	0.000000	0.000000	0.000000	0.000000	0.000000	0.000000	0.000000	0.000000	0.000000	0.000000	0.000000	0.000000	0.000000	0.000000	0.000000	0.000000	0.000000	0.000000	0.000000	0.000000	0.000000	0.000000	0.000000	0.000000	0.000000	0.000000	0.000000	0.000000	0.000000	0.000000	0.000000	0.000000	0.000000	0.000000	0.000000	0.000000	0.000000	0.000000	0.000000	0.000000	0.000000	0.000000	0.000000	0.000000	0.000000	0.000000	0.000000	0.000000	0.000000	0.000000	0.000000	0.000000	0.000000	0.000000	0.000000	0.000000	0.000000	0.000000	0.000000	0.000000	0.000000	0.000000	0.000000	0.000000	0.000000	0.000000	0.000000	0.000000	0.000000	0.000000	0.000000	0.000000	0.000000	0.000000	0.000000	0.000000	0.000000	0.000000	0.000000	0.000000	0.000000	0.000000	0.000000	0.000000	0.000000	0.000000	0.000000	0.000000	0.000000	0.000000	0.000000	0.000000	0.000000	0.000000	0.000000	0.000000	0.000000	0.000000	0.000000	0.000000	0.000000	0.000000	0.000000	0.000000	0.000000	0.000000	0.000000	0.000000	0.000000	0.000000	0.000000	0.000000	0.000000	0.000000	0.000000	0.000000	0.000000	0.000000	0.000000	0.000000	0.000000	0.000000	0.000000	0.000000	0.000000	0.000000	0.000000	0.000000	0.000000	0.000000	0.000000	0.000000	0.000000	0.000000	0.000000	0.000000	0.000000	0.000000	0.000000	0.000000	0.000000	0.000000	0.000000	0.000000	0.000000	0.000000	0.000000	0.000000	0.000000	0.000000	0.000000	0.000000	0.000000	0.000000	0.000000	0.000000	0.000000	0.000000	0.000000	0.000000	0.000000	0.000000	0.000000	
input13
0.000000	0.000000	0.000000	0.000000	0.000000	0.000000	0.000000	0.000000	0.000000	0.000000	0.000000	0.000000	0.000000	0.000000	0.000000	0.000000	0.000000	0.000000	0.000000	0.000000	0.000000	0.000000	0.000000	0.000000	0.000000	0.000000	0.000000	0.000000	0.000000	0.000000	0.000000	0.000000	0.000000	0.000000	0.000000	0.000000	0.000000	0.000000	0.000000	0.000000	0.000000	0.000000	0.000000	0.000000	0.000000	0.000000	0.000000	0.000000	0.000000	0.000000	0.000000	0.000000	0.000000	0.000000	0.000000	0.000000	0.000000	0.000000	0.000000	0.000000	0.000000	0.000000	0.000000	0.000000	0.000000	0.000000	0.000000	0.000000	0.000000	0.000000	0.000000	0.000000	0.000000	0.000000	0.000000	0.000000	0.000000	0.000000	0.000000	0.000000	0.000000	0.000000	0.000000	0.000000	0.000000	0.000000	0.000000	0.000000	0.000000	0.000000	0.000000	0.000000	0.000000	0.000000	0.000000	0.000000	0.000000	0.000000	0.000000	0.000000	0.000000	0.000000	0.000000	0.000000	0.000000	0.000000	0.000000	0.000000	0.000000	0.000000	0.000000	0.000000	0.000000	0.000000	0.000000	0.000000	0.000000	0.000000	0.000000	0.000000	0.000000	0.000000	0.000000	0.000000	0.000000	0.000000	0.000000	0.000000	0.000000	0.000000	0.000000	0.000000	0.000000	0.000000	0.000000	0.000000	0.000000	0.000000	0.000000	0.000000	0.000000	0.000000	0.000000	0.000000	0.000000	0.000000	0.000000	0.000000	0.000000	0.000000	0.000000	0.000000	0.000000	0.000000	0.000000	0.000000	0.000000	0.000000	0.000000	0.000000	0.000000	0.000000	0.000000	0.000000	0.000000	0.000000	0.000000	0.000000	0.000000	0.000000	0.000000	0.000000	0.000000	0.000000	0.000000	0.000000	0.000000	0.000000	0.000000	0.000000	0.000000	0.000000	0.000000	0.000000	0.000000	0.000000	0.000000	0.000000	0.000000	0.000000	0.000000	0.000000	0.000000	0.000000	0.000000	0.000000	0.000000	0.000000	0.000000	0.000000	0.000000	0.000000	0.000000	0.000000	0.000000	0.000000	0.000000	0.000000	0.000000	0.000000	0.000000	0.000000	0.000000	0.000000	0.000000	0.000000	0.000000	0.000000	0.000000	0.000000	0.000000	0.000000	0.000000	0.000000	0.000000	0.000000	0.000000	0.000000	0.000000	0.000000	0.000000	0.000000	0.000000	0.000000	0.000000	0.000000	0.000000	0.000000	0.000000	0.000000	0.000000	0.000000	0.000000	0.000000	0.000000	0.000000	0.000000	0.000000	0.000000	0.000000	0.000000	0.000000	0.000000	0.000000	0.000000	0.000000	0.000000	0.000000	0.000000	0.000000	0.000000	0.000000	0.000000	0.000000	0.000000	0.000000	0.000000	0.000000	0.000000	0.000000	0.000000	0.000000	0.000000	0.000000	0.000000	0.000000	0.000000	0.000000	0.000000	0.000000	0.000000	0.000000	0.000000	0.000000	0.000000	0.000000	0.000000	0.000000	0.000000	0.000000	0.000000	0.000000	0.000000	0.000000	0.000000	0.000000	0.000000	0.000000	0.000000	0.000000	0.000000	0.000000	0.000000	0.000000	0.000000	0.000000	0.000000	0.000000	0.000000	0.000000	0.000000	0.000000	0.000000	0.000000	0.000000	0.000000	0.000000	0.000000	0.000000	0.000000	0.000000	0.000000	0.000000	0.000000	0.000000	0.000000	0.000000	0.000000	0.000000	0.000000	0.000000	0.000000	0.000000	0.000000	0.000000	0.000000	0.000000	0.000000	0.000000	0.000000	0.000000	0.000000	0.000000	0.000000	0.000000	0.000000	0.000000	0.000000	0.000000	0.000000	0.000000	0.000000	0.000000	0.000000	0.000000	0.000000	0.000000	0.000000	0.000000	0.000000	0.000000	0.000000	0.000000	0.000000	0.000000	0.000000	0.000000	0.000000	0.000000	0.000000	0.000000	0.000000	0.000000	0.000000	0.000000	0.000000	0.000000	0.000000	0.000000	0.000000	0.000000	0.000000	0.000000	0.000000	0.000000	0.000000	0.000000	0.000000	0.000000	0.000000	0.000000	0.000000	0.000000	0.000000	0.000000	0.000000	0.000000	0.000000	0.000000	0.000000	0.000000	0.000000	0.000000	0.000000	0.000000	0.000000	0.000000	0.000000	0.000000	0.000000	0.000000	0.000000	0.000000	0.000000	0.000000	0.000000	0.000000	0.000000	0.000000	0.000000	0.000000	0.000000	0.000000	0.000000	0.000000	0.000000	0.000000	0.000000	0.000000	0.000000	0.000000	0.000000	0.000000	0.000000	0.000000	0.000000	0.000000	0.000000	0.000000	0.000000	0.000000	0.000000	0.000000	0.000000	0.000000	0.000000	0.000000	0.000000	0.000000	0.000000	0.000000	0.000000	0.000000	0.000000	0.000000	0.000000	0.000000	0.000000	0.000000	0.000000	0.000000	0.000000	0.000000	0.000000	0.000000	0.000000	0.000000	0.000000	0.000000	0.000000	0.000000	0.000000	0.000000	0.000000	
input14
0.000000	0.000000	0.000000	0.000000	0.000000	0.000000	0.000000	0.000000	0.000000	0.000000	0.000000	0.000000	0.000000	0.000000	0.000000	0.000000	0.000000	0.000000	0.000000	0.000000	0.000000	0.000000	0.000000	0.000000	0.000000	0.000000	0.000000	0.000000	0.000000	0.000000	0.000000	0.000000	0.000000	0.000000	0.000000	0.000000	0.000000	0.000000	0.000000	0.000000	0.000000	0.000000	0.000000	0.000000	0.000000	0.000000	0.000000	0.000000	0.000000	0.000000	0.000000	0.000000	0.000000	0.000000	0.000000	0.000000	0.000000	0.000000	0.000000	0.000000	0.000000	0.000000	0.000000	0.000000	0.000000	0.000000	0.000000	0.000000	0.000000	0.000000	0.000000	0.000000	0.000000	0.000000	0.000000	0.000000	0.000000	0.000000	0.000000	0.000000	0.000000	0.000000	0.000000	0.000000	0.000000	0.000000	0.000000	0.000000	0.000000	0.000000	0.000000	0.000000	0.000000	0.000000	0.000000	0.000000	0.000000	0.000000	0.000000	0.000000	0.000000	0.000000	0.000000	0.000000	0.000000	0.000000	0.000000	0.000000	0.000000	0.000000	0.000000	0.000000	0.000000	0.000000	0.000000	0.000000	0.000000	0.000000	0.000000	0.000000	0.000000	0.000000	0.000000	0.000000	0.000000	0.000000	0.000000	0.000000	0.000000	0.000000	0.000000	0.000000	0.000000	0.000000	0.000000	0.000000	0.000000	0.000000	0.000000	0.000000	0.000000	0.000000	0.000000	0.000000	0.000000	0.000000	0.000000	0.000000	0.000000	0.000000	0.000000	0.000000	0.000000	0.000000	0.000000	0.000000	0.000000	0.000000	0.000000	0.000000	0.000000	0.000000	0.000000	0.000000	0.000000	0.000000	0.000000	0.000000	0.000000	0.000000	0.000000	0.000000	0.000000	0.000000	0.000000	0.000000	0.000000	0.000000	0.000000	0.000000	0.000000	0.000000	0.000000	0.000000	0.000000	0.000000	0.000000	0.000000	0.000000	0.000000	0.000000	0.000000	0.000000	0.000000	0.000000	0.000000	0.000000	0.000000	0.000000	0.000000	0.000000	0.000000	0.000000	0.000000	0.000000	0.000000	0.000000	0.000000	0.000000	0.000000	0.000000	0.000000	0.000000	0.000000	0.000000	0.000000	0.000000	0.000000	0.000000	0.000000	0.000000	0.000000	0.000000	0.000000	0.000000	0.000000	0.000000	0.000000	0.000000	0.000000	0.000000	0.000000	0.000000	0.000000	0.000000	0.000000	0.000000	0.000000	0.000000	0.000000	0.000000	0.000000	0.000000	0.000000	0.000000	0.000000	0.000000	0.000000	0.000000	0.000000	0.000000	0.000000	0.000000	0.000000	0.000000	0.000000	0.000000	0.000000	0.000000	0.000000	0.000000	0.000000	0.000000	0.000000	0.000000	0.000000	0.000000	0.000000	0.000000	0.000000	0.000000	0.000000	0.000000	0.000000	0.000000	0.000000	0.000000	0.000000	0.000000	0.000000	0.000000	0.000000	0.000000	0.000000	0.000000	0.000000	0.000000	0.000000	0.000000	0.000000	0.000000	0.000000	0.000000	0.000000	0.000000	0.000000	0.000000	0.000000	0.000000	0.000000	0.000000	0.000000	0.000000	0.000000	0.000000	0.000000	0.000000	0.000000	0.000000	0.000000	0.000000	0.000000	0.000000	0.000000	0.000000	0.000000	0.000000	0.000000	0.000000	0.000000	0.000000	0.000000	0.000000	0.000000	0.000000	0.000000	0.000000	0.000000	0.000000	0.000000	0.000000	0.000000	0.000000	0.000000	0.000000	0.000000	0.000000	0.000000	0.000000	0.000000	0.000000	0.000000	0.000000	0.000000	0.000000	0.000000	0.000000	0.000000	0.000000	0.000000	0.000000	0.000000	0.000000	0.000000	0.000000	0.000000	0.000000	0.000000	0.000000	0.000000	0.000000	0.000000	0.000000	0.000000	0.000000	0.000000	0.000000	0.000000	0.000000	0.000000	0.000000	0.000000	0.000000	0.000000	0.000000	0.000000	0.000000	0.000000	0.000000	0.000000	0.000000	0.000000	0.000000	0.000000	0.000000	0.000000	0.000000	0.000000	0.000000	0.000000	0.000000	0.000000	0.000000	0.000000	0.000000	0.000000	0.000000	0.000000	0.000000	0.000000	0.000000	0.000000	0.000000	0.000000	0.000000	0.000000	0.000000	0.000000	0.000000	0.000000	0.000000	0.000000	0.000000	0.000000	0.000000	0.000000	0.000000	0.000000	0.000000	0.000000	0.000000	0.000000	0.000000	0.000000	0.000000	0.000000	0.000000	0.000000	0.000000	0.000000	0.000000	0.000000	0.000000	0.000000	0.000000	0.000000	0.000000	0.000000	0.000000	0.000000	0.000000	0.000000	0.000000	0.000000	0.000000	0.000000	0.000000	0.000000	0.000000	0.000000	0.000000	0.000000	0.000000	0.000000	0.000000	0.000000	0.000000	0.000000	0.000000	0.000000	0.000000	0.000000	0.000000	0.000000	0.000000	0.000000	0.000000	0.000000	0.000000	0.000000	0.000000	0.000000	0.000000	0.000000	
input15
0.000000	0.000000	0.000000	0.000000	0.000000	0.000000	0.000000	0.000000	0.000000	0.000000	0.000000	0.000000	0.000000	0.000000	0.000000	0.000000	0.000000	0.000000	0.000000	9.000000	
output1
65.731462	65.731462	65.731462	65.731462	65.731462	65.731462	63.502944	62.220533	60.956247	60.975994	61.225965	62.029659	62.720443	63.522307	63.810864	63.926934	64.023941	64.288986	64.587626	65.224914	64.950901	65.243923	65.633303	66.248885	66.675659	65.884787	65.764745	65.553531	64.367325	63.762167	62.200515	60.596222	60.069814	61.944322	63.967775	66.332454	68.649522	70.679019	72.313406	73.521784	74.628737	76.385891	77.946801	79.559387	80.998690	81.652230	82.113177	82.331257	82.075043	82.037569	81.891714	81.563820	80.900491	80.056607	79.114382	78.310108	76.992938	76.468425	74.253606	72.467023	71.405815	68.398719	67.442475	65.611106	63.767741	61.757807	59.608111	57.147059	54.682299	52.313157	50.180651	47.964741	45.488765	42.457410	39.118381	35.742035	33.111259	32.086932	29.459352	27.744855	27.008874	25.719470	24.584787	24.488547	25.103437	26.195346	27.853600	29.437531	31.478062	33.411498	34.753123	36.938440	37.747873	39.842185	44.547263	47.982682	49.594997	52.893850	55.803761	58.074224	61.584547	63.532209	67.470174	69.314103	71.297293	73.107624	75.065902	76.837115	78.383220	79.645604	80.423014	81.144930	81.440934	81.564944	81.504773	80.775951	80.172065	79.551402	78.217501	76.887972	74.368126	72.828044	72.162275	70.457394	68.521906	66.029566	63.050680	60.005147	56.634013	52.739563	48.398271	44.351273	40.972375	38.156781	36.096949	33.563396	30.432612	28.010900	26.015956	25.523192	26.046571	27.403542	33.695781	37.468576	39.402096	42.707759	46.776924	49.035067	50.648293	51.337795	54.601617	56.300221	59.665475	61.053383	62.278510	63.601768	65.068437	68.983720	71.608410	74.189493	76.619306	77.837488	79.047937	80.180593	80.691558	81.425035	81.524094	81.464071	81.490586	81.096914	80.083181	79.527743	77.734572	75.595088	72.184534	69.686160	68.572649	65.745153	63.991989	62.483796	60.776152	58.119632	50.028533	42.092008	33.068196	25.535426	20.293661	18.576921	20.568562	24.967438	33.648435	36.487654	41.624263	46.748166	51.536434	55.869052	62.515123	66.178258	66.295646	66.722711	66.590324	67.336035	68.501112	69.394195	71.372570	74.122725	76.146159	77.833813	78.794265	79.151548	79.774741	79.906421	80.158069	80.352241	80.829660	81.218368	81.193476	80.461747	77.554909	74.855679	75.791731	72.651090	70.133956	65.094222	61.306877	56.913215	52.798339	46.524724	44.630536	38.510427	34.961276	34.188234	36.065407	37.653673	39.343867	43.964580	46.054861	49.504380	56.298447	58.611337	65.259673	70.631999	73.188480	74.204414	76.678313	77.786542	78.524715	80.049739	80.620382	81.160501	81.379777	81.433823	81.712414	81.885590	81.845065	81.478998	80.678910	80.005765	79.240929	78.939944	78.130204	77.124522	76.175345	75.067966	73.338180	71.102943	65.161364	62.871165	56.131226	52.155668	48.762236	45.635032	42.624205	40.078357	37.927979	35.439376	34.421745	34.155035	34.874854	36.498797	38.571829	41.261613	44.775530	46.715169	48.400489	50.909180	54.454351	58.464447	64.320786	67.259290	69.917055	72.495246	74.876386	76.824730	77.683820	80.051714	80.560358	81.215419	81.079388	81.134205	80.978537	78.768413	74.407332	72.349932	66.423160	62.374168	53.631589	49.063860	43.236910	40.006306	32.869680	31.634019	32.638321	38.728306	49.432109	52.114889	52.002342	58.923772	60.058817	64.035187	67.528598	73.009447	76.222161	77.842020	79.035320	79.444818	80.389861	80.279363	80.878654	81.056298	80.069655	77.600529	69.758248	66.203773	67.039338	63.009746	62.347878	62.750256	63.305659	64.496992	65.458044	65.109830	61.896135	60.760513	61.030569	61.853517	62.458939	62.819343	63.494900	64.168298	64.718900	65.268844	65.640958	66.070699	66.590411	67.726077	69.420448	70.940645	70.155520	73.641733	71.888711	75.439104	76.841578	73.989573	76.933697	76.513249	75.182741	74.112130	71.012766	70.234106	68.769124	67.120915	65.180651	64.306129	60.330884	54.614958	51.274738	47.293351	44.597433	46.011501	44.762416	43.222556	44.418530	46.883430	48.729903	51.041464	56.540553	58.980066	60.840953	64.349873	65.436524	70.279188	74.420244	75.919563	76.231996	73.035903	75.450805	77.008965	76.600218	75.559991	74.922526	73.392690	72.837737	70.475099	69.722359	69.105139	67.294243	65.163732	61.909831	55.902746	52.497384	49.655879	46.983357	47.852125	44.163523	46.743863	47.075405	47.259038	47.725923	51.039978	54.151034	55.821557	59.769085	61.438634	62.760809	64.084940	65.921796	69.607000	73.065881	74.693305	76.561090	73.259021	77.482300	77.567567	74.971888	73.734115	71.063294	69.525103	68.392330	66.547306	64.711808	59.985780	60.807547	53.133108	48.053599	45.548558	44.477518	45.601713	46.975305	47.642259	48.847536	49.841986	51.982345	54.031306	57.350143	58.807412	57.238769	55.281914	53.687016	45.498717	33.409831	22.070009	21.689102	16.868825	14.889682	14.648598	14.240205	14.128935	13.848865	14.210860	14.793553	15.102970	14.828955	15.992086	
output2
50.840280	50.840280	50.840280	50.840280	50.840280	50.840280	47.733039	47.412026	46.691437	46.642261	46.732259	47.033528	47.091364	47.206063	47.253626	47.051777	46.884879	46.934614	46.946451	47.413414	46.868810	46.908835	46.894819	47.015442	46.886489	46.514938	46.716606	46.820694	46.712146	46.675335	46.691041	46.879278	46.949774	46.397761	46.104393	46.134515	46.373396	46.772935	46.977859	46.975468	46.530404	46.445502	46.305898	46.352273	46.676366	46.639520	46.710156	46.761304	46.459824	46.429080	46.341404	46.492235	46.448530	46.464861	46.514354	46.728209	46.974090	46.960525	47.016533	46.999966	46.888968	47.040857	46.956401	46.886240	46.981835	46.941174	46.873293	46.957794	46.794994	46.627639	46.828025	46.580850	46.488345	46.408076	46.293950	46.164926	46.320040	46.362291	46.327488	46.406660	46.330394	46.335280	46.233611	46.197202	46.187498	46.298299	46.359913	46.388596	46.472121	46.451992	46.461686	46.510230	46.478518	46.489613	46.631158	46.687343	46.685402	46.869949	46.970672	46.813586	46.961445	46.844668	46.925864	46.927330	46.939690	46.667040	46.238862	45.918042	45.938926	46.160458	46.374151	46.646646	46.438800	46.116278	45.951065	45.690194	46.056590	46.032704	46.130309	46.399671	46.694141	46.993272	47.110296	47.289288	47.321778	47.259705	47.130236	47.109466	47.134293	46.987258	46.831179	46.926187	46.871947	46.583029	46.498097	46.204579	45.767911	45.598029	45.324013	45.641247	45.744519	45.533614	45.436612	45.666494	45.839476	46.126316	46.414069	46.689890	46.617919	46.641086	46.779265	46.775316	46.951157	47.039824	47.036573	47.128118	47.123767	46.411648	46.109279	46.133706	46.484531	46.257514	46.232402	46.233254	45.819387	46.018712	45.980074	46.072679	46.268082	46.694743	46.563211	46.553952	46.343230	46.302937	46.699309	46.755221	46.738351	47.086358	47.120822	47.221646	47.255940	47.045833	45.544361	44.466956	43.822110	44.340126	44.526003	44.865949	45.000904	45.301058	46.098129	46.183243	46.265854	46.283075	46.302694	46.458619	46.632517	47.027720	46.508556	46.662138	46.125536	45.803237	46.018444	46.038544	46.042523	46.037823	46.593033	46.485537	46.648747	46.669129	46.848754	46.764450	46.750047	46.752313	46.500666	46.473569	46.327058	46.030316	45.793711	46.303497	49.035206	46.289713	46.285777	45.849619	45.940219	45.820073	45.885789	45.796517	45.777014	45.670767	44.898793	44.235736	44.642033	45.259285	45.805459	46.392679	46.206383	46.239845	46.170510	46.183357	46.441280	46.629914	46.695804	46.767875	47.040643	47.028195	46.839623	46.652976	46.759450	47.005250	47.097280	47.027003	47.301613	47.467367	47.355043	46.919980	46.379320	46.348214	46.488380	46.686418	46.881220	46.744477	46.796774	46.707550	46.460827	46.310936	45.514619	45.501122	45.910644	46.282736	46.367004	46.211950	45.919104	45.761291	45.736960	45.761273	45.950649	45.960674	45.838512	45.838234	45.826597	46.506439	46.658180	46.849142	46.915639	46.892119	46.563613	46.836488	46.925241	46.692230	46.571619	46.321678	46.254855	46.195309	46.162026	46.475685	46.734795	46.909401	46.631766	46.701060	46.674534	45.487816	45.428118	46.181750	46.128653	45.784675	45.962332	45.827838	45.763418	45.701951	44.724498	41.311963	43.952273	43.980163	45.810242	47.952724	45.933701	51.965740	46.587678	50.627503	46.608849	46.309701	46.553413	46.517940	46.789838	46.613236	46.849716	46.507409	46.678809	46.785067	46.610955	45.764275	44.996609	45.703657	46.603131	46.382883	46.623658	46.564251	46.631791	46.691019	46.680631	46.574453	46.554132	46.609301	46.660751	46.751044	46.709589	46.759075	46.666650	46.653391	46.768953	46.787892	46.800954	46.856007	46.916158	46.868192	46.419780	45.959301	44.986103	45.997728	43.750295	46.522352	46.763798	43.307484	46.730090	46.673586	46.328725	46.345266	45.749449	45.859774	45.857459	46.258410	46.460469	46.301507	45.547132	45.111829	45.355858	46.018447	41.982951	46.566244	46.572085	43.357696	46.278903	46.268720	46.089058	45.852828	45.814980	46.047018	46.182692	45.832764	45.681759	45.287925	45.948828	46.488389	46.501549	42.624885	45.130703	46.734511	46.583315	46.525886	46.290257	45.968618	45.876376	46.128704	46.375957	46.378426	46.254680	45.669010	45.114060	44.840185	45.413834	45.942389	41.789827	46.341316	40.259599	46.780958	47.290158	47.258613	46.912929	45.344164	45.377916	45.719036	46.404486	46.610236	46.501958	46.309418	45.963914	45.948734	46.299809	46.402571	46.681191	42.579276	46.954245	47.026858	45.357200	45.868656	44.826705	45.577310	46.229151	46.276585	45.962197	45.205267	46.669673	44.427683	45.173635	46.118556	44.198843	46.165474	46.730785	46.101275	46.657300	46.273198	45.821627	46.102892	46.630657	47.954608	46.432779	46.320347	46.138060	45.115487	44.355356	40.281602	44.776001	45.426026	45.993858	46.421705	46.592336	46.996966	47.127559	47.465118	47.434334	47.446570	46.846068	47.196121	
output3
50.840280	50.840280	50.840280	50.840280	50.840280	50.840280	47.733039	47.412026	46.691437	46.642261	46.732259	47.033528	47.091364	47.206063	47.253626	47.051777	46.884879	46.934614	46.946451	47.413414	46.868810	46.908835	46.894819	47.015442	46.886489	46.514938	46.716606	46.820694	46.712146	46.675335	46.691041	46.879278	46.949774	46.397761	46.104393	46.134515	46.373396	46.772935	46.977859	46.975468	46.530404	46.445502	46.305898	46.352273	46.676366	46.639520	46.710156	46.761304	46.459824	46.429080	46.341404	46.492235	46.448530	46.464861	46.514354	46.728209	46.974090	46.960525	47.016533	46.999966	46.888968	47.040857	46.956401	46.886240	46.981835	46.941174	46.873293	46.957794	46.794994	46.627639	46.828025	46.580850	46.488345	46.408076	46.293950	46.164926	46.320040	46.362291	46.327488	46.406660	46.330394	46.335280	46.233611	46.197202	46.187498	46.298299	46.359913	46.388596	46.472121	46.451992	46.461686	46.510230	46.478518	46.489613	46.631158	46.687343	46.685402	46.869949	46.970672	46.813586	46.961445	46.844668	46.925864	46.927330	46.939690	46.667040	46.238862	45.918042	45.938926	46.160458	46.374151	46.646646	46.438800	46.116278	45.951065	45.690194	46.056590	46.032704	46.130309	46.399671	46.694141	46.993272	47.110296	47.289288	47.321778	47.259705	47.130236	47.109466	47.134293	46.987258	46.831179	46.926187	46.871947	46.583029	46.498097	46.204579	45.767911	45.598029	45.324013	45.641247	45.744519	45.533614	45.436612	45.666494	45.839476	46.126316	46.414069	46.689890	46.617919	46.641086	46.779265	46.775316	46.951157	47.039824	47.036573	47.128118	47.123767	46.411648	46.109279	46.133706	46.484531	46.257514	46.232402	46.233254	45.819387	46.018712	45.980074	46.072679	46.268082	46.694743	46.563211	46.553952	46.343230	46.302937	46.699309	46.755221	46.738351	47.086358	47.120822	47.221646	47.255940	47.045833	45.544361	44.466956	43.822110	44.340126	44.526003	44.865949	45.000904	45.301058	46.098129	46.183243	46.265854	46.283075	46.302694	46.458619	46.632517	47.027720	46.508556	46.662138	46.125536	45.803237	46.018444	46.038544	46.042523	46.037823	46.593033	46.485537	46.648747	46.669129	46.848754	46.764450	46.750047	46.752313	46.500666	46.473569	46.327058	46.030316	45.793711	46.303497	49.035206	46.289713	46.285777	45.849619	45.940219	45.820073	45.885789	45.796517	45.777014	45.670767	44.898793	44.235736	44.642033	45.259285	45.805459	46.392679	46.206383	46.239845	46.170510	46.183357	46.441280	46.629914	46.695804	46.767875	47.040643	47.028195	46.839623	46.652976	46.759450	47.005250	47.097280	47.027003	47.301613	47.467367	47.355043	46.919980	46.379320	46.348214	46.488380	46.686418	46.881220	46.744477	46.796774	46.707550	46.460827	46.310936	45.514619	45.501122	45.910644	46.282736	46.367004	46.211950	45.919104	45.761291	45.736960	45.761273	45.950649	45.960674	45.838512	45.838234	45.826597	46.506439	46.658180	46.849142	46.915639	46.892119	46.563613	46.836488	46.925241	46.692230	46.571619	46.321678	46.254855	46.195309	46.162026	46.475685	46.734795	46.909401	46.631766	46.701060	46.674534	45.487816	45.428118	46.181750	46.128653	45.784675	45.962332	45.827838	45.763418	45.701951	44.724498	41.311963	43.952273	43.980163	45.810242	47.952724	45.933701	51.965740	46.587678	50.627503	46.608849	46.309701	46.553413	46.517940	46.789838	46.613236	46.849716	46.507409	46.678809	46.785067	46.610955	45.764275	44.996609	45.703657	46.603131	46.382883	46.623658	46.564251	46.631791	46.691019	46.680631	46.574453	46.554132	46.609301	46.660751	46.751044	46.709589	46.759075	46.666650	46.653391	46.768953	46.787892	46.800954	46.856007	46.916158	46.868192	46.419780	45.959301	44.986103	45.997728	43.750295	46.522352	46.763798	43.307484	46.730090	46.673586	46.328725	46.345266	45.749449	45.859774	45.857459	46.258410	46.460469	46.301507	45.547132	45.111829	45.355858	46.018447	41.982951	46.566244	46.572085	43.357696	46.278903	46.268720	46.089058	45.852828	45.814980	46.047018	46.182692	45.832764	45.681759	45.287925	45.948828	46.488389	46.501549	42.624885	45.130703	46.734511	46.583315	46.525886	46.290257	45.968618	45.876376	46.128704	46.375957	46.378426	46.254680	45.669010	45.114060	44.840185	45.413834	45.942389	41.789827	46.341316	40.259599	46.780958	47.290158	47.258613	46.912929	45.344164	45.377916	45.719036	46.404486	46.610236	46.501958	46.309418	45.963914	45.948734	46.299809	46.402571	46.681191	42.579276	46.954245	47.026858	45.357200	45.868656	44.826705	45.577310	46.229151	46.276585	45.962197	45.205267	46.669673	44.427683	45.173635	46.118556	44.198843	46.165474	46.730785	46.101275	46.657300	46.273198	45.821627	46.102892	46.630657	47.954608	46.432779	46.320347	46.138060	45.115487	44.355356	40.281602	44.776001	45.426026	45.993858	46.421705	46.592336	46.996966	47.127559	47.465118	47.434334	47.446570	46.846068	47.196121	
output4
1.000000	-0.003728	-0.001704	1.003336	-0.006823	0.997736	-10.879190	-18.668602	-27.838580	60.358673	14.040234	46.509809	46.353171	0.624919	6.093572	46.353171	0.624919	6.093572	0.000000	9.000000	