input0
340.000000
input1
0.000000	0.000000	0.000000	0.000000	0.000000	0.000000	0.000000	0.000000	0.000000	0.000000	0.000000	0.000000	0.000000	0.000000	0.000000	0.000000	0.000000	0.000000	0.000000	0.000000	0.000000	0.000000	0.000000	0.000000	0.000000	0.000000	0.000000	0.000000	0.000000	0.000000	0.000000	0.000000	0.000000	0.000000	0.000000	0.000000	0.000000	0.000000	0.000000	0.000000	0.000000	0.000000	0.000000	0.000000	0.000000	0.000000	0.000000	0.000000	0.000000	0.000000	0.000000	0.000000	0.000000	0.000000	0.000000	0.000000	0.000000	0.000000	0.000000	0.000000	0.000000	0.000000	0.000000	0.000000	0.000000	0.000000	0.000000	0.000000	0.000000	0.000000	0.000000	0.000000	0.000000	0.000000	0.000000	0.000000	0.000000	0.000000	0.000000	0.000000	0.000000	0.000000	0.000000	0.000000	0.000000	0.000000	0.000000	0.000000	0.000000	0.000000	0.000000	0.000000	0.000000	0.000000	0.000000	0.000000	0.000000	0.000000	0.000000	0.000000	0.000000	0.000000	0.000000	0.000000	0.000000	0.000000	0.000000	0.000000	0.000000	0.000000	0.000000	0.000000	0.000000	0.000000	0.000000	0.000000	0.000000	0.000000	0.000000	0.000000	0.000000	0.000000	0.000000	0.000000	0.000000	0.000000	0.000000	0.000000	0.000000	0.000000	0.000000	0.000000	0.000000	0.000000	0.000000	0.000000	0.000000	0.000000	0.000000	0.000000	0.000000	0.000000	0.000000	0.000000	0.000000	0.000000	0.000000	0.000000	0.000000	0.000000	0.000000	0.000000	0.000000	0.000000	0.000000	0.000000	0.000000	0.000000	0.000000	0.000000	0.000000	0.000000	0.000000	0.000000	0.000000	0.000000	0.000000	0.000000	0.000000	0.000000	0.000000	0.000000	0.000000	0.000000	0.000000	0.000000	0.000000	0.000000	0.000000	0.000000	0.000000	0.000000	0.000000	0.000000	0.000000	0.000000	0.000000	0.000000	0.000000	0.000000	0.000000	0.000000	0.000000	0.000000	0.000000	0.000000	0.000000	0.000000	0.000000	0.000000	0.000000	0.000000	0.000000	0.000000	0.000000	0.000000	0.000000	0.000000	0.000000	0.000000	0.000000	0.000000	0.000000	0.000000	0.000000	0.000000	0.000000	0.000000	0.000000	0.000000	0.000000	0.000000	0.000000	0.000000	0.000000	0.000000	0.000000	0.000000	0.000000	0.000000	0.000000	0.000000	0.000000	0.000000	0.000000	0.000000	0.000000	0.000000	0.000000	0.000000	0.000000	0.000000	0.000000	0.000000	0.000000	0.000000	0.000000	0.000000	0.000000	0.000000	0.000000	0.000000	0.000000	0.000000	0.000000	0.000000	0.000000	0.000000	0.000000	0.000000	0.000000	0.000000	0.000000	0.000000	0.000000	0.000000	0.000000	0.000000	0.000000	0.000000	0.000000	0.000000	0.000000	0.000000	0.000000	0.000000	0.000000	0.000000	0.000000	0.000000	0.000000	0.000000	0.000000	0.000000	0.000000	0.000000	0.000000	0.000000	0.000000	0.000000	0.000000	0.000000	0.000000	0.000000	0.000000	0.000000	0.000000	0.000000	0.000000	0.000000	0.000000	0.000000	0.000000	0.000000	0.000000	0.000000	0.000000	0.000000	0.000000	0.000000	0.000000	0.000000	0.000000	0.000000	0.000000	0.000000	0.000000	0.000000	0.000000	0.000000	0.000000	0.000000	0.000000	0.000000	0.000000	0.000000	0.000000	0.000000	0.000000	0.000000	0.000000	0.000000	0.000000	0.000000	0.000000	0.000000	0.000000	0.000000	0.000000	0.000000	
input2
0.000000	0.000000	0.000000	0.000000	0.000000	0.000000	0.000000	0.000000	0.000000	0.000000	0.000000	0.000000	0.000000	0.000000	0.000000	0.000000	0.000000	0.000000	0.000000	0.000000	0.000000	0.000000	0.000000	0.000000	0.000000	0.000000	0.000000	0.000000	0.000000	0.000000	0.000000	0.000000	0.000000	0.000000	0.000000	0.000000	0.000000	0.000000	0.000000	0.000000	0.000000	0.000000	0.000000	0.000000	0.000000	0.000000	0.000000	0.000000	0.000000	0.000000	0.000000	0.000000	0.000000	0.000000	0.000000	0.000000	0.000000	0.000000	0.000000	0.000000	0.000000	0.000000	0.000000	0.000000	0.000000	0.000000	0.000000	0.000000	0.000000	0.000000	0.000000	0.000000	0.000000	0.000000	0.000000	0.000000	0.000000	0.000000	0.000000	0.000000	0.000000	0.000000	0.000000	0.000000	0.000000	0.000000	0.000000	0.000000	0.000000	0.000000	0.000000	0.000000	0.000000	0.000000	0.000000	0.000000	0.000000	0.000000	0.000000	0.000000	0.000000	0.000000	0.000000	0.000000	0.000000	0.000000	0.000000	0.000000	0.000000	0.000000	0.000000	0.000000	0.000000	0.000000	0.000000	0.000000	0.000000	0.000000	0.000000	0.000000	0.000000	0.000000	0.000000	0.000000	0.000000	0.000000	0.000000	0.000000	0.000000	0.000000	0.000000	0.000000	0.000000	0.000000	0.000000	0.000000	0.000000	0.000000	0.000000	0.000000	0.000000	0.000000	0.000000	0.000000	0.000000	0.000000	0.000000	0.000000	0.000000	0.000000	0.000000	0.000000	0.000000	0.000000	0.000000	0.000000	0.000000	0.000000	0.000000	0.000000	0.000000	0.000000	0.000000	0.000000	0.000000	0.000000	0.000000	0.000000	0.000000	0.000000	0.000000	0.000000	0.000000	0.000000	0.000000	0.000000	0.000000	0.000000	0.000000	0.000000	0.000000	0.000000	0.000000	0.000000	0.000000	0.000000	0.000000	0.000000	0.000000	0.000000	0.000000	0.000000	0.000000	0.000000	0.000000	0.000000	0.000000	0.000000	0.000000	0.000000	0.000000	0.000000	0.000000	0.000000	0.000000	0.000000	0.000000	0.000000	0.000000	0.000000	0.000000	0.000000	0.000000	0.000000	0.000000	0.000000	0.000000	0.000000	0.000000	0.000000	0.000000	0.000000	0.000000	0.000000	0.000000	0.000000	0.000000	0.000000	0.000000	0.000000	0.000000	0.000000	0.000000	0.000000	0.000000	0.000000	0.000000	0.000000	0.000000	0.000000	0.000000	0.000000	0.000000	0.000000	0.000000	0.000000	0.000000	0.000000	0.000000	0.000000	0.000000	0.000000	0.000000	0.000000	0.000000	0.000000	0.000000	0.000000	0.000000	0.000000	0.000000	0.000000	0.000000	0.000000	0.000000	0.000000	0.000000	0.000000	0.000000	0.000000	0.000000	0.000000	0.000000	0.000000	0.000000	0.000000	0.000000	0.000000	0.000000	0.000000	0.000000	0.000000	0.000000	0.000000	0.000000	0.000000	0.000000	0.000000	0.000000	0.000000	0.000000	0.000000	0.000000	0.000000	0.000000	0.000000	0.000000	0.000000	0.000000	0.000000	0.000000	0.000000	0.000000	0.000000	0.000000	0.000000	0.000000	0.000000	0.000000	0.000000	0.000000	0.000000	0.000000	0.000000	0.000000	0.000000	0.000000	0.000000	0.000000	0.000000	0.000000	0.000000	0.000000	0.000000	0.000000	0.000000	0.000000	0.000000	0.000000	0.000000	0.000000	0.000000	0.000000	0.000000	0.000000	0.000000	0.000000	0.000000	0.000000	0.000000	
input3
0.000000	0.000000	0.000000	0.000000	0.000000	0.000000	0.000000	0.000000	0.000000	0.000000	0.000000	0.000000	0.000000	0.000000	0.000000	0.000000	0.000000	0.000000	0.000000	0.000000	0.000000	0.000000	0.000000	0.000000	0.000000	0.000000	0.000000	0.000000	0.000000	0.000000	0.000000	0.000000	0.000000	0.000000	0.000000	0.000000	0.000000	0.000000	0.000000	0.000000	0.000000	0.000000	0.000000	0.000000	0.000000	0.000000	0.000000	0.000000	0.000000	0.000000	0.000000	0.000000	0.000000	0.000000	0.000000	0.000000	0.000000	0.000000	0.000000	0.000000	0.000000	0.000000	0.000000	0.000000	0.000000	0.000000	0.000000	0.000000	0.000000	0.000000	0.000000	0.000000	0.000000	0.000000	0.000000	0.000000	0.000000	0.000000	0.000000	0.000000	0.000000	0.000000	0.000000	0.000000	0.000000	0.000000	0.000000	0.000000	0.000000	0.000000	0.000000	0.000000	0.000000	0.000000	0.000000	0.000000	0.000000	0.000000	0.000000	0.000000	0.000000	0.000000	0.000000	0.000000	0.000000	0.000000	0.000000	0.000000	0.000000	0.000000	0.000000	0.000000	0.000000	0.000000	0.000000	0.000000	0.000000	0.000000	0.000000	0.000000	0.000000	0.000000	0.000000	0.000000	0.000000	0.000000	0.000000	0.000000	0.000000	0.000000	0.000000	0.000000	0.000000	0.000000	0.000000	0.000000	0.000000	0.000000	0.000000	0.000000	0.000000	0.000000	0.000000	0.000000	0.000000	0.000000	0.000000	0.000000	0.000000	0.000000	0.000000	0.000000	0.000000	0.000000	0.000000	0.000000	0.000000	0.000000	0.000000	0.000000	0.000000	0.000000	0.000000	0.000000	0.000000	0.000000	0.000000	0.000000	0.000000	0.000000	0.000000	0.000000	0.000000	0.000000	0.000000	0.000000	0.000000	0.000000	0.000000	0.000000	0.000000	0.000000	0.000000	0.000000	0.000000	0.000000	0.000000	0.000000	0.000000	0.000000	0.000000	0.000000	0.000000	0.000000	0.000000	0.000000	0.000000	0.000000	0.000000	0.000000	0.000000	0.000000	0.000000	0.000000	0.000000	0.000000	0.000000	0.000000	0.000000	0.000000	0.000000	0.000000	0.000000	0.000000	0.000000	0.000000	0.000000	0.000000	0.000000	0.000000	0.000000	0.000000	0.000000	0.000000	0.000000	0.000000	0.000000	0.000000	0.000000	0.000000	0.000000	0.000000	0.000000	0.000000	0.000000	0.000000	0.000000	0.000000	0.000000	0.000000	0.000000	0.000000	0.000000	0.000000	0.000000	0.000000	0.000000	0.000000	0.000000	0.000000	0.000000	0.000000	0.000000	0.000000	0.000000	0.000000	0.000000	0.000000	0.000000	0.000000	0.000000	0.000000	0.000000	0.000000	0.000000	0.000000	0.000000	0.000000	0.000000	0.000000	0.000000	0.000000	0.000000	0.000000	0.000000	0.000000	0.000000	0.000000	0.000000	0.000000	0.000000	0.000000	0.000000	0.000000	0.000000	0.000000	0.000000	0.000000	0.000000	0.000000	0.000000	0.000000	0.000000	0.000000	0.000000	0.000000	0.000000	0.000000	0.000000	0.000000	0.000000	0.000000	0.000000	0.000000	0.000000	0.000000	0.000000	0.000000	0.000000	0.000000	0.000000	0.000000	0.000000	0.000000	0.000000	0.000000	0.000000	0.000000	0.000000	0.000000	0.000000	0.000000	0.000000	0.000000	0.000000	0.000000	0.000000	0.000000	0.000000	0.000000	0.000000	0.000000	0.000000	0.000000	0.000000	0.000000	0.000000	0.000000	0.000000	0.000000	
input4
33.693000	33.693000	33.693000	33.693000	33.693000	33.693000	24.107000	21.900000	16.847000	6.147000	2.200000	-4.927000	-10.627000	-15.740000	-16.453000	-17.100000	-18.413000	-20.027000	-22.080000	-23.880000	-25.027000	-26.180000	-26.827000	-26.793000	-27.140000	-25.513000	-24.313000	-23.027000	-22.853000	-22.880000	-22.793000	-22.840000	-22.813000	-23.953000	-24.440000	-24.880000	-25.167000	-25.313000	-25.427000	-25.640000	-25.940000	-26.267000	-26.467000	-26.340000	-26.067000	-25.567000	-24.967000	-24.640000	-24.300000	-24.153000	-24.167000	-24.453000	-24.727000	-25.240000	-25.767000	-26.100000	-26.767000	-26.900000	-26.740000	-26.253000	-25.853000	-24.667000	-24.300000	-23.840000	-23.567000	-23.400000	-23.167000	-22.793000	-22.393000	-22.053000	-21.727000	-21.713000	-21.580000	-21.227000	-20.893000	-20.400000	-20.240000	-20.267000	-20.567000	-20.893000	-20.927000	-20.980000	-21.267000	-21.527000	-21.913000	-22.267000	-22.700000	-22.800000	-23.100000	-23.067000	-22.713000	-21.840000	-21.180000	-20.313000	-19.500000	-19.500000	-19.713000	-20.140000	-20.440000	-20.940000	-21.813000	-22.080000	-22.400000	-22.600000	-22.880000	-23.053000	-23.427000	-23.427000	-23.053000	-22.527000	-21.927000	-21.440000	-21.440000	-21.840000	-21.980000	-22.213000	-22.313000	-22.193000	-22.067000	-22.067000	-21.700000	-21.500000	-21.553000	-21.313000	-21.367000	-21.113000	-20.893000	-20.680000	-20.527000	-20.640000	-20.693000	-20.780000	-21.053000	-21.040000	-21.127000	-21.393000	-21.627000	-22.427000	-22.900000	-23.167000	-22.900000	-22.580000	-22.300000	-21.727000	-21.493000	-20.853000	-19.927000	-19.853000	-19.827000	-19.867000	-20.453000	-20.740000	-21.167000	-21.027000	-20.840000	-20.767000	-20.413000	-20.040000	-20.040000	-20.713000	-21.667000	-22.093000	-22.380000	-22.393000	-22.027000	-21.940000	-22.267000	-22.927000	-23.140000	-23.540000	-23.293000	-23.113000	-23.067000	-23.127000	-23.027000	-23.067000	-22.980000	-22.993000	-23.013000	-23.040000	-23.213000	-23.240000	-23.180000	-22.540000	-21.100000	-18.980000	-16.540000	-14.027000	-12.327000	-11.313000	-11.593000	-12.013000	-12.900000	-14.313000	-15.900000	-17.213000	-19.780000	-21.280000	-22.227000	-24.600000	-28.440000	-38.513000	-42.040000	-43.200000	-44.953000	-45.353000	-45.567000	-45.053000	-44.627000	-44.313000	-44.040000	-43.653000	-42.553000	-41.640000	-37.200000	-33.113000	-22.880000	-16.567000	-0.480000	10.433000	15.807000	15.807000	20.773000	27.007000	30.520000	32.507000	33.047000	31.120000	29.833000	22.847000	13.100000	3.700000	-6.880000	-11.867000	-16.527000	-28.027000	-32.253000	-37.593000	-46.067000	-48.367000	-53.493000	-55.180000	-54.800000	-54.393000	-52.493000	-50.640000	-48.427000	-42.153000	-39.300000	-36.927000	-35.727000	-34.513000	-33.040000	-32.427000	-30.453000	-26.453000	-17.940000	-11.313000	-5.513000	-2.800000	1.760000	5.120000	8.433000	11.307000	14.873000	19.100000	26.273000	28.607000	33.307000	34.433000	34.007000	32.647000	30.187000	27.233000	23.960000	18.287000	14.287000	9.733000	1.847000	-4.593000	-11.780000	-18.600000	-27.413000	-31.627000	-35.067000	-39.327000	-44.167000	-48.800000	-53.793000	-55.300000	-55.880000	-55.093000	-53.140000	-50.040000	-47.980000	-39.613000	-37.727000	-31.567000	-27.813000	-23.913000	-21.580000	-10.613000	7.773000	15.387000	25.560000	29.433000	33.907000	33.373000	29.887000	26.460000	8.973000	-0.900000	-0.900000	-20.867000	-39.627000	-42.927000	-42.927000	-51.093000	-51.093000	-55.713000	-55.713000	-54.913000	-51.780000	-47.453000	-43.727000	-39.640000	-32.827000	-31.213000	-30.593000	-30.967000	-33.440000	-35.627000	-39.827000	-41.740000	-43.053000	-43.053000	-43.767000	-44.013000	-44.000000	-43.653000	
input5
-39.260000	-39.260000	-39.260000	-39.260000	-39.260000	-39.260000	-7.620000	-3.033000	2.693000	10.367000	12.253000	14.593000	15.367000	15.440000	15.240000	14.800000	14.500000	14.353000	14.053000	14.053000	13.393000	13.013000	12.413000	11.780000	10.893000	11.427000	12.013000	12.513000	13.927000	14.640000	16.540000	18.567000	19.200000	16.293000	13.327000	10.067000	6.800000	3.940000	1.080000	-1.620000	-5.487000	-10.647000	-16.273000	-22.673000	-28.660000	-33.660000	-37.920000	-41.060000	-43.087000	-44.820000	-46.673000	-51.760000	-54.747000	-57.300000	-59.207000	-60.700000	-62.047000	-62.260000	-62.900000	-62.887000	-62.660000	-61.800000	-61.300000	-60.147000	-58.773000	-56.987000	-54.907000	-52.360000	-49.647000	-46.887000	-44.207000	-41.287000	-37.907000	-33.707000	-28.873000	-23.900000	-19.433000	-17.547000	-12.273000	-8.033000	-6.307000	-2.573000	2.880000	6.840000	10.213000	13.193000	16.127000	18.453000	20.540000	22.240000	23.380000	24.953000	25.493000	26.327000	26.880000	26.340000	25.813000	24.553000	22.880000	20.867000	17.693000	15.227000	9.827000	6.727000	2.993000	-1.573000	-7.633000	-14.000000	-19.700000	-24.533000	-27.773000	-30.860000	-34.747000	-39.873000	-42.700000	-51.133000	-55.920000	-57.607000	-60.387000	-62.347000	-63.947000	-64.333000	-64.320000	-64.000000	-63.073000	-61.507000	-59.133000	-56.300000	-52.707000	-48.000000	-42.320000	-36.500000	-31.273000	-27.033000	-23.647000	-19.307000	-13.660000	-7.500000	-0.900000	7.000000	11.513000	15.527000	22.300000	24.527000	25.293000	26.140000	26.253000	25.993000	25.313000	25.040000	23.413000	22.227000	19.640000	18.393000	17.040000	15.613000	13.667000	6.027000	0.113000	-5.920000	-11.747000	-16.573000	-21.460000	-27.020000	-33.107000	-39.000000	-41.773000	-48.760000	-50.560000	-55.307000	-57.920000	-59.133000	-61.273000	-62.760000	-63.587000	-62.833000	-62.307000	-60.620000	-59.207000	-57.860000	-56.120000	-53.260000	-43.620000	-33.333000	-20.747000	-8.600000	1.713000	10.100000	16.453000	21.353000	26.253000	26.980000	27.367000	26.527000	24.640000	22.113000	16.040000	11.953000	10.827000	10.500000	9.440000	5.300000	2.340000	0.253000	-4.587000	-11.447000	-15.773000	-22.360000	-25.860000	-27.473000	-30.133000	-31.360000	-31.587000	-31.673000	-32.287000	-32.733000	-32.960000	-32.773000	-32.287000	-32.073000	-32.073000	-31.747000	-31.647000	-31.473000	-31.520000	-31.447000	-31.500000	-31.207000	-31.200000	-31.000000	-31.460000	-31.920000	-32.360000	-32.347000	-32.187000	-31.147000	-30.933000	-31.300000	-32.333000	-32.733000	-33.433000	-33.500000	-33.000000	-32.673000	-31.933000	-31.533000	-31.260000	-30.820000	-30.573000	-30.520000	-30.600000	-30.800000	-30.173000	-30.033000	-30.033000	-30.220000	-31.060000	-31.687000	-31.960000	-32.273000	-32.620000	-32.900000	-33.007000	-32.860000	-32.473000	-31.900000	-30.420000	-29.900000	-28.433000	-27.733000	-27.833000	-27.847000	-28.420000	-29.007000	-29.400000	-29.847000	-30.047000	-30.700000	-31.847000	-32.873000	-33.320000	-33.433000	-32.807000	-32.307000	-31.820000	-31.560000	-31.800000	-31.960000	-32.147000	-31.700000	-30.960000	-30.260000	-29.820000	-29.507000	-29.407000	-28.907000	-28.847000	-28.973000	-29.360000	-29.707000	-29.533000	-29.533000	-29.033000	-29.073000	-28.273000	-28.187000	-28.307000	-28.600000	-29.507000	-29.733000	-29.787000	-29.787000	-29.720000	-29.720000	-28.887000	-28.887000	-29.173000	-29.173000	-30.620000	-30.620000	-30.560000	-29.033000	-27.747000	-25.887000	-25.160000	-24.487000	-24.887000	-25.720000	-28.073000	-28.600000	-24.620000	-18.200000	-1.147000	5.240000	5.240000	9.513000	10.100000	9.467000	9.080000	8.193000	
input6
-40.547000	-40.547000	-40.547000	-40.547000	-40.547000	-40.547000	-58.253000	-58.160000	-58.520000	-59.773000	-59.947000	-60.087000	-59.873000	-59.573000	-59.740000	-59.793000	-59.580000	-59.380000	-59.047000	-59.047000	-58.420000	-58.327000	-58.600000	-59.433000	-59.920000	-59.660000	-59.913000	-60.087000	-58.540000	-57.687000	-55.460000	-52.967000	-52.147000	-54.753000	-57.593000	-60.660000	-63.507000	-65.873000	-67.687000	-68.887000	-69.760000	-70.933000	-71.487000	-71.567000	-71.133000	-69.860000	-68.420000	-66.973000	-65.493000	-64.327000	-62.800000	-58.100000	-54.187000	-49.887000	-45.713000	-42.033000	-36.900000	-35.320000	-29.020000	-24.647000	-22.453000	-15.833000	-14.153000	-10.900000	-7.527000	-4.353000	-1.280000	2.167000	4.887000	7.207000	9.580000	11.160000	12.907000	14.693000	16.127000	17.033000	17.580000	17.633000	17.153000	16.393000	15.867000	14.653000	11.993000	9.460000	6.760000	4.040000	0.673000	-2.493000	-5.947000	-9.467000	-12.053000	-16.273000	-18.067000	-21.947000	-29.693000	-35.047000	-37.480000	-42.300000	-46.613000	-49.987000	-54.807000	-57.593000	-62.880000	-65.180000	-67.460000	-69.360000	-70.907000	-71.827000	-72.280000	-72.347000	-72.220000	-71.920000	-70.467000	-67.720000	-65.853000	-58.453000	-52.940000	-50.173000	-44.547000	-39.213000	-31.153000	-26.513000	-24.613000	-20.347000	-16.140000	-11.447000	-6.493000	-1.807000	2.833000	7.173000	11.100000	14.247000	16.047000	16.807000	17.247000	17.207000	16.487000	15.013000	12.313000	8.107000	4.633000	0.100000	-11.867000	-18.173000	-21.233000	-26.567000	-33.193000	-36.533000	-39.133000	-40.173000	-44.887000	-47.387000	-52.213000	-54.287000	-56.160000	-58.053000	-60.253000	-65.733000	-68.747000	-70.993000	-72.547000	-72.773000	-72.713000	-72.093000	-70.213000	-68.027000	-66.373000	-61.100000	-59.573000	-54.440000	-50.160000	-47.893000	-41.907000	-35.227000	-25.240000	-19.393000	-17.087000	-10.907000	-7.740000	-5.060000	-2.333000	1.080000	7.927000	12.353000	14.760000	14.760000	11.633000	6.807000	0.640000	-6.280000	-17.567000	-21.427000	-28.587000	-35.733000	-42.380000	-48.333000	-57.093000	-61.513000	-61.513000	-61.127000	-59.467000	-54.980000	-54.033000	-54.307000	-55.247000	-57.500000	-58.933000	-59.400000	-59.567000	-59.553000	-59.300000	-59.127000	-60.140000	-60.987000	-64.087000	-66.547000	-70.587000	-71.593000	-70.513000	-66.827000	-66.827000	-63.407000	-59.040000	-50.173000	-42.820000	-34.547000	-26.520000	-14.907000	-11.333000	0.260000	7.807000	11.673000	14.360000	15.187000	15.453000	13.313000	11.133000	7.600000	-1.387000	-4.947000	-16.720000	-28.667000	-35.560000	-38.473000	-45.873000	-49.920000	-53.327000	-60.673000	-63.407000	-65.513000	-66.407000	-67.020000	-68.373000	-68.933000	-69.780000	-70.893000	-72.267000	-72.587000	-72.300000	-71.987000	-70.973000	-69.567000	-68.133000	-66.540000	-64.053000	-60.607000	-51.287000	-47.333000	-35.113000	-27.667000	-21.133000	-15.533000	-9.893000	-4.820000	-0.300000	5.540000	8.827000	11.373000	14.093000	15.180000	15.453000	15.453000	13.307000	11.760000	10.020000	7.007000	1.820000	-3.900000	-14.493000	-21.467000	-28.413000	-36.120000	-43.513000	-50.273000	-53.553000	-63.273000	-65.073000	-68.993000	-70.273000	-71.613000	-72.247000	-72.247000	-68.067000	-64.440000	-54.400000	-47.220000	-30.420000	-21.807000	-10.273000	-4.040000	10.613000	10.613000	13.460000	13.460000	6.227000	6.227000	3.233000	3.233000	-7.680000	-7.680000	-22.853000	-38.367000	-48.567000	-56.013000	-60.840000	-64.347000	-69.033000	-69.347000	-69.407000	-69.233000	-68.460000	-66.493000	-57.260000	-51.120000	-51.120000	-45.013000	-43.240000	-43.713000	-44.600000	-46.767000	
input7
0.000000	0.000000	0.000000	0.000000	0.000000	0.000000	0.000000	0.000000	0.000000	0.000000	0.000000	0.000000	0.000000	0.000000	0.000000	0.000000	0.000000	0.000000	0.000000	0.000000	0.000000	0.000000	0.000000	0.000000	0.000000	0.000000	0.000000	0.000000	0.000000	0.000000	0.000000	0.000000	0.000000	0.000000	0.000000	0.000000	0.000000	0.000000	0.000000	0.000000	0.000000	0.000000	0.000000	0.000000	0.000000	0.000000	0.000000	0.000000	0.000000	0.000000	0.000000	0.000000	0.000000	0.000000	0.000000	0.000000	0.000000	0.000000	0.000000	0.000000	0.000000	0.000000	0.000000	0.000000	0.000000	0.000000	0.000000	0.000000	0.000000	0.000000	0.000000	0.000000	0.000000	0.000000	0.000000	0.000000	0.000000	0.000000	0.000000	0.000000	0.000000	0.000000	0.000000	0.000000	0.000000	0.000000	0.000000	0.000000	0.000000	0.000000	0.000000	0.000000	0.000000	0.000000	0.000000	0.000000	0.000000	0.000000	0.000000	0.000000	0.000000	0.000000	0.000000	0.000000	0.000000	0.000000	0.000000	0.000000	0.000000	0.000000	0.000000	0.000000	0.000000	0.000000	0.000000	0.000000	0.000000	0.000000	0.000000	0.000000	0.000000	0.000000	0.000000	0.000000	0.000000	0.000000	0.000000	0.000000	0.000000	0.000000	0.000000	0.000000	0.000000	0.000000	0.000000	0.000000	0.000000	0.000000	0.000000	0.000000	0.000000	0.000000	0.000000	0.000000	0.000000	0.000000	0.000000	0.000000	0.000000	0.000000	0.000000	0.000000	0.000000	0.000000	0.000000	0.000000	0.000000	0.000000	0.000000	0.000000	0.000000	0.000000	0.000000	0.000000	0.000000	0.000000	0.000000	0.000000	0.000000	0.000000	0.000000	0.000000	0.000000	0.000000	0.000000	0.000000	0.000000	0.000000	0.000000	0.000000	0.000000	0.000000	0.000000	0.000000	0.000000	0.000000	0.000000	0.000000	0.000000	0.000000	0.000000	0.000000	0.000000	0.000000	0.000000	0.000000	0.000000	0.000000	0.000000	0.000000	0.000000	0.000000	0.000000	0.000000	0.000000	0.000000	0.000000	0.000000	0.000000	0.000000	0.000000	0.000000	0.000000	0.000000	0.000000	0.000000	0.000000	0.000000	0.000000	0.000000	0.000000	0.000000	0.000000	0.000000	0.000000	0.000000	0.000000	0.000000	0.000000	0.000000	0.000000	0.000000	0.000000	0.000000	0.000000	0.000000	0.000000	0.000000	0.000000	0.000000	0.000000	0.000000	0.000000	0.000000	0.000000	0.000000	0.000000	0.000000	0.000000	0.000000	0.000000	0.000000	0.000000	0.000000	0.000000	0.000000	0.000000	0.000000	0.000000	0.000000	0.000000	0.000000	0.000000	0.000000	0.000000	0.000000	0.000000	0.000000	0.000000	0.000000	0.000000	0.000000	0.000000	0.000000	0.000000	0.000000	0.000000	0.000000	0.000000	0.000000	0.000000	0.000000	0.000000	0.000000	0.000000	0.000000	0.000000	0.000000	0.000000	0.000000	0.000000	0.000000	0.000000	0.000000	0.000000	0.000000	0.000000	0.000000	0.000000	0.000000	0.000000	0.000000	0.000000	0.000000	0.000000	0.000000	0.000000	0.000000	0.000000	0.000000	0.000000	0.000000	0.000000	0.000000	0.000000	0.000000	0.000000	0.000000	0.000000	0.000000	0.000000	0.000000	0.000000	0.000000	0.000000	0.000000	0.000000	0.000000	0.000000	0.000000	0.000000	0.000000	0.000000	0.000000	0.000000	0.000000	0.000000	0.000000	0.000000	0.000000	
input8
0.000000	0.000000	0.000000	0.000000	0.000000	0.000000	0.000000	0.000000	0.000000	0.000000	0.000000	0.000000	0.000000	0.000000	0.000000	0.000000	0.000000	0.000000	0.000000	0.000000	0.000000	0.000000	0.000000	0.000000	0.000000	0.000000	0.000000	0.000000	0.000000	0.000000	0.000000	0.000000	0.000000	0.000000	0.000000	0.000000	0.000000	0.000000	0.000000	0.000000	0.000000	0.000000	0.000000	0.000000	0.000000	0.000000	0.000000	0.000000	0.000000	0.000000	0.000000	0.000000	0.000000	0.000000	0.000000	0.000000	0.000000	0.000000	0.000000	0.000000	0.000000	0.000000	0.000000	0.000000	0.000000	0.000000	0.000000	0.000000	0.000000	0.000000	0.000000	0.000000	0.000000	0.000000	0.000000	0.000000	0.000000	0.000000	0.000000	0.000000	0.000000	0.000000	0.000000	0.000000	0.000000	0.000000	0.000000	0.000000	0.000000	0.000000	0.000000	0.000000	0.000000	0.000000	0.000000	0.000000	0.000000	0.000000	0.000000	0.000000	0.000000	0.000000	0.000000	0.000000	0.000000	0.000000	0.000000	0.000000	0.000000	0.000000	0.000000	0.000000	0.000000	0.000000	0.000000	0.000000	0.000000	0.000000	0.000000	0.000000	0.000000	0.000000	0.000000	0.000000	0.000000	0.000000	0.000000	0.000000	0.000000	0.000000	0.000000	0.000000	0.000000	0.000000	0.000000	0.000000	0.000000	0.000000	0.000000	0.000000	0.000000	0.000000	0.000000	0.000000	0.000000	0.000000	0.000000	0.000000	0.000000	0.000000	0.000000	0.000000	0.000000	0.000000	0.000000	0.000000	0.000000	0.000000	0.000000	0.000000	0.000000	0.000000	0.000000	0.000000	0.000000	0.000000	0.000000	0.000000	0.000000	0.000000	0.000000	0.000000	0.000000	0.000000	0.000000	0.000000	0.000000	0.000000	0.000000	0.000000	0.000000	0.000000	0.000000	0.000000	0.000000	0.000000	0.000000	0.000000	0.000000	0.000000	0.000000	0.000000	0.000000	0.000000	0.000000	0.000000	0.000000	0.000000	0.000000	0.000000	0.000000	0.000000	0.000000	0.000000	0.000000	0.000000	0.000000	0.000000	0.000000	0.000000	0.000000	0.000000	0.000000	0.000000	0.000000	0.000000	0.000000	0.000000	0.000000	0.000000	0.000000	0.000000	0.000000	0.000000	0.000000	0.000000	0.000000	0.000000	0.000000	0.000000	0.000000	0.000000	0.000000	0.000000	0.000000	0.000000	0.000000	0.000000	0.000000	0.000000	0.000000	0.000000	0.000000	0.000000	0.000000	0.000000	0.000000	0.000000	0.000000	0.000000	0.000000	0.000000	0.000000	0.000000	0.000000	0.000000	0.000000	0.000000	0.000000	0.000000	0.000000	0.000000	0.000000	0.000000	0.000000	0.000000	0.000000	0.000000	0.000000	0.000000	0.000000	0.000000	0.000000	0.000000	0.000000	0.000000	0.000000	0.000000	0.000000	0.000000	0.000000	0.000000	0.000000	0.000000	0.000000	0.000000	0.000000	0.000000	0.000000	0.000000	0.000000	0.000000	0.000000	0.000000	0.000000	0.000000	0.000000	0.000000	0.000000	0.000000	0.000000	0.000000	0.000000	0.000000	0.000000	0.000000	0.000000	0.000000	0.000000	0.000000	0.000000	0.000000	0.000000	0.000000	0.000000	0.000000	0.000000	0.000000	0.000000	0.000000	0.000000	0.000000	0.000000	0.000000	0.000000	0.000000	0.000000	0.000000	0.000000	0.000000	0.000000	0.000000	0.000000	0.000000	0.000000	0.000000	0.000000	0.000000	0.000000	0.000000	
input9
0.000000	0.000000	0.000000	0.000000	0.000000	0.000000	0.000000	0.000000	0.000000	0.000000	0.000000	0.000000	0.000000	0.000000	0.000000	0.000000	0.000000	0.000000	0.000000	0.000000	0.000000	0.000000	0.000000	0.000000	0.000000	0.000000	0.000000	0.000000	0.000000	0.000000	0.000000	0.000000	0.000000	0.000000	0.000000	0.000000	0.000000	0.000000	0.000000	0.000000	0.000000	0.000000	0.000000	0.000000	0.000000	0.000000	0.000000	0.000000	0.000000	0.000000	0.000000	0.000000	0.000000	0.000000	0.000000	0.000000	0.000000	0.000000	0.000000	0.000000	0.000000	0.000000	0.000000	0.000000	0.000000	0.000000	0.000000	0.000000	0.000000	0.000000	0.000000	0.000000	0.000000	0.000000	0.000000	0.000000	0.000000	0.000000	0.000000	0.000000	0.000000	0.000000	0.000000	0.000000	0.000000	0.000000	0.000000	0.000000	0.000000	0.000000	0.000000	0.000000	0.000000	0.000000	0.000000	0.000000	0.000000	0.000000	0.000000	0.000000	0.000000	0.000000	0.000000	0.000000	0.000000	0.000000	0.000000	0.000000	0.000000	0.000000	0.000000	0.000000	0.000000	0.000000	0.000000	0.000000	0.000000	0.000000	0.000000	0.000000	0.000000	0.000000	0.000000	0.000000	0.000000	0.000000	0.000000	0.000000	0.000000	0.000000	0.000000	0.000000	0.000000	0.000000	0.000000	0.000000	0.000000	0.000000	0.000000	0.000000	0.000000	0.000000	0.000000	0.000000	0.000000	0.000000	0.000000	0.000000	0.000000	0.000000	0.000000	0.000000	0.000000	0.000000	0.000000	0.000000	0.000000	0.000000	0.000000	0.000000	0.000000	0.000000	0.000000	0.000000	0.000000	0.000000	0.000000	0.000000	0.000000	0.000000	0.000000	0.000000	0.000000	0.000000	0.000000	0.000000	0.000000	0.000000	0.000000	0.000000	0.000000	0.000000	0.000000	0.000000	0.000000	0.000000	0.000000	0.000000	0.000000	0.000000	0.000000	0.000000	0.000000	0.000000	0.000000	0.000000	0.000000	0.000000	0.000000	0.000000	0.000000	0.000000	0.000000	0.000000	0.000000	0.000000	0.000000	0.000000	0.000000	0.000000	0.000000	0.000000	0.000000	0.000000	0.000000	0.000000	0.000000	0.000000	0.000000	0.000000	0.000000	0.000000	0.000000	0.000000	0.000000	0.000000	0.000000	0.000000	0.000000	0.000000	0.000000	0.000000	0.000000	0.000000	0.000000	0.000000	0.000000	0.000000	0.000000	0.000000	0.000000	0.000000	0.000000	0.000000	0.000000	0.000000	0.000000	0.000000	0.000000	0.000000	0.000000	0.000000	0.000000	0.000000	0.000000	0.000000	0.000000	0.000000	0.000000	0.000000	0.000000	0.000000	0.000000	0.000000	0.000000	0.000000	0.000000	0.000000	0.000000	0.000000	0.000000	0.000000	0.000000	0.000000	0.000000	0.000000	0.000000	0.000000	0.000000	0.000000	0.000000	0.000000	0.000000	0.000000	0.000000	0.000000	0.000000	0.000000	0.000000	0.000000	0.000000	0.000000	0.000000	0.000000	0.000000	0.000000	0.000000	0.000000	0.000000	0.000000	0.000000	0.000000	0.000000	0.000000	0.000000	0.000000	0.000000	0.000000	0.000000	0.000000	0.000000	0.000000	0.000000	0.000000	0.000000	0.000000	0.000000	0.000000	0.000000	0.000000	0.000000	0.000000	0.000000	0.000000	0.000000	0.000000	0.000000	0.000000	0.000000	0.000000	0.000000	0.000000	0.000000	0.000000	0.000000	0.000000	0.000000	0.000000	0.000000	0.000000	
input10
0.000000	0.000000	0.000000	0.000000	0.000000	0.000000	0.000000	0.000000	0.000000	0.000000	0.000000	0.000000	0.000000	0.000000	0.000000	0.000000	0.000000	0.000000	0.000000	0.000000	0.000000	0.000000	0.000000	0.000000	0.000000	0.000000	0.000000	0.000000	0.000000	0.000000	0.000000	0.000000	0.000000	0.000000	0.000000	0.000000	0.000000	0.000000	0.000000	0.000000	0.000000	0.000000	0.000000	0.000000	0.000000	0.000000	0.000000	0.000000	0.000000	0.000000	0.000000	0.000000	0.000000	0.000000	0.000000	0.000000	0.000000	0.000000	0.000000	0.000000	0.000000	0.000000	0.000000	0.000000	0.000000	0.000000	0.000000	0.000000	0.000000	0.000000	0.000000	0.000000	0.000000	0.000000	0.000000	0.000000	0.000000	0.000000	0.000000	0.000000	0.000000	0.000000	0.000000	0.000000	0.000000	0.000000	0.000000	0.000000	0.000000	0.000000	0.000000	0.000000	0.000000	0.000000	0.000000	0.000000	0.000000	0.000000	0.000000	0.000000	0.000000	0.000000	0.000000	0.000000	0.000000	0.000000	0.000000	0.000000	0.000000	0.000000	0.000000	0.000000	0.000000	0.000000	0.000000	0.000000	0.000000	0.000000	0.000000	0.000000	0.000000	0.000000	0.000000	0.000000	0.000000	0.000000	0.000000	0.000000	0.000000	0.000000	0.000000	0.000000	0.000000	0.000000	0.000000	0.000000	0.000000	0.000000	0.000000	0.000000	0.000000	0.000000	0.000000	0.000000	0.000000	0.000000	0.000000	0.000000	0.000000	0.000000	0.000000	0.000000	0.000000	0.000000	0.000000	0.000000	0.000000	0.000000	0.000000	0.000000	0.000000	0.000000	0.000000	0.000000	0.000000	0.000000	0.000000	0.000000	0.000000	0.000000	0.000000	0.000000	0.000000	0.000000	0.000000	0.000000	0.000000	0.000000	0.000000	0.000000	0.000000	0.000000	0.000000	0.000000	0.000000	0.000000	0.000000	0.000000	0.000000	0.000000	0.000000	0.000000	0.000000	0.000000	0.000000	0.000000	0.000000	0.000000	0.000000	0.000000	0.000000	0.000000	0.000000	0.000000	0.000000	0.000000	0.000000	0.000000	0.000000	0.000000	0.000000	0.000000	0.000000	0.000000	0.000000	0.000000	0.000000	0.000000	0.000000	0.000000	0.000000	0.000000	0.000000	0.000000	0.000000	0.000000	0.000000	0.000000	0.000000	0.000000	0.000000	0.000000	0.000000	0.000000	0.000000	0.000000	0.000000	0.000000	0.000000	0.000000	0.000000	0.000000	0.000000	0.000000	0.000000	0.000000	0.000000	0.000000	0.000000	0.000000	0.000000	0.000000	0.000000	0.000000	0.000000	0.000000	0.000000	0.000000	0.000000	0.000000	0.000000	0.000000	0.000000	0.000000	0.000000	0.000000	0.000000	0.000000	0.000000	0.000000	0.000000	0.000000	0.000000	0.000000	0.000000	0.000000	0.000000	0.000000	0.000000	0.000000	0.000000	0.000000	0.000000	0.000000	0.000000	0.000000	0.000000	0.000000	0.000000	0.000000	0.000000	0.000000	0.000000	0.000000	0.000000	0.000000	0.000000	0.000000	0.000000	0.000000	0.000000	0.000000	0.000000	0.000000	0.000000	0.000000	0.000000	0.000000	0.000000	0.000000	0.000000	0.000000	0.000000	0.000000	0.000000	0.000000	0.000000	0.000000	0.000000	0.000000	0.000000	0.000000	0.000000	0.000000	0.000000	0.000000	0.000000	0.000000	0.000000	0.000000	0.000000	0.000000	0.000000	0.000000	0.000000	0.000000	0.000000	0.000000	0.000000	0.000000	
input11
0.000000	0.000000	0.000000	0.000000	0.000000	0.000000	0.000000	0.000000	0.000000	0.000000	0.000000	0.000000	0.000000	0.000000	0.000000	0.000000	0.000000	0.000000	0.000000	0.000000	0.000000	0.000000	0.000000	0.000000	0.000000	0.000000	0.000000	0.000000	0.000000	0.000000	0.000000	0.000000	0.000000	0.000000	0.000000	0.000000	0.000000	0.000000	0.000000	0.000000	0.000000	0.000000	0.000000	0.000000	0.000000	0.000000	0.000000	0.000000	0.000000	0.000000	0.000000	0.000000	0.000000	0.000000	0.000000	0.000000	0.000000	0.000000	0.000000	0.000000	0.000000	0.000000	0.000000	0.000000	0.000000	0.000000	0.000000	0.000000	0.000000	0.000000	0.000000	0.000000	0.000000	0.000000	0.000000	0.000000	0.000000	0.000000	0.000000	0.000000	0.000000	0.000000	0.000000	0.000000	0.000000	0.000000	0.000000	0.000000	0.000000	0.000000	0.000000	0.000000	0.000000	0.000000	0.000000	0.000000	0.000000	0.000000	0.000000	0.000000	0.000000	0.000000	0.000000	0.000000	0.000000	0.000000	0.000000	0.000000	0.000000	0.000000	0.000000	0.000000	0.000000	0.000000	0.000000	0.000000	0.000000	0.000000	0.000000	0.000000	0.000000	0.000000	0.000000	0.000000	0.000000	0.000000	0.000000	0.000000	0.000000	0.000000	0.000000	0.000000	0.000000	0.000000	0.000000	0.000000	0.000000	0.000000	0.000000	0.000000	0.000000	0.000000	0.000000	0.000000	0.000000	0.000000	0.000000	0.000000	0.000000	0.000000	0.000000	0.000000	0.000000	0.000000	0.000000	0.000000	0.000000	0.000000	0.000000	0.000000	0.000000	0.000000	0.000000	0.000000	0.000000	0.000000	0.000000	0.000000	0.000000	0.000000	0.000000	0.000000	0.000000	0.000000	0.000000	0.000000	0.000000	0.000000	0.000000	0.000000	0.000000	0.000000	0.000000	0.000000	0.000000	0.000000	0.000000	0.000000	0.000000	0.000000	0.000000	0.000000	0.000000	0.000000	0.000000	0.000000	0.000000	0.000000	0.000000	0.000000	0.000000	0.000000	0.000000	0.000000	0.000000	0.000000	0.000000	0.000000	0.000000	0.000000	0.000000	0.000000	0.000000	0.000000	0.000000	0.000000	0.000000	0.000000	0.000000	0.000000	0.000000	0.000000	0.000000	0.000000	0.000000	0.000000	0.000000	0.000000	0.000000	0.000000	0.000000	0.000000	0.000000	0.000000	0.000000	0.000000	0.000000	0.000000	0.000000	0.000000	0.000000	0.000000	0.000000	0.000000	0.000000	0.000000	0.000000	0.000000	0.000000	0.000000	0.000000	0.000000	0.000000	0.000000	0.000000	0.000000	0.000000	0.000000	0.000000	0.000000	0.000000	0.000000	0.000000	0.000000	0.000000	0.000000	0.000000	0.000000	0.000000	0.000000	0.000000	0.000000	0.000000	0.000000	0.000000	0.000000	0.000000	0.000000	0.000000	0.000000	0.000000	0.000000	0.000000	0.000000	0.000000	0.000000	0.000000	0.000000	0.000000	0.000000	0.000000	0.000000	0.000000	0.000000	0.000000	0.000000	0.000000	0.000000	0.000000	0.000000	0.000000	0.000000	0.000000	0.000000	0.000000	0.000000	0.000000	0.000000	0.000000	0.000000	0.000000	0.000000	0.000000	0.000000	0.000000	0.000000	0.000000	0.000000	0.000000	0.000000	0.000000	0.000000	0.000000	0.000000	0.000000	0.000000	0.000000	0.000000	0.000000	0.000000	0.000000	0.000000	0.000000	0.000000	0.000000	0.000000	0.000000	0.000000	0.000000	0.000000	
input12
0.000000	0.000000	0.000000	0.000000	0.000000	0.000000	0.000000	0.000000	0.000000	0.000000	0.000000	0.000000	0.000000	0.000000	0.000000	0.000000	0.000000	0.000000	0.000000	0.000000	0.000000	0.000000	0.000000	0.000000	0.000000	0.000000	0.000000	0.000000	0.000000	0.000000	0.000000	0.000000	0.000000	0.000000	0.000000	0.000000	0.000000	0.000000	0.000000	0.000000	0.000000	0.000000	0.000000	0.000000	0.000000	0.000000	0.000000	0.000000	0.000000	0.000000	0.000000	0.000000	0.000000	0.000000	0.000000	0.000000	0.000000	0.000000	0.000000	0.000000	0.000000	0.000000	0.000000	0.000000	0.000000	0.000000	0.000000	0.000000	0.000000	0.000000	0.000000	0.000000	0.000000	0.000000	0.000000	0.000000	0.000000	0.000000	0.000000	0.000000	0.000000	0.000000	0.000000	0.000000	0.000000	0.000000	0.000000	0.000000	0.000000	0.000000	0.000000	0.000000	0.000000	0.000000	0.000000	0.000000	0.000000	0.000000	0.000000	0.000000	0.000000	0.000000	0.000000	0.000000	0.000000	0.000000	0.000000	0.000000	0.000000	0.000000	0.000000	0.000000	0.000000	0.000000	0.000000	0.000000	0.000000	0.000000	0.000000	0.000000	0.000000	0.000000	0.000000	0.000000	0.000000	0.000000	0.000000	0.000000	0.000000	0.000000	0.000000	0.000000	0.000000	0.000000	0.000000	0.000000	0.000000	0.000000	0.000000	0.000000	0.000000	0.000000	0.000000	0.000000	0.000000	0.000000	0.000000	0.000000	0.000000	0.000000	0.000000	0.000000	0.000000	0.000000	0.000000	0.000000	0.000000	0.000000	0.000000	0.000000	0.000000	0.000000	0.000000	0.000000	0.000000	0.000000	0.000000	0.000000	0.000000	0.000000	0.000000	0.000000	0.000000	0.000000	0.000000	0.000000	0.000000	0.000000	0.000000	0.000000	0.000000	0.000000	0.000000	0.000000	0.000000	0.000000	0.000000	0.000000	0.000000	0.000000	0.000000	0.000000	0.000000	0.000000	0.000000	0.000000	0.000000	0.000000	0.000000	0.000000	0.000000	0.000000	0.000000	0.000000	0.000000	0.000000	0.000000	0.000000	0.000000	0.000000	0.000000	0.000000	0.000000	0.000000	0.000000	0.000000	0.000000	0.000000	0.000000	0.000000	0.000000	0.000000	0.000000	0.000000	0.000000	0.000000	0.000000	0.000000	0.000000	0.000000	0.000000	0.000000	0.000000	0.000000	0.000000	0.000000	0.000000	0.000000	0.000000	0.000000	0.000000	0.000000	0.000000	0.000000	0.000000	0.000000	0.000000	0.000000	0.000000	0.000000	0.000000	0.000000	0.000000	0.000000	0.000000	0.000000	0.000000	0.000000	0.000000	0.000000	0.000000	0.000000	0.000000	0.000000	0.000000	0.000000	0.000000	0.000000	0.000000	0.000000	0.000000	0.000000	0.000000	0.000000	0.000000	0.000000	0.000000	0.000000	0.000000	0.000000	0.000000	0.000000	0.000000	0.000000	0.000000	0.000000	0.000000	0.000000	0.000000	0.000000	0.000000	0.000000	0.000000	0.000000	0.000000	0.000000	0.000000	0.000000	0.000000	0.000000	0.000000	0.000000	0.000000	0.000000	0.000000	0.000000	0.000000	0.000000	0.000000	0.000000	0.000000	0.000000	0.000000	0.000000	0.000000	0.000000	0.000000	0.000000	0.000000	0.000000	0.000000	0.000000	0.000000	0.000000	0.000000	0.000000	0.000000	0.000000	0.000000	0.000000	0.000000	0.000000	0.000000	0.000000	0.000000	0.000000	0.000000	0.000000	0.000000	0.000000	
input13
0.000000	0.000000	0.000000	0.000000	0.000000	0.000000	0.000000	0.000000	0.000000	0.000000	0.000000	0.000000	0.000000	0.000000	0.000000	0.000000	0.000000	0.000000	0.000000	0.000000	0.000000	0.000000	0.000000	0.000000	0.000000	0.000000	0.000000	0.000000	0.000000	0.000000	0.000000	0.000000	0.000000	0.000000	0.000000	0.000000	0.000000	0.000000	0.000000	0.000000	0.000000	0.000000	0.000000	0.000000	0.000000	0.000000	0.000000	0.000000	0.000000	0.000000	0.000000	0.000000	0.000000	0.000000	0.000000	0.000000	0.000000	0.000000	0.000000	0.000000	0.000000	0.000000	0.000000	0.000000	0.000000	0.000000	0.000000	0.000000	0.000000	0.000000	0.000000	0.000000	0.000000	0.000000	0.000000	0.000000	0.000000	0.000000	0.000000	0.000000	0.000000	0.000000	0.000000	0.000000	0.000000	0.000000	0.000000	0.000000	0.000000	0.000000	0.000000	0.000000	0.000000	0.000000	0.000000	0.000000	0.000000	0.000000	0.000000	0.000000	0.000000	0.000000	0.000000	0.000000	0.000000	0.000000	0.000000	0.000000	0.000000	0.000000	0.000000	0.000000	0.000000	0.000000	0.000000	0.000000	0.000000	0.000000	0.000000	0.000000	0.000000	0.000000	0.000000	0.000000	0.000000	0.000000	0.000000	0.000000	0.000000	0.000000	0.000000	0.000000	0.000000	0.000000	0.000000	0.000000	0.000000	0.000000	0.000000	0.000000	0.000000	0.000000	0.000000	0.000000	0.000000	0.000000	0.000000	0.000000	0.000000	0.000000	0.000000	0.000000	0.000000	0.000000	0.000000	0.000000	0.000000	0.000000	0.000000	0.000000	0.000000	0.000000	0.000000	0.000000	0.000000	0.000000	0.000000	0.000000	0.000000	0.000000	0.000000	0.000000	0.000000	0.000000	0.000000	0.000000	0.000000	0.000000	0.000000	0.000000	0.000000	0.000000	0.000000	0.000000	0.000000	0.000000	0.000000	0.000000	0.000000	0.000000	0.000000	0.000000	0.000000	0.000000	0.000000	0.000000	0.000000	0.000000	0.000000	0.000000	0.000000	0.000000	0.000000	0.000000	0.000000	0.000000	0.000000	0.000000	0.000000	0.000000	0.000000	0.000000	0.000000	0.000000	0.000000	0.000000	0.000000	0.000000	0.000000	0.000000	0.000000	0.000000	0.000000	0.000000	0.000000	0.000000	0.000000	0.000000	0.000000	0.000000	0.000000	0.000000	0.000000	0.000000	0.000000	0.000000	0.000000	0.000000	0.000000	0.000000	0.000000	0.000000	0.000000	0.000000	0.000000	0.000000	0.000000	0.000000	0.000000	0.000000	0.000000	0.000000	0.000000	0.000000	0.000000	0.000000	0.000000	0.000000	0.000000	0.000000	0.000000	0.000000	0.000000	0.000000	0.000000	0.000000	0.000000	0.000000	0.000000	0.000000	0.000000	0.000000	0.000000	0.000000	0.000000	0.000000	0.000000	0.000000	0.000000	0.000000	0.000000	0.000000	0.000000	0.000000	0.000000	0.000000	0.000000	0.000000	0.000000	0.000000	0.000000	0.000000	0.000000	0.000000	0.000000	0.000000	0.000000	0.000000	0.000000	0.000000	0.000000	0.000000	0.000000	0.000000	0.000000	0.000000	0.000000	0.000000	0.000000	0.000000	0.000000	0.000000	0.000000	0.000000	0.000000	0.000000	0.000000	0.000000	0.000000	0.000000	0.000000	0.000000	0.000000	0.000000	0.000000	0.000000	0.000000	0.000000	0.000000	0.000000	0.000000	0.000000	0.000000	0.000000	0.000000	0.000000	0.000000	0.000000	0.000000	0.000000	
input14
0.000000	0.000000	0.000000	0.000000	0.000000	0.000000	0.000000	0.000000	0.000000	0.000000	0.000000	0.000000	0.000000	0.000000	0.000000	0.000000	0.000000	0.000000	0.000000	0.000000	0.000000	0.000000	0.000000	0.000000	0.000000	0.000000	0.000000	0.000000	0.000000	0.000000	0.000000	0.000000	0.000000	0.000000	0.000000	0.000000	0.000000	0.000000	0.000000	0.000000	0.000000	0.000000	0.000000	0.000000	0.000000	0.000000	0.000000	0.000000	0.000000	0.000000	0.000000	0.000000	0.000000	0.000000	0.000000	0.000000	0.000000	0.000000	0.000000	0.000000	0.000000	0.000000	0.000000	0.000000	0.000000	0.000000	0.000000	0.000000	0.000000	0.000000	0.000000	0.000000	0.000000	0.000000	0.000000	0.000000	0.000000	0.000000	0.000000	0.000000	0.000000	0.000000	0.000000	0.000000	0.000000	0.000000	0.000000	0.000000	0.000000	0.000000	0.000000	0.000000	0.000000	0.000000	0.000000	0.000000	0.000000	0.000000	0.000000	0.000000	0.000000	0.000000	0.000000	0.000000	0.000000	0.000000	0.000000	0.000000	0.000000	0.000000	0.000000	0.000000	0.000000	0.000000	0.000000	0.000000	0.000000	0.000000	0.000000	0.000000	0.000000	0.000000	0.000000	0.000000	0.000000	0.000000	0.000000	0.000000	0.000000	0.000000	0.000000	0.000000	0.000000	0.000000	0.000000	0.000000	0.000000	0.000000	0.000000	0.000000	0.000000	0.000000	0.000000	0.000000	0.000000	0.000000	0.000000	0.000000	0.000000	0.000000	0.000000	0.000000	0.000000	0.000000	0.000000	0.000000	0.000000	0.000000	0.000000	0.000000	0.000000	0.000000	0.000000	0.000000	0.000000	0.000000	0.000000	0.000000	0.000000	0.000000	0.000000	0.000000	0.000000	0.000000	0.000000	0.000000	0.000000	0.000000	0.000000	0.000000	0.000000	0.000000	0.000000	0.000000	0.000000	0.000000	0.000000	0.000000	0.000000	0.000000	0.000000	0.000000	0.000000	0.000000	0.000000	0.000000	0.000000	0.000000	0.000000	0.000000	0.000000	0.000000	0.000000	0.000000	0.000000	0.000000	0.000000	0.000000	0.000000	0.000000	0.000000	0.000000	0.000000	0.000000	0.000000	0.000000	0.000000	0.000000	0.000000	0.000000	0.000000	0.000000	0.000000	0.000000	0.000000	0.000000	0.000000	0.000000	0.000000	0.000000	0.000000	0.000000	0.000000	0.000000	0.000000	0.000000	0.000000	0.000000	0.000000	0.000000	0.000000	0.000000	0.000000	0.000000	0.000000	0.000000	0.000000	0.000000	0.000000	0.000000	0.000000	0.000000	0.000000	0.000000	0.000000	0.000000	0.000000	0.000000	0.000000	0.000000	0.000000	0.000000	0.000000	0.000000	0.000000	0.000000	0.000000	0.000000	0.000000	0.000000	0.000000	0.000000	0.000000	0.000000	0.000000	0.000000	0.000000	0.000000	0.000000	0.000000	0.000000	0.000000	0.000000	0.000000	0.000000	0.000000	0.000000	0.000000	0.000000	0.000000	0.000000	0.000000	0.000000	0.000000	0.000000	0.000000	0.000000	0.000000	0.000000	0.000000	0.000000	0.000000	0.000000	0.000000	0.000000	0.000000	0.000000	0.000000	0.000000	0.000000	0.000000	0.000000	0.000000	0.000000	0.000000	0.000000	0.000000	0.000000	0.000000	0.000000	0.000000	0.000000	0.000000	0.000000	0.000000	0.000000	0.000000	0.000000	0.000000	0.000000	0.000000	0.000000	0.000000	0.000000	0.000000	0.000000	0.000000	0.000000	0.000000	0.000000	
input15
0.000000	0.000000	0.000000	0.000000	0.000000	0.000000	0.000000	0.000000	0.000000	0.000000	0.000000	0.000000	0.000000	0.000000	0.000000	0.000000	0.000000	0.000000	0.000000	3.000000	
output1
65.731462	65.731462	65.731462	65.731462	65.731462	65.731462	63.502944	62.220533	60.956247	60.975994	61.225965	62.029659	62.720443	63.522307	63.810864	63.926934	64.023941	64.288986	64.587626	65.224914	64.950901	65.243923	65.633303	66.248885	66.675659	65.884787	65.764745	65.553531	64.367325	63.762167	62.200515	60.596222	60.069814	61.944322	63.967775	66.332454	68.649522	70.679019	72.313406	73.521784	74.628737	76.385891	77.946801	79.559387	80.998690	81.652230	82.113177	82.331257	82.075043	82.037569	81.891714	81.563820	80.900491	80.056607	79.114382	78.310108	76.992938	76.468425	74.253606	72.467023	71.405815	68.398719	67.442475	65.611106	63.767741	61.757807	59.608111	57.147059	54.682299	52.313157	50.180651	47.964741	45.488765	42.457410	39.118381	35.742035	33.111259	32.086932	29.459352	27.744855	27.008874	25.719470	24.584787	24.488547	25.103437	26.195346	27.853600	29.437531	31.478062	33.411498	34.753123	36.938440	37.747873	39.842185	44.547263	47.982682	49.594997	52.893850	55.803761	58.074224	61.584547	63.532209	67.470174	69.314103	71.297293	73.107624	75.065902	76.837115	78.383220	79.645604	80.423014	81.144930	81.440934	81.564944	81.504773	80.775951	80.172065	79.551402	78.217501	76.887972	74.368126	72.828044	72.162275	70.457394	68.521906	66.029566	63.050680	60.005147	56.634013	52.739563	48.398271	44.351273	40.972375	38.156781	36.096949	33.563396	30.432612	28.010900	26.015956	25.523192	26.046571	27.403542	33.695781	37.468576	39.402096	42.707759	46.776924	49.035067	50.648293	51.337795	54.601617	56.300221	59.665475	61.053383	62.278510	63.601768	65.068437	68.983720	71.608410	74.189493	76.619306	77.837488	79.047937	80.180593	80.691558	81.425035	81.524094	81.464071	81.490586	81.096914	80.083181	79.527743	77.734572	75.595088	72.184534	69.686160	68.572649	65.745153	63.991989	62.483796	60.776152	58.119632	50.028533	42.092008	33.068196	25.535426	20.293661	18.576921	20.568562	24.967438	33.648435	36.487654	41.624263	46.748166	51.536434	55.869052	62.515123	66.178258	66.295646	66.722711	66.590324	67.336035	68.501112	69.394195	71.372570	74.122725	76.146159	77.833813	78.794265	79.151548	79.774741	79.906421	80.158069	80.352241	80.829660	81.218368	81.193476	80.461747	77.554909	74.855679	75.791731	72.651090	70.133956	65.094222	61.306877	56.913215	52.798339	46.524724	44.630536	38.510427	34.961276	34.188234	36.065407	37.653673	39.343867	43.964580	46.054861	49.504380	56.298447	58.611337	65.259673	70.631999	73.188480	74.204414	76.678313	77.786542	78.524715	80.049739	80.620382	81.160501	81.379777	81.433823	81.712414	81.885590	81.845065	81.478998	80.678910	80.005765	79.240929	78.939944	78.130204	77.124522	76.175345	75.067966	73.338180	71.102943	65.161364	62.871165	56.131226	52.155668	48.762236	45.635032	42.624205	40.078357	37.927979	35.439376	34.421745	34.155035	34.874854	36.498797	38.571829	41.261613	44.775530	46.715169	48.400489	50.909180	54.454351	58.464447	64.320786	67.259290	69.917055	72.495246	74.876386	76.824730	77.683820	80.051714	80.560358	81.215419	81.079388	81.134205	80.978537	78.768413	74.407332	72.349932	66.423160	62.374168	53.631589	49.063860	43.236910	40.006306	32.869680	31.634019	32.638321	38.728306	49.432109	52.114889	52.002342	58.923772	60.058817	64.035187	67.528598	73.009447	76.222161	77.842020	79.035320	79.444818	80.389861	80.279363	80.878654	81.056298	80.069655	77.600529	69.758248	66.203773	67.039338	63.009746	62.347878	62.750256	63.305659	64.496992	
output2
50.501003	50.501003	50.501003	50.501003	50.501003	50.501003	47.537649	47.229230	46.502749	46.399860	46.468396	46.732133	46.765798	46.863523	46.907118	46.703047	46.534494	46.581770	46.592029	47.055109	46.515205	46.554863	46.538758	46.653861	46.522836	46.153809	46.353855	46.457662	46.360908	46.331282	46.368721	46.585153	46.665984	46.080320	45.759699	45.769362	45.998564	46.397042	46.608147	46.616437	46.191759	46.138462	46.036294	46.123838	46.481803	46.464234	46.543886	46.596930	46.290844	46.256300	46.162530	46.287245	46.214725	46.197637	46.213863	46.397399	46.605831	46.581305	46.593084	46.550294	46.428236	46.560025	46.475060	46.411726	46.523798	46.510590	46.479674	46.616197	46.511580	46.407086	46.673998	46.496638	46.487534	46.511682	46.515443	46.504014	46.758019	46.838966	46.901184	47.046363	46.994280	47.044777	46.985783	46.960342	46.941622	47.030351	47.050808	47.034657	47.058848	46.976160	46.940216	46.912718	46.850431	46.787695	46.770849	46.715971	46.663921	46.754263	46.778861	46.567253	46.648849	46.502849	46.548346	46.544711	46.560724	46.303488	45.906542	45.624288	45.680185	45.929231	46.158528	46.444184	46.248831	45.934776	45.768138	45.470586	45.792350	45.742221	45.786033	46.006952	46.235541	46.505436	46.614150	46.777565	46.807656	46.754500	46.654785	46.683205	46.782745	46.743197	46.724909	46.965531	47.038158	46.848422	46.839750	46.636727	46.306538	46.228118	46.024189	46.377138	46.471878	46.219879	45.927565	46.034227	46.144205	46.322237	46.477803	46.686084	46.563637	46.566722	46.616293	46.569572	46.672843	46.735859	46.712030	46.784783	46.762866	46.029967	45.737191	45.787010	46.172842	45.976929	45.983000	46.015089	45.623878	45.836460	45.799497	45.876256	46.063714	46.453436	46.281516	46.249608	45.983570	45.887887	46.221326	46.261328	46.242593	46.601890	46.654464	46.776750	46.842413	46.686890	45.392460	44.562657	44.218120	44.984502	45.316603	45.708067	45.808613	46.010918	46.574260	46.570642	46.486665	46.338436	46.213911	46.256964	46.301942	46.657300	46.138757	46.292832	45.768149	45.495066	45.732796	45.762118	45.788319	45.814512	46.393506	46.322430	46.503193	46.530568	46.721590	46.640687	46.624141	46.624250	46.361006	46.322159	46.136994	45.811555	45.504936	45.981618	48.711805	45.959135	45.955433	45.543155	45.670531	45.605847	45.734169	45.754444	45.768935	45.778015	45.060424	44.409910	44.807797	45.420004	45.960233	46.525437	46.318490	46.310991	46.165060	46.155736	46.369385	46.539577	46.601074	46.671670	46.939600	46.922347	46.727562	46.522694	46.620124	46.859142	46.947995	46.874370	47.142024	47.305580	47.185898	46.735346	46.162279	46.105452	46.222745	46.411163	46.589276	46.439536	46.480994	46.383530	46.129582	45.978399	45.212034	45.222986	45.738536	46.188863	46.334413	46.235326	45.987782	45.867960	45.878749	45.945885	46.157204	46.168189	46.028382	45.999363	45.964847	46.626738	46.758240	46.939748	46.996987	46.951424	46.583230	46.822173	46.869498	46.621780	46.490824	46.229541	46.151967	46.081245	46.041487	46.328768	46.582320	46.737269	46.446999	46.503485	46.467028	45.232148	45.112838	45.859196	45.832906	45.526632	45.832807	45.773219	45.803789	45.799045	44.951522	41.533537	44.192139	44.169383	45.908528	48.040168	46.001299	52.012645	46.570006	50.608106	46.541046	46.214975	46.440492	46.382119	46.637741	46.442903	46.658769	46.314838	46.497724	46.608450	46.419899	45.538134	44.703273	45.428677	46.329101	46.155270	46.414056	46.350345	46.408892	46.447706	
output3
50.501003	50.501003	50.501003	50.501003	50.501003	50.501003	47.537649	47.229230	46.502749	46.399860	46.468396	46.732133	46.765798	46.863523	46.907118	46.703047	46.534494	46.581770	46.592029	47.055109	46.515205	46.554863	46.538758	46.653861	46.522836	46.153809	46.353855	46.457662	46.360908	46.331282	46.368721	46.585153	46.665984	46.080320	45.759699	45.769362	45.998564	46.397042	46.608147	46.616437	46.191759	46.138462	46.036294	46.123838	46.481803	46.464234	46.543886	46.596930	46.290844	46.256300	46.162530	46.287245	46.214725	46.197637	46.213863	46.397399	46.605831	46.581305	46.593084	46.550294	46.428236	46.560025	46.475060	46.411726	46.523798	46.510590	46.479674	46.616197	46.511580	46.407086	46.673998	46.496638	46.487534	46.511682	46.515443	46.504014	46.758019	46.838966	46.901184	47.046363	46.994280	47.044777	46.985783	46.960342	46.941622	47.030351	47.050808	47.034657	47.058848	46.976160	46.940216	46.912718	46.850431	46.787695	46.770849	46.715971	46.663921	46.754263	46.778861	46.567253	46.648849	46.502849	46.548346	46.544711	46.560724	46.303488	45.906542	45.624288	45.680185	45.929231	46.158528	46.444184	46.248831	45.934776	45.768138	45.470586	45.792350	45.742221	45.786033	46.006952	46.235541	46.505436	46.614150	46.777565	46.807656	46.754500	46.654785	46.683205	46.782745	46.743197	46.724909	46.965531	47.038158	46.848422	46.839750	46.636727	46.306538	46.228118	46.024189	46.377138	46.471878	46.219879	45.927565	46.034227	46.144205	46.322237	46.477803	46.686084	46.563637	46.566722	46.616293	46.569572	46.672843	46.735859	46.712030	46.784783	46.762866	46.029967	45.737191	45.787010	46.172842	45.976929	45.983000	46.015089	45.623878	45.836460	45.799497	45.876256	46.063714	46.453436	46.281516	46.249608	45.983570	45.887887	46.221326	46.261328	46.242593	46.601890	46.654464	46.776750	46.842413	46.686890	45.392460	44.562657	44.218120	44.984502	45.316603	45.708067	45.808613	46.010918	46.574260	46.570642	46.486665	46.338436	46.213911	46.256964	46.301942	46.657300	46.138757	46.292832	45.768149	45.495066	45.732796	45.762118	45.788319	45.814512	46.393506	46.322430	46.503193	46.530568	46.721590	46.640687	46.624141	46.624250	46.361006	46.322159	46.136994	45.811555	45.504936	45.981618	48.711805	45.959135	45.955433	45.543155	45.670531	45.605847	45.734169	45.754444	45.768935	45.778015	45.060424	44.409910	44.807797	45.420004	45.960233	46.525437	46.318490	46.310991	46.165060	46.155736	46.369385	46.539577	46.601074	46.671670	46.939600	46.922347	46.727562	46.522694	46.620124	46.859142	46.947995	46.874370	47.142024	47.305580	47.185898	46.735346	46.162279	46.105452	46.222745	46.411163	46.589276	46.439536	46.480994	46.383530	46.129582	45.978399	45.212034	45.222986	45.738536	46.188863	46.334413	46.235326	45.987782	45.867960	45.878749	45.945885	46.157204	46.168189	46.028382	45.999363	45.964847	46.626738	46.758240	46.939748	46.996987	46.951424	46.583230	46.822173	46.869498	46.621780	46.490824	46.229541	46.151967	46.081245	46.041487	46.328768	46.582320	46.737269	46.446999	46.503485	46.467028	45.232148	45.112838	45.859196	45.832906	45.526632	45.832807	45.773219	45.803789	45.799045	44.951522	41.533537	44.192139	44.169383	45.908528	48.040168	46.001299	52.012645	46.570006	50.608106	46.541046	46.214975	46.440492	46.382119	46.637741	46.442903	46.658769	46.314838	46.497724	46.608450	46.419899	45.538134	44.703273	45.428677	46.329101	46.155270	46.414056	46.350345	46.408892	46.447706	
output4
1.000000	0.000000	0.000000	1.000000	0.000000	1.000000	-10.933852	-19.076780	-28.241186	61.491349	14.235681	42.914429	46.406038	0.495998	5.606606	46.406038	0.495998	5.606606	0.000000	3.000000	