input0
69.000000
input1
0.000000	0.000000	0.000000	0.000000	0.000000	0.000000	0.000000	0.000000	0.000000	0.000000	0.000000	0.000000	0.000000	0.000000	0.000000	0.000000	0.000000	0.000000	0.000000	0.000000	0.000000	0.000000	0.000000	0.000000	0.000000	0.000000	0.000000	0.000000	0.000000	0.000000	0.000000	0.000000	0.000000	0.000000	0.000000	0.000000	0.000000	0.000000	0.000000	0.000000	0.000000	0.000000	0.000000	0.000000	0.000000	0.000000	0.000000	0.000000	0.000000	0.000000	0.000000	0.000000	0.000000	0.000000	0.000000	0.000000	0.000000	0.000000	0.000000	0.000000	0.000000	0.000000	0.000000	0.000000	0.000000	0.000000	0.000000	0.000000	0.000000	
input2
0.000000	0.000000	0.000000	0.000000	0.000000	0.000000	0.000000	0.000000	0.000000	0.000000	0.000000	0.000000	0.000000	0.000000	0.000000	0.000000	0.000000	0.000000	0.000000	0.000000	0.000000	0.000000	0.000000	0.000000	0.000000	0.000000	0.000000	0.000000	0.000000	0.000000	0.000000	0.000000	0.000000	0.000000	0.000000	0.000000	0.000000	0.000000	0.000000	0.000000	0.000000	0.000000	0.000000	0.000000	0.000000	0.000000	0.000000	0.000000	0.000000	0.000000	0.000000	0.000000	0.000000	0.000000	0.000000	0.000000	0.000000	0.000000	0.000000	0.000000	0.000000	0.000000	0.000000	0.000000	0.000000	0.000000	0.000000	0.000000	0.000000	
input3
0.000000	0.000000	0.000000	0.000000	0.000000	0.000000	0.000000	0.000000	0.000000	0.000000	0.000000	0.000000	0.000000	0.000000	0.000000	0.000000	0.000000	0.000000	0.000000	0.000000	0.000000	0.000000	0.000000	0.000000	0.000000	0.000000	0.000000	0.000000	0.000000	0.000000	0.000000	0.000000	0.000000	0.000000	0.000000	0.000000	0.000000	0.000000	0.000000	0.000000	0.000000	0.000000	0.000000	0.000000	0.000000	0.000000	0.000000	0.000000	0.000000	0.000000	0.000000	0.000000	0.000000	0.000000	0.000000	0.000000	0.000000	0.000000	0.000000	0.000000	0.000000	0.000000	0.000000	0.000000	0.000000	0.000000	0.000000	0.000000	0.000000	
input4
-17.227000	-17.227000	-17.227000	-17.227000	-17.227000	-30.780000	-32.767000	-32.767000	-36.153000	-34.567000	-31.440000	-29.367000	-24.513000	-20.227000	-18.593000	-18.000000	-17.427000	-17.880000	-19.067000	-19.040000	-19.040000	-19.300000	-19.680000	-19.953000	-20.340000	-20.640000	-21.140000	-21.767000	-21.840000	-21.700000	-21.180000	-20.793000	-20.453000	-19.713000	-19.980000	-20.027000	-20.400000	-21.040000	-21.393000	-21.580000	-21.493000	-20.780000	-20.013000	-19.567000	-19.380000	-19.327000	-19.353000	-19.393000	-19.300000	-19.127000	-18.953000	-18.727000	-18.740000	-18.513000	-18.400000	-18.080000	-17.693000	-17.567000	-17.580000	-17.567000	-17.667000	-17.813000	-18.167000	-18.500000	-18.793000	-19.093000	-19.600000	-19.793000	-20.240000	
input5
32.060000	32.060000	32.060000	32.060000	32.060000	6.800000	6.800000	-0.707000	-8.860000	-6.100000	0.293000	3.727000	8.053000	11.527000	11.700000	10.980000	11.367000	11.667000	12.527000	13.280000	13.867000	14.753000	16.267000	17.967000	19.813000	21.580000	23.253000	24.480000	25.340000	25.713000	25.393000	25.027000	24.467000	20.293000	17.313000	15.667000	12.193000	7.700000	2.653000	-2.847000	-9.620000	-17.360000	-26.233000	-35.207000	-43.260000	-49.660000	-54.147000	-57.647000	-60.347000	-62.920000	-63.900000	-63.287000	-60.947000	-58.173000	-56.520000	-52.773000	-45.420000	-40.047000	-37.387000	-32.107000	-27.447000	-22.847000	-18.007000	-12.020000	-5.887000	-0.207000	4.667000	7.767000	10.480000	
input6
-28.367000	-28.367000	-28.367000	-28.367000	-28.367000	-60.033000	-60.033000	-62.793000	-65.060000	-64.587000	-63.327000	-62.560000	-62.287000	-61.347000	-61.927000	-62.747000	-62.613000	-62.353000	-61.460000	-60.360000	-59.940000	-58.720000	-57.107000	-54.547000	-51.593000	-48.340000	-43.927000	-39.027000	-33.333000	-27.220000	-21.487000	-18.720000	-16.127000	-5.560000	-0.773000	1.293000	5.053000	8.253000	10.980000	13.460000	15.373000	16.027000	15.247000	12.900000	9.087000	4.833000	-0.133000	-5.373000	-10.447000	-19.193000	-24.807000	-34.933000	-44.040000	-50.533000	-53.193000	-58.087000	-65.073000	-68.313000	-69.613000	-71.693000	-73.007000	-73.360000	-73.547000	-72.453000	-70.973000	-69.240000	-66.480000	-64.647000	-62.180000	
input7
0.000000	0.000000	0.000000	0.000000	0.000000	0.000000	0.000000	0.000000	0.000000	0.000000	0.000000	0.000000	0.000000	0.000000	0.000000	0.000000	0.000000	0.000000	0.000000	0.000000	0.000000	0.000000	0.000000	0.000000	0.000000	0.000000	0.000000	0.000000	0.000000	0.000000	0.000000	0.000000	0.000000	0.000000	0.000000	0.000000	0.000000	0.000000	0.000000	0.000000	0.000000	0.000000	0.000000	0.000000	0.000000	0.000000	0.000000	0.000000	0.000000	0.000000	0.000000	0.000000	0.000000	0.000000	0.000000	0.000000	0.000000	0.000000	0.000000	0.000000	0.000000	0.000000	0.000000	0.000000	0.000000	0.000000	0.000000	0.000000	0.000000	
input8
0.000000	0.000000	0.000000	0.000000	0.000000	0.000000	0.000000	0.000000	0.000000	0.000000	0.000000	0.000000	0.000000	0.000000	0.000000	0.000000	0.000000	0.000000	0.000000	0.000000	0.000000	0.000000	0.000000	0.000000	0.000000	0.000000	0.000000	0.000000	0.000000	0.000000	0.000000	0.000000	0.000000	0.000000	0.000000	0.000000	0.000000	0.000000	0.000000	0.000000	0.000000	0.000000	0.000000	0.000000	0.000000	0.000000	0.000000	0.000000	0.000000	0.000000	0.000000	0.000000	0.000000	0.000000	0.000000	0.000000	0.000000	0.000000	0.000000	0.000000	0.000000	0.000000	0.000000	0.000000	0.000000	0.000000	0.000000	0.000000	0.000000	
input9
0.000000	0.000000	0.000000	0.000000	0.000000	0.000000	0.000000	0.000000	0.000000	0.000000	0.000000	0.000000	0.000000	0.000000	0.000000	0.000000	0.000000	0.000000	0.000000	0.000000	0.000000	0.000000	0.000000	0.000000	0.000000	0.000000	0.000000	0.000000	0.000000	0.000000	0.000000	0.000000	0.000000	0.000000	0.000000	0.000000	0.000000	0.000000	0.000000	0.000000	0.000000	0.000000	0.000000	0.000000	0.000000	0.000000	0.000000	0.000000	0.000000	0.000000	0.000000	0.000000	0.000000	0.000000	0.000000	0.000000	0.000000	0.000000	0.000000	0.000000	0.000000	0.000000	0.000000	0.000000	0.000000	0.000000	0.000000	0.000000	0.000000	
input10
0.000000	0.000000	0.000000	0.000000	0.000000	0.000000	0.000000	0.000000	0.000000	0.000000	0.000000	0.000000	0.000000	0.000000	0.000000	0.000000	0.000000	0.000000	0.000000	0.000000	0.000000	0.000000	0.000000	0.000000	0.000000	0.000000	0.000000	0.000000	0.000000	0.000000	0.000000	0.000000	0.000000	0.000000	0.000000	0.000000	0.000000	0.000000	0.000000	0.000000	0.000000	0.000000	0.000000	0.000000	0.000000	0.000000	0.000000	0.000000	0.000000	0.000000	0.000000	0.000000	0.000000	0.000000	0.000000	0.000000	0.000000	0.000000	0.000000	0.000000	0.000000	0.000000	0.000000	0.000000	0.000000	0.000000	0.000000	0.000000	0.000000	
input11
0.000000	0.000000	0.000000	0.000000	0.000000	0.000000	0.000000	0.000000	0.000000	0.000000	0.000000	0.000000	0.000000	0.000000	0.000000	0.000000	0.000000	0.000000	0.000000	0.000000	0.000000	0.000000	0.000000	0.000000	0.000000	0.000000	0.000000	0.000000	0.000000	0.000000	0.000000	0.000000	0.000000	0.000000	0.000000	0.000000	0.000000	0.000000	0.000000	0.000000	0.000000	0.000000	0.000000	0.000000	0.000000	0.000000	0.000000	0.000000	0.000000	0.000000	0.000000	0.000000	0.000000	0.000000	0.000000	0.000000	0.000000	0.000000	0.000000	0.000000	0.000000	0.000000	0.000000	0.000000	0.000000	0.000000	0.000000	0.000000	0.000000	
input12
0.000000	0.000000	0.000000	0.000000	0.000000	0.000000	0.000000	0.000000	0.000000	0.000000	0.000000	0.000000	0.000000	0.000000	0.000000	0.000000	0.000000	0.000000	0.000000	0.000000	0.000000	0.000000	0.000000	0.000000	0.000000	0.000000	0.000000	0.000000	0.000000	0.000000	0.000000	0.000000	0.000000	0.000000	0.000000	0.000000	0.000000	0.000000	0.000000	0.000000	0.000000	0.000000	0.000000	0.000000	0.000000	0.000000	0.000000	0.000000	0.000000	0.000000	0.000000	0.000000	0.000000	0.000000	0.000000	0.000000	0.000000	0.000000	0.000000	0.000000	0.000000	0.000000	0.000000	0.000000	0.000000	0.000000	0.000000	0.000000	0.000000	
input13
0.000000	0.000000	0.000000	0.000000	0.000000	0.000000	0.000000	0.000000	0.000000	0.000000	0.000000	0.000000	0.000000	0.000000	0.000000	0.000000	0.000000	0.000000	0.000000	0.000000	0.000000	0.000000	0.000000	0.000000	0.000000	0.000000	0.000000	0.000000	0.000000	0.000000	0.000000	0.000000	0.000000	0.000000	0.000000	0.000000	0.000000	0.000000	0.000000	0.000000	0.000000	0.000000	0.000000	0.000000	0.000000	0.000000	0.000000	0.000000	0.000000	0.000000	0.000000	0.000000	0.000000	0.000000	0.000000	0.000000	0.000000	0.000000	0.000000	0.000000	0.000000	0.000000	0.000000	0.000000	0.000000	0.000000	0.000000	0.000000	0.000000	
input14
0.000000	0.000000	0.000000	0.000000	0.000000	0.000000	0.000000	0.000000	0.000000	0.000000	0.000000	0.000000	0.000000	0.000000	0.000000	0.000000	0.000000	0.000000	0.000000	0.000000	0.000000	0.000000	0.000000	0.000000	0.000000	0.000000	0.000000	0.000000	0.000000	0.000000	0.000000	0.000000	0.000000	0.000000	0.000000	0.000000	0.000000	0.000000	0.000000	0.000000	0.000000	0.000000	0.000000	0.000000	0.000000	0.000000	0.000000	0.000000	0.000000	0.000000	0.000000	0.000000	0.000000	0.000000	0.000000	0.000000	0.000000	0.000000	0.000000	0.000000	0.000000	0.000000	0.000000	0.000000	0.000000	0.000000	0.000000	0.000000	0.000000	
input15
0.000000	0.000000	0.000000	0.000000	0.000000	0.000000	0.000000	0.000000	0.000000	0.000000	0.000000	0.000000	0.000000	0.000000	0.000000	0.000000	0.000000	0.000000	0.000000	3.000000	
output1
46.144337	46.144337	46.144337	46.144337	46.144337	67.805674	68.730469	70.831751	74.955604	73.508966	70.702676	69.210294	67.419644	65.615986	65.708013	66.194761	65.979518	65.906827	65.557668	64.670005	64.402010	63.546671	62.554993	60.797290	58.890646	56.819553	54.010952	50.952717	47.224888	43.277902	39.434604	37.538487	35.735688	28.832652	26.448779	25.459919	24.297367	23.876424	24.192132	25.592448	28.121568	31.464944	36.347785	42.294330	48.265781	53.507069	57.501773	61.058449	64.213630	68.506494	71.118306	74.674356	77.493522	79.249058	79.765692	80.535554	81.305067	81.111206	80.949453	80.494380	79.971762	78.873177	77.868178	75.737491	73.654602	71.824530	69.466044	68.053830	66.225678	
output2
51.337493	51.337493	51.337493	51.337493	51.337493	48.002094	49.107155	47.788814	49.359585	48.591762	47.788383	47.534454	47.222595	46.977066	46.991106	46.973795	46.955231	47.075432	47.322456	47.036357	47.140078	47.011210	47.174826	47.008347	46.998785	47.024675	46.924040	46.828751	46.645015	46.643155	46.609882	46.607420	46.570306	46.626394	46.926852	46.986036	47.261602	47.192363	47.038434	47.162695	47.199981	46.859937	46.644857	46.879926	47.338343	48.056488	48.116512	48.153328	48.319963	48.217645	48.394086	48.135768	48.153356	48.277878	48.203919	48.050621	48.027383	47.806756	47.756733	47.730370	47.802853	47.462250	47.466084	46.864681	46.721226	47.036267	46.924557	47.101546	46.939159	
output3
51.337493	51.337493	51.337493	51.337493	51.337493	48.002094	49.107155	47.788814	49.359585	48.591762	47.788383	47.534454	47.222595	46.977066	46.991106	46.973795	46.955231	47.075432	47.322456	47.036357	47.140078	47.011210	47.174826	47.008347	46.998785	47.024675	46.924040	46.828751	46.645015	46.643155	46.609882	46.607420	46.570306	46.626394	46.926852	46.986036	47.261602	47.192363	47.038434	47.162695	47.199981	46.859937	46.644857	46.879926	47.338343	48.056488	48.116512	48.153328	48.319963	48.217645	48.394086	48.135768	48.153356	48.277878	48.203919	48.050621	48.027383	47.806756	47.756733	47.730370	47.802853	47.462250	47.466084	46.864681	46.721226	47.036267	46.924557	47.101546	46.939159	
output4
1.000000	0.000000	0.000000	1.000000	0.000000	1.000000	-4.770071	-17.741976	-28.011506	58.653034	14.832246	34.776611	47.687494	0.839611	3.649999	47.687494	0.839611	3.649999	0.000000	3.000000	