input0
21.000000
input1
0.000000	0.000000	0.000000	0.000000	0.000000	0.000000	0.000000	0.000000	0.000000	0.000000	0.000000	0.000000	0.000000	0.000000	0.000000	0.000000	0.000000	0.000000	0.000000	0.000000	0.000000	
input2
0.000000	0.000000	0.000000	0.000000	0.000000	0.000000	0.000000	0.000000	0.000000	0.000000	0.000000	0.000000	0.000000	0.000000	0.000000	0.000000	0.000000	0.000000	0.000000	0.000000	0.000000	
input3
0.000000	0.000000	0.000000	0.000000	0.000000	0.000000	0.000000	0.000000	0.000000	0.000000	0.000000	0.000000	0.000000	0.000000	0.000000	0.000000	0.000000	0.000000	0.000000	0.000000	0.000000	
input4
-17.227000	-17.227000	-17.227000	-17.227000	-17.227000	-30.780000	-32.767000	-32.767000	-36.153000	-34.567000	-31.440000	-29.367000	-24.513000	-20.227000	-18.593000	-18.000000	-17.427000	-17.880000	-19.067000	-19.040000	-19.040000	
input5
32.060000	32.060000	32.060000	32.060000	32.060000	6.800000	6.800000	-0.707000	-8.860000	-6.100000	0.293000	3.727000	8.053000	11.527000	11.700000	10.980000	11.367000	11.667000	12.527000	13.280000	13.867000	
input6
-28.367000	-28.367000	-28.367000	-28.367000	-28.367000	-60.033000	-60.033000	-62.793000	-65.060000	-64.587000	-63.327000	-62.560000	-62.287000	-61.347000	-61.927000	-62.747000	-62.613000	-62.353000	-61.460000	-60.360000	-59.940000	
input7
0.000000	0.000000	0.000000	0.000000	0.000000	0.000000	0.000000	0.000000	0.000000	0.000000	0.000000	0.000000	0.000000	0.000000	0.000000	0.000000	0.000000	0.000000	0.000000	0.000000	0.000000	
input8
0.000000	0.000000	0.000000	0.000000	0.000000	0.000000	0.000000	0.000000	0.000000	0.000000	0.000000	0.000000	0.000000	0.000000	0.000000	0.000000	0.000000	0.000000	0.000000	0.000000	0.000000	
input9
0.000000	0.000000	0.000000	0.000000	0.000000	0.000000	0.000000	0.000000	0.000000	0.000000	0.000000	0.000000	0.000000	0.000000	0.000000	0.000000	0.000000	0.000000	0.000000	0.000000	0.000000	
input10
0.000000	0.000000	0.000000	0.000000	0.000000	0.000000	0.000000	0.000000	0.000000	0.000000	0.000000	0.000000	0.000000	0.000000	0.000000	0.000000	0.000000	0.000000	0.000000	0.000000	0.000000	
input11
0.000000	0.000000	0.000000	0.000000	0.000000	0.000000	0.000000	0.000000	0.000000	0.000000	0.000000	0.000000	0.000000	0.000000	0.000000	0.000000	0.000000	0.000000	0.000000	0.000000	0.000000	
input12
0.000000	0.000000	0.000000	0.000000	0.000000	0.000000	0.000000	0.000000	0.000000	0.000000	0.000000	0.000000	0.000000	0.000000	0.000000	0.000000	0.000000	0.000000	0.000000	0.000000	0.000000	
input13
0.000000	0.000000	0.000000	0.000000	0.000000	0.000000	0.000000	0.000000	0.000000	0.000000	0.000000	0.000000	0.000000	0.000000	0.000000	0.000000	0.000000	0.000000	0.000000	0.000000	0.000000	
input14
0.000000	0.000000	0.000000	0.000000	0.000000	0.000000	0.000000	0.000000	0.000000	0.000000	0.000000	0.000000	0.000000	0.000000	0.000000	0.000000	0.000000	0.000000	0.000000	0.000000	0.000000	
input15
0.000000	0.000000	0.000000	0.000000	0.000000	0.000000	0.000000	0.000000	0.000000	0.000000	0.000000	0.000000	0.000000	0.000000	0.000000	0.000000	0.000000	0.000000	0.000000	3.000000	
output1
46.144337	46.144337	46.144337	46.144337	46.144337	67.805674	68.730469	70.831751	74.955604	73.508966	70.702676	69.210294	67.419644	65.615986	65.708013	66.194761	65.979518	65.906827	65.557668	64.670005	64.402010	
output2
55.386883	55.386883	55.386883	55.386883	55.386883	55.193429	56.087083	54.856759	55.911718	55.406881	55.058859	55.028961	55.190891	55.225411	55.399810	55.486690	55.496792	55.561893	55.647246	55.282436	55.344504	
output3
55.386883	55.386883	55.386883	55.386883	55.386883	55.193429	56.087083	54.856759	55.911718	55.406881	55.058859	55.028961	55.190891	55.225411	55.399810	55.486690	55.496792	55.561893	55.647246	55.282436	55.344504	
output4
1.000000	0.000000	0.000000	1.000000	0.000000	1.000000	-6.749260	-21.553758	-19.229783	62.758169	7.911349	16.613832	55.386370	0.181877	0.700713	55.386370	0.181877	0.700713	0.000000	3.000000	