input0
8.000000
input1
0.000000	0.000000	0.000000	0.000000	0.000000	0.000000	0.000000	0.000000	
input2
0.000000	0.000000	0.000000	0.000000	0.000000	0.000000	0.000000	0.000000	
input3
0.000000	0.000000	0.000000	0.000000	0.000000	0.000000	0.000000	0.000000	
input4
-17.227000	-17.227000	-17.227000	-17.227000	-17.227000	-30.780000	-32.767000	-32.767000	
input5
32.060000	32.060000	32.060000	32.060000	32.060000	6.800000	6.800000	-0.707000	
input6
-28.367000	-28.367000	-28.367000	-28.367000	-28.367000	-60.033000	-60.033000	-62.793000	
input7
0.000000	0.000000	0.000000	0.000000	0.000000	0.000000	0.000000	0.000000	
input8
0.000000	0.000000	0.000000	0.000000	0.000000	0.000000	0.000000	0.000000	
input9
0.000000	0.000000	0.000000	0.000000	0.000000	0.000000	0.000000	0.000000	
input10
0.000000	0.000000	0.000000	0.000000	0.000000	0.000000	0.000000	0.000000	
input11
0.000000	0.000000	0.000000	0.000000	0.000000	0.000000	0.000000	0.000000	
input12
0.000000	0.000000	0.000000	0.000000	0.000000	0.000000	0.000000	0.000000	
input13
0.000000	0.000000	0.000000	0.000000	0.000000	0.000000	0.000000	0.000000	
input14
0.000000	0.000000	0.000000	0.000000	0.000000	0.000000	0.000000	0.000000	
input15
0.000000	0.000000	0.000000	0.000000	0.000000	0.000000	0.000000	0.000000	0.000000	0.000000	0.000000	0.000000	0.000000	0.000000	0.000000	0.000000	0.000000	0.000000	0.000000	3.000000	
output1
46.144337	46.144337	46.144337	46.144337	46.144337	67.805674	68.730469	70.831751	
output2
50.833929	50.833929	50.833929	50.833929	50.833929	50.833929	50.833929	50.833929	
output3
50.833929	50.833929	50.833929	50.833929	50.833929	50.833929	50.833929	50.833929	
output4
1.000000	0.000000	0.000000	1.000000	0.000000	1.000000	-31.773500	-14.437226	-13.858531	54.761197	10.771076	16.070554	50.833929	0.000000	0.000000	50.833929	0.000000	0.000000	0.000000	3.000000	