input0
106.000000
input1
0.000000	0.000000	0.000000	0.000000	0.000000	0.000000	0.000000	0.000000	0.000000	0.000000	0.000000	0.000000	0.000000	0.000000	0.000000	0.000000	0.000000	0.000000	0.000000	0.000000	0.000000	0.000000	0.000000	0.000000	0.000000	0.000000	0.000000	0.000000	0.000000	0.000000	0.000000	0.000000	0.000000	0.000000	0.000000	0.000000	0.000000	0.000000	0.000000	0.000000	0.000000	0.000000	0.000000	0.000000	0.000000	0.000000	0.000000	0.000000	0.000000	0.000000	0.000000	0.000000	0.000000	0.000000	0.000000	0.000000	0.000000	0.000000	0.000000	0.000000	0.000000	0.000000	0.000000	0.000000	0.000000	0.000000	0.000000	0.000000	0.000000	0.000000	0.000000	0.000000	0.000000	0.000000	0.000000	0.000000	0.000000	0.000000	0.000000	0.000000	0.000000	0.000000	0.000000	0.000000	0.000000	0.000000	0.000000	0.000000	0.000000	0.000000	0.000000	0.000000	0.000000	0.000000	0.000000	0.000000	0.000000	0.000000	0.000000	0.000000	0.000000	0.000000	0.000000	0.000000	0.000000	0.000000	
input2
0.000000	0.000000	0.000000	0.000000	0.000000	0.000000	0.000000	0.000000	0.000000	0.000000	0.000000	0.000000	0.000000	0.000000	0.000000	0.000000	0.000000	0.000000	0.000000	0.000000	0.000000	0.000000	0.000000	0.000000	0.000000	0.000000	0.000000	0.000000	0.000000	0.000000	0.000000	0.000000	0.000000	0.000000	0.000000	0.000000	0.000000	0.000000	0.000000	0.000000	0.000000	0.000000	0.000000	0.000000	0.000000	0.000000	0.000000	0.000000	0.000000	0.000000	0.000000	0.000000	0.000000	0.000000	0.000000	0.000000	0.000000	0.000000	0.000000	0.000000	0.000000	0.000000	0.000000	0.000000	0.000000	0.000000	0.000000	0.000000	0.000000	0.000000	0.000000	0.000000	0.000000	0.000000	0.000000	0.000000	0.000000	0.000000	0.000000	0.000000	0.000000	0.000000	0.000000	0.000000	0.000000	0.000000	0.000000	0.000000	0.000000	0.000000	0.000000	0.000000	0.000000	0.000000	0.000000	0.000000	0.000000	0.000000	0.000000	0.000000	0.000000	0.000000	0.000000	0.000000	0.000000	0.000000	
input3
0.000000	0.000000	0.000000	0.000000	0.000000	0.000000	0.000000	0.000000	0.000000	0.000000	0.000000	0.000000	0.000000	0.000000	0.000000	0.000000	0.000000	0.000000	0.000000	0.000000	0.000000	0.000000	0.000000	0.000000	0.000000	0.000000	0.000000	0.000000	0.000000	0.000000	0.000000	0.000000	0.000000	0.000000	0.000000	0.000000	0.000000	0.000000	0.000000	0.000000	0.000000	0.000000	0.000000	0.000000	0.000000	0.000000	0.000000	0.000000	0.000000	0.000000	0.000000	0.000000	0.000000	0.000000	0.000000	0.000000	0.000000	0.000000	0.000000	0.000000	0.000000	0.000000	0.000000	0.000000	0.000000	0.000000	0.000000	0.000000	0.000000	0.000000	0.000000	0.000000	0.000000	0.000000	0.000000	0.000000	0.000000	0.000000	0.000000	0.000000	0.000000	0.000000	0.000000	0.000000	0.000000	0.000000	0.000000	0.000000	0.000000	0.000000	0.000000	0.000000	0.000000	0.000000	0.000000	0.000000	0.000000	0.000000	0.000000	0.000000	0.000000	0.000000	0.000000	0.000000	0.000000	0.000000	
input4
-17.227000	-17.227000	-17.227000	-17.227000	-17.227000	-30.780000	-32.767000	-32.767000	-36.153000	-34.567000	-31.440000	-29.367000	-24.513000	-20.227000	-18.593000	-18.000000	-17.427000	-17.880000	-19.067000	-19.040000	-19.040000	-19.300000	-19.680000	-19.953000	-20.340000	-20.640000	-21.140000	-21.767000	-21.840000	-21.700000	-21.180000	-20.793000	-20.453000	-19.713000	-19.980000	-20.027000	-20.400000	-21.040000	-21.393000	-21.580000	-21.493000	-20.780000	-20.013000	-19.567000	-19.380000	-19.327000	-19.353000	-19.393000	-19.300000	-19.127000	-18.953000	-18.727000	-18.740000	-18.513000	-18.400000	-18.080000	-17.693000	-17.567000	-17.580000	-17.567000	-17.667000	-17.813000	-18.167000	-18.500000	-18.793000	-19.093000	-19.600000	-19.793000	-20.240000	-20.793000	-21.000000	-21.353000	-21.353000	-21.293000	-20.953000	-20.327000	-19.600000	-18.800000	-17.613000	-17.040000	-16.800000	-16.700000	-17.240000	-18.127000	-19.427000	-20.180000	-20.680000	-21.013000	-21.253000	-21.527000	-21.893000	-22.327000	-22.613000	-22.867000	-22.867000	-22.967000	-23.000000	-22.913000	-22.513000	-22.053000	-22.193000	-22.353000	-22.527000	-22.240000	-22.027000	-21.780000	
input5
32.060000	32.060000	32.060000	32.060000	32.060000	6.800000	6.800000	-0.707000	-8.860000	-6.100000	0.293000	3.727000	8.053000	11.527000	11.700000	10.980000	11.367000	11.667000	12.527000	13.280000	13.867000	14.753000	16.267000	17.967000	19.813000	21.580000	23.253000	24.480000	25.340000	25.713000	25.393000	25.027000	24.467000	20.293000	17.313000	15.667000	12.193000	7.700000	2.653000	-2.847000	-9.620000	-17.360000	-26.233000	-35.207000	-43.260000	-49.660000	-54.147000	-57.647000	-60.347000	-62.920000	-63.900000	-63.287000	-60.947000	-58.173000	-56.520000	-52.773000	-45.420000	-40.047000	-37.387000	-32.107000	-27.447000	-22.847000	-18.007000	-12.020000	-5.887000	-0.207000	4.667000	7.767000	10.480000	13.113000	15.840000	18.553000	23.600000	24.700000	24.567000	22.800000	19.600000	15.240000	4.827000	0.527000	-1.560000	-7.700000	-12.807000	-19.320000	-29.560000	-35.600000	-41.260000	-45.400000	-47.120000	-51.787000	-53.933000	-55.800000	-57.420000	-58.987000	-58.987000	-60.573000	-62.360000	-62.907000	-62.060000	-58.607000	-52.087000	-49.747000	-44.960000	-38.220000	-34.220000	-32.020000	
input6
-28.367000	-28.367000	-28.367000	-28.367000	-28.367000	-60.033000	-60.033000	-62.793000	-65.060000	-64.587000	-63.327000	-62.560000	-62.287000	-61.347000	-61.927000	-62.747000	-62.613000	-62.353000	-61.460000	-60.360000	-59.940000	-58.720000	-57.107000	-54.547000	-51.593000	-48.340000	-43.927000	-39.027000	-33.333000	-27.220000	-21.487000	-18.720000	-16.127000	-5.560000	-0.773000	1.293000	5.053000	8.253000	10.980000	13.460000	15.373000	16.027000	15.247000	12.900000	9.087000	4.833000	-0.133000	-5.373000	-10.447000	-19.193000	-24.807000	-34.933000	-44.040000	-50.533000	-53.193000	-58.087000	-65.073000	-68.313000	-69.613000	-71.693000	-73.007000	-73.360000	-73.547000	-72.453000	-70.973000	-69.240000	-66.480000	-64.647000	-62.180000	-59.553000	-56.587000	-52.367000	-40.420000	-32.260000	-23.400000	-14.407000	-5.760000	1.160000	10.640000	13.407000	14.440000	16.253000	16.980000	16.933000	15.180000	13.140000	10.407000	7.873000	6.620000	2.620000	0.007000	-2.447000	-5.060000	-5.060000	-8.373000	-12.360000	-20.467000	-26.967000	-37.653000	-48.233000	-57.940000	-60.380000	-64.447000	-68.713000	-70.440000	-71.273000	
input7
0.000000	0.000000	0.000000	0.000000	0.000000	0.000000	0.000000	0.000000	0.000000	0.000000	0.000000	0.000000	0.000000	0.000000	0.000000	0.000000	0.000000	0.000000	0.000000	0.000000	0.000000	0.000000	0.000000	0.000000	0.000000	0.000000	0.000000	0.000000	0.000000	0.000000	0.000000	0.000000	0.000000	0.000000	0.000000	0.000000	0.000000	0.000000	0.000000	0.000000	0.000000	0.000000	0.000000	0.000000	0.000000	0.000000	0.000000	0.000000	0.000000	0.000000	0.000000	0.000000	0.000000	0.000000	0.000000	0.000000	0.000000	0.000000	0.000000	0.000000	0.000000	0.000000	0.000000	0.000000	0.000000	0.000000	0.000000	0.000000	0.000000	0.000000	0.000000	0.000000	0.000000	0.000000	0.000000	0.000000	0.000000	0.000000	0.000000	0.000000	0.000000	0.000000	0.000000	0.000000	0.000000	0.000000	0.000000	0.000000	0.000000	0.000000	0.000000	0.000000	0.000000	0.000000	0.000000	0.000000	0.000000	0.000000	0.000000	0.000000	0.000000	0.000000	0.000000	0.000000	0.000000	0.000000	
input8
0.000000	0.000000	0.000000	0.000000	0.000000	0.000000	0.000000	0.000000	0.000000	0.000000	0.000000	0.000000	0.000000	0.000000	0.000000	0.000000	0.000000	0.000000	0.000000	0.000000	0.000000	0.000000	0.000000	0.000000	0.000000	0.000000	0.000000	0.000000	0.000000	0.000000	0.000000	0.000000	0.000000	0.000000	0.000000	0.000000	0.000000	0.000000	0.000000	0.000000	0.000000	0.000000	0.000000	0.000000	0.000000	0.000000	0.000000	0.000000	0.000000	0.000000	0.000000	0.000000	0.000000	0.000000	0.000000	0.000000	0.000000	0.000000	0.000000	0.000000	0.000000	0.000000	0.000000	0.000000	0.000000	0.000000	0.000000	0.000000	0.000000	0.000000	0.000000	0.000000	0.000000	0.000000	0.000000	0.000000	0.000000	0.000000	0.000000	0.000000	0.000000	0.000000	0.000000	0.000000	0.000000	0.000000	0.000000	0.000000	0.000000	0.000000	0.000000	0.000000	0.000000	0.000000	0.000000	0.000000	0.000000	0.000000	0.000000	0.000000	0.000000	0.000000	0.000000	0.000000	0.000000	0.000000	
input9
0.000000	0.000000	0.000000	0.000000	0.000000	0.000000	0.000000	0.000000	0.000000	0.000000	0.000000	0.000000	0.000000	0.000000	0.000000	0.000000	0.000000	0.000000	0.000000	0.000000	0.000000	0.000000	0.000000	0.000000	0.000000	0.000000	0.000000	0.000000	0.000000	0.000000	0.000000	0.000000	0.000000	0.000000	0.000000	0.000000	0.000000	0.000000	0.000000	0.000000	0.000000	0.000000	0.000000	0.000000	0.000000	0.000000	0.000000	0.000000	0.000000	0.000000	0.000000	0.000000	0.000000	0.000000	0.000000	0.000000	0.000000	0.000000	0.000000	0.000000	0.000000	0.000000	0.000000	0.000000	0.000000	0.000000	0.000000	0.000000	0.000000	0.000000	0.000000	0.000000	0.000000	0.000000	0.000000	0.000000	0.000000	0.000000	0.000000	0.000000	0.000000	0.000000	0.000000	0.000000	0.000000	0.000000	0.000000	0.000000	0.000000	0.000000	0.000000	0.000000	0.000000	0.000000	0.000000	0.000000	0.000000	0.000000	0.000000	0.000000	0.000000	0.000000	0.000000	0.000000	0.000000	0.000000	
input10
0.000000	0.000000	0.000000	0.000000	0.000000	0.000000	0.000000	0.000000	0.000000	0.000000	0.000000	0.000000	0.000000	0.000000	0.000000	0.000000	0.000000	0.000000	0.000000	0.000000	0.000000	0.000000	0.000000	0.000000	0.000000	0.000000	0.000000	0.000000	0.000000	0.000000	0.000000	0.000000	0.000000	0.000000	0.000000	0.000000	0.000000	0.000000	0.000000	0.000000	0.000000	0.000000	0.000000	0.000000	0.000000	0.000000	0.000000	0.000000	0.000000	0.000000	0.000000	0.000000	0.000000	0.000000	0.000000	0.000000	0.000000	0.000000	0.000000	0.000000	0.000000	0.000000	0.000000	0.000000	0.000000	0.000000	0.000000	0.000000	0.000000	0.000000	0.000000	0.000000	0.000000	0.000000	0.000000	0.000000	0.000000	0.000000	0.000000	0.000000	0.000000	0.000000	0.000000	0.000000	0.000000	0.000000	0.000000	0.000000	0.000000	0.000000	0.000000	0.000000	0.000000	0.000000	0.000000	0.000000	0.000000	0.000000	0.000000	0.000000	0.000000	0.000000	0.000000	0.000000	0.000000	0.000000	
input11
0.000000	0.000000	0.000000	0.000000	0.000000	0.000000	0.000000	0.000000	0.000000	0.000000	0.000000	0.000000	0.000000	0.000000	0.000000	0.000000	0.000000	0.000000	0.000000	0.000000	0.000000	0.000000	0.000000	0.000000	0.000000	0.000000	0.000000	0.000000	0.000000	0.000000	0.000000	0.000000	0.000000	0.000000	0.000000	0.000000	0.000000	0.000000	0.000000	0.000000	0.000000	0.000000	0.000000	0.000000	0.000000	0.000000	0.000000	0.000000	0.000000	0.000000	0.000000	0.000000	0.000000	0.000000	0.000000	0.000000	0.000000	0.000000	0.000000	0.000000	0.000000	0.000000	0.000000	0.000000	0.000000	0.000000	0.000000	0.000000	0.000000	0.000000	0.000000	0.000000	0.000000	0.000000	0.000000	0.000000	0.000000	0.000000	0.000000	0.000000	0.000000	0.000000	0.000000	0.000000	0.000000	0.000000	0.000000	0.000000	0.000000	0.000000	0.000000	0.000000	0.000000	0.000000	0.000000	0.000000	0.000000	0.000000	0.000000	0.000000	0.000000	0.000000	0.000000	0.000000	0.000000	0.000000	
input12
0.000000	0.000000	0.000000	0.000000	0.000000	0.000000	0.000000	0.000000	0.000000	0.000000	0.000000	0.000000	0.000000	0.000000	0.000000	0.000000	0.000000	0.000000	0.000000	0.000000	0.000000	0.000000	0.000000	0.000000	0.000000	0.000000	0.000000	0.000000	0.000000	0.000000	0.000000	0.000000	0.000000	0.000000	0.000000	0.000000	0.000000	0.000000	0.000000	0.000000	0.000000	0.000000	0.000000	0.000000	0.000000	0.000000	0.000000	0.000000	0.000000	0.000000	0.000000	0.000000	0.000000	0.000000	0.000000	0.000000	0.000000	0.000000	0.000000	0.000000	0.000000	0.000000	0.000000	0.000000	0.000000	0.000000	0.000000	0.000000	0.000000	0.000000	0.000000	0.000000	0.000000	0.000000	0.000000	0.000000	0.000000	0.000000	0.000000	0.000000	0.000000	0.000000	0.000000	0.000000	0.000000	0.000000	0.000000	0.000000	0.000000	0.000000	0.000000	0.000000	0.000000	0.000000	0.000000	0.000000	0.000000	0.000000	0.000000	0.000000	0.000000	0.000000	0.000000	0.000000	0.000000	0.000000	
input13
0.000000	0.000000	0.000000	0.000000	0.000000	0.000000	0.000000	0.000000	0.000000	0.000000	0.000000	0.000000	0.000000	0.000000	0.000000	0.000000	0.000000	0.000000	0.000000	0.000000	0.000000	0.000000	0.000000	0.000000	0.000000	0.000000	0.000000	0.000000	0.000000	0.000000	0.000000	0.000000	0.000000	0.000000	0.000000	0.000000	0.000000	0.000000	0.000000	0.000000	0.000000	0.000000	0.000000	0.000000	0.000000	0.000000	0.000000	0.000000	0.000000	0.000000	0.000000	0.000000	0.000000	0.000000	0.000000	0.000000	0.000000	0.000000	0.000000	0.000000	0.000000	0.000000	0.000000	0.000000	0.000000	0.000000	0.000000	0.000000	0.000000	0.000000	0.000000	0.000000	0.000000	0.000000	0.000000	0.000000	0.000000	0.000000	0.000000	0.000000	0.000000	0.000000	0.000000	0.000000	0.000000	0.000000	0.000000	0.000000	0.000000	0.000000	0.000000	0.000000	0.000000	0.000000	0.000000	0.000000	0.000000	0.000000	0.000000	0.000000	0.000000	0.000000	0.000000	0.000000	0.000000	0.000000	
input14
0.000000	0.000000	0.000000	0.000000	0.000000	0.000000	0.000000	0.000000	0.000000	0.000000	0.000000	0.000000	0.000000	0.000000	0.000000	0.000000	0.000000	0.000000	0.000000	0.000000	0.000000	0.000000	0.000000	0.000000	0.000000	0.000000	0.000000	0.000000	0.000000	0.000000	0.000000	0.000000	0.000000	0.000000	0.000000	0.000000	0.000000	0.000000	0.000000	0.000000	0.000000	0.000000	0.000000	0.000000	0.000000	0.000000	0.000000	0.000000	0.000000	0.000000	0.000000	0.000000	0.000000	0.000000	0.000000	0.000000	0.000000	0.000000	0.000000	0.000000	0.000000	0.000000	0.000000	0.000000	0.000000	0.000000	0.000000	0.000000	0.000000	0.000000	0.000000	0.000000	0.000000	0.000000	0.000000	0.000000	0.000000	0.000000	0.000000	0.000000	0.000000	0.000000	0.000000	0.000000	0.000000	0.000000	0.000000	0.000000	0.000000	0.000000	0.000000	0.000000	0.000000	0.000000	0.000000	0.000000	0.000000	0.000000	0.000000	0.000000	0.000000	0.000000	0.000000	0.000000	0.000000	0.000000	
input15
0.000000	0.000000	0.000000	0.000000	0.000000	0.000000	0.000000	0.000000	0.000000	0.000000	0.000000	0.000000	0.000000	0.000000	0.000000	0.000000	0.000000	0.000000	0.000000	3.000000	
output1
46.144337	46.144337	46.144337	46.144337	46.144337	67.805674	68.730469	70.831751	74.955604	73.508966	70.702676	69.210294	67.419644	65.615986	65.708013	66.194761	65.979518	65.906827	65.557668	64.670005	64.402010	63.546671	62.554993	60.797290	58.890646	56.819553	54.010952	50.952717	47.224888	43.277902	39.434604	37.538487	35.735688	28.832652	26.448779	25.459919	24.297367	23.876424	24.192132	25.592448	28.121568	31.464944	36.347785	42.294330	48.265781	53.507069	57.501773	61.058449	64.213630	68.506494	71.118306	74.674356	77.493522	79.249058	79.765692	80.535554	81.305067	81.111206	80.949453	80.494380	79.971762	78.873177	77.868178	75.737491	73.654602	71.824530	69.466044	68.053830	66.225678	64.427164	62.401876	59.518628	51.445962	45.871445	39.876380	33.772601	28.310733	24.228974	21.135924	21.688407	22.207818	24.542616	27.378043	31.441645	38.492003	42.979670	47.311263	50.642771	52.113423	56.144185	58.207147	60.150833	61.919365	63.466286	63.815931	65.949534	69.546155	72.176972	76.000179	79.041366	81.010051	81.364397	81.745233	81.712070	81.351034	81.114051	
output2
51.579280	51.579280	51.579280	51.579280	51.579280	47.353395	48.405512	46.957246	48.325657	47.634420	47.015099	46.879060	46.794052	46.748266	46.820411	46.811454	46.818721	46.928254	47.149021	46.876694	46.990083	46.867723	47.044285	46.899308	46.910968	46.961136	46.880241	46.795914	46.640480	46.669395	46.669683	46.685351	46.661550	46.723033	46.989546	47.031835	47.260250	47.119103	46.893718	46.946128	46.901869	46.481976	46.168467	46.291380	46.640193	47.271002	47.254480	47.226167	47.346287	47.184093	47.338576	47.056535	47.074844	47.225509	47.167081	47.055525	47.120619	46.961617	46.941689	46.979422	47.107720	46.817873	46.873979	46.338513	46.271916	46.662292	46.607271	46.826738	46.692710	46.721413	46.804750	46.605556	46.204563	45.752511	45.583764	45.586318	46.021017	46.296892	46.580788	46.889891	46.968597	46.829413	46.760668	46.606830	46.620687	46.824570	47.066425	47.354003	47.504065	47.881231	47.934700	48.118028	48.174760	49.537078	48.080883	48.004628	47.633279	47.503504	47.511146	47.597723	47.660730	47.702717	47.772522	47.831145	47.763769	47.748971	
output3
51.579280	51.579280	51.579280	51.579280	51.579280	47.353395	48.405512	46.957246	48.325657	47.634420	47.015099	46.879060	46.794052	46.748266	46.820411	46.811454	46.818721	46.928254	47.149021	46.876694	46.990083	46.867723	47.044285	46.899308	46.910968	46.961136	46.880241	46.795914	46.640480	46.669395	46.669683	46.685351	46.661550	46.723033	46.989546	47.031835	47.260250	47.119103	46.893718	46.946128	46.901869	46.481976	46.168467	46.291380	46.640193	47.271002	47.254480	47.226167	47.346287	47.184093	47.338576	47.056535	47.074844	47.225509	47.167081	47.055525	47.120619	46.961617	46.941689	46.979422	47.107720	46.817873	46.873979	46.338513	46.271916	46.662292	46.607271	46.826738	46.692710	46.721413	46.804750	46.605556	46.204563	45.752511	45.583764	45.586318	46.021017	46.296892	46.580788	46.889891	46.968597	46.829413	46.760668	46.606830	46.620687	46.824570	47.066425	47.354003	47.504065	47.881231	47.934700	48.118028	48.174760	49.537078	48.080883	48.004628	47.633279	47.503504	47.511146	47.597723	47.660730	47.702717	47.772522	47.831145	47.763769	47.748971	
output4
1.000000	0.000000	0.000000	1.000000	0.000000	1.000000	-6.421308	-18.374317	-28.169982	57.090203	15.810705	35.954279	47.254521	0.679277	4.324759	47.254521	0.679277	4.324759	0.000000	3.000000	