input0
305.000000
input1
0.000000	0.000000	0.000000	0.000000	0.000000	0.000000	0.000000	0.000000	0.000000	0.000000	0.000000	0.000000	0.000000	0.000000	0.000000	0.000000	0.000000	0.000000	0.000000	0.000000	0.000000	0.000000	0.000000	0.000000	0.000000	0.000000	0.000000	0.000000	0.000000	0.000000	0.000000	0.000000	0.000000	0.000000	0.000000	0.000000	0.000000	0.000000	0.000000	0.000000	0.000000	0.000000	0.000000	0.000000	0.000000	0.000000	0.000000	0.000000	0.000000	0.000000	0.000000	0.000000	0.000000	0.000000	0.000000	0.000000	0.000000	0.000000	0.000000	0.000000	0.000000	0.000000	0.000000	0.000000	0.000000	0.000000	0.000000	0.000000	0.000000	0.000000	0.000000	0.000000	0.000000	0.000000	0.000000	0.000000	0.000000	0.000000	0.000000	0.000000	0.000000	0.000000	0.000000	0.000000	0.000000	0.000000	0.000000	0.000000	0.000000	0.000000	0.000000	0.000000	0.000000	0.000000	0.000000	0.000000	0.000000	0.000000	0.000000	0.000000	0.000000	0.000000	0.000000	0.000000	0.000000	0.000000	0.000000	0.000000	0.000000	0.000000	0.000000	0.000000	0.000000	0.000000	0.000000	0.000000	0.000000	0.000000	0.000000	0.000000	0.000000	0.000000	0.000000	0.000000	0.000000	0.000000	0.000000	0.000000	0.000000	0.000000	0.000000	0.000000	0.000000	0.000000	0.000000	0.000000	0.000000	0.000000	0.000000	0.000000	0.000000	0.000000	0.000000	0.000000	0.000000	0.000000	0.000000	0.000000	0.000000	0.000000	0.000000	0.000000	0.000000	0.000000	0.000000	0.000000	0.000000	0.000000	0.000000	0.000000	0.000000	0.000000	0.000000	0.000000	0.000000	0.000000	0.000000	0.000000	0.000000	0.000000	0.000000	0.000000	0.000000	0.000000	0.000000	0.000000	0.000000	0.000000	0.000000	0.000000	0.000000	0.000000	0.000000	0.000000	0.000000	0.000000	0.000000	0.000000	0.000000	0.000000	0.000000	0.000000	0.000000	0.000000	0.000000	0.000000	0.000000	0.000000	0.000000	0.000000	0.000000	0.000000	0.000000	0.000000	0.000000	0.000000	0.000000	0.000000	0.000000	0.000000	0.000000	0.000000	0.000000	0.000000	0.000000	0.000000	0.000000	0.000000	0.000000	0.000000	0.000000	0.000000	0.000000	0.000000	0.000000	0.000000	0.000000	0.000000	0.000000	0.000000	0.000000	0.000000	0.000000	0.000000	0.000000	0.000000	0.000000	0.000000	0.000000	0.000000	0.000000	0.000000	0.000000	0.000000	0.000000	0.000000	0.000000	0.000000	0.000000	0.000000	0.000000	0.000000	0.000000	0.000000	0.000000	0.000000	0.000000	0.000000	0.000000	0.000000	0.000000	0.000000	0.000000	0.000000	0.000000	0.000000	0.000000	0.000000	0.000000	0.000000	0.000000	0.000000	0.000000	0.000000	0.000000	0.000000	0.000000	0.000000	0.000000	0.000000	0.000000	0.000000	0.000000	0.000000	0.000000	0.000000	0.000000	0.000000	0.000000	0.000000	0.000000	0.000000	0.000000	0.000000	0.000000	0.000000	0.000000	0.000000	0.000000	0.000000	0.000000	0.000000	0.000000	0.000000	0.000000	
input2
0.000000	0.000000	0.000000	0.000000	0.000000	0.000000	0.000000	0.000000	0.000000	0.000000	0.000000	0.000000	0.000000	0.000000	0.000000	0.000000	0.000000	0.000000	0.000000	0.000000	0.000000	0.000000	0.000000	0.000000	0.000000	0.000000	0.000000	0.000000	0.000000	0.000000	0.000000	0.000000	0.000000	0.000000	0.000000	0.000000	0.000000	0.000000	0.000000	0.000000	0.000000	0.000000	0.000000	0.000000	0.000000	0.000000	0.000000	0.000000	0.000000	0.000000	0.000000	0.000000	0.000000	0.000000	0.000000	0.000000	0.000000	0.000000	0.000000	0.000000	0.000000	0.000000	0.000000	0.000000	0.000000	0.000000	0.000000	0.000000	0.000000	0.000000	0.000000	0.000000	0.000000	0.000000	0.000000	0.000000	0.000000	0.000000	0.000000	0.000000	0.000000	0.000000	0.000000	0.000000	0.000000	0.000000	0.000000	0.000000	0.000000	0.000000	0.000000	0.000000	0.000000	0.000000	0.000000	0.000000	0.000000	0.000000	0.000000	0.000000	0.000000	0.000000	0.000000	0.000000	0.000000	0.000000	0.000000	0.000000	0.000000	0.000000	0.000000	0.000000	0.000000	0.000000	0.000000	0.000000	0.000000	0.000000	0.000000	0.000000	0.000000	0.000000	0.000000	0.000000	0.000000	0.000000	0.000000	0.000000	0.000000	0.000000	0.000000	0.000000	0.000000	0.000000	0.000000	0.000000	0.000000	0.000000	0.000000	0.000000	0.000000	0.000000	0.000000	0.000000	0.000000	0.000000	0.000000	0.000000	0.000000	0.000000	0.000000	0.000000	0.000000	0.000000	0.000000	0.000000	0.000000	0.000000	0.000000	0.000000	0.000000	0.000000	0.000000	0.000000	0.000000	0.000000	0.000000	0.000000	0.000000	0.000000	0.000000	0.000000	0.000000	0.000000	0.000000	0.000000	0.000000	0.000000	0.000000	0.000000	0.000000	0.000000	0.000000	0.000000	0.000000	0.000000	0.000000	0.000000	0.000000	0.000000	0.000000	0.000000	0.000000	0.000000	0.000000	0.000000	0.000000	0.000000	0.000000	0.000000	0.000000	0.000000	0.000000	0.000000	0.000000	0.000000	0.000000	0.000000	0.000000	0.000000	0.000000	0.000000	0.000000	0.000000	0.000000	0.000000	0.000000	0.000000	0.000000	0.000000	0.000000	0.000000	0.000000	0.000000	0.000000	0.000000	0.000000	0.000000	0.000000	0.000000	0.000000	0.000000	0.000000	0.000000	0.000000	0.000000	0.000000	0.000000	0.000000	0.000000	0.000000	0.000000	0.000000	0.000000	0.000000	0.000000	0.000000	0.000000	0.000000	0.000000	0.000000	0.000000	0.000000	0.000000	0.000000	0.000000	0.000000	0.000000	0.000000	0.000000	0.000000	0.000000	0.000000	0.000000	0.000000	0.000000	0.000000	0.000000	0.000000	0.000000	0.000000	0.000000	0.000000	0.000000	0.000000	0.000000	0.000000	0.000000	0.000000	0.000000	0.000000	0.000000	0.000000	0.000000	0.000000	0.000000	0.000000	0.000000	0.000000	0.000000	0.000000	0.000000	0.000000	0.000000	0.000000	0.000000	0.000000	0.000000	0.000000	0.000000	0.000000	0.000000	0.000000	0.000000	0.000000	
input3
0.000000	0.000000	0.000000	0.000000	0.000000	0.000000	0.000000	0.000000	0.000000	0.000000	0.000000	0.000000	0.000000	0.000000	0.000000	0.000000	0.000000	0.000000	0.000000	0.000000	0.000000	0.000000	0.000000	0.000000	0.000000	0.000000	0.000000	0.000000	0.000000	0.000000	0.000000	0.000000	0.000000	0.000000	0.000000	0.000000	0.000000	0.000000	0.000000	0.000000	0.000000	0.000000	0.000000	0.000000	0.000000	0.000000	0.000000	0.000000	0.000000	0.000000	0.000000	0.000000	0.000000	0.000000	0.000000	0.000000	0.000000	0.000000	0.000000	0.000000	0.000000	0.000000	0.000000	0.000000	0.000000	0.000000	0.000000	0.000000	0.000000	0.000000	0.000000	0.000000	0.000000	0.000000	0.000000	0.000000	0.000000	0.000000	0.000000	0.000000	0.000000	0.000000	0.000000	0.000000	0.000000	0.000000	0.000000	0.000000	0.000000	0.000000	0.000000	0.000000	0.000000	0.000000	0.000000	0.000000	0.000000	0.000000	0.000000	0.000000	0.000000	0.000000	0.000000	0.000000	0.000000	0.000000	0.000000	0.000000	0.000000	0.000000	0.000000	0.000000	0.000000	0.000000	0.000000	0.000000	0.000000	0.000000	0.000000	0.000000	0.000000	0.000000	0.000000	0.000000	0.000000	0.000000	0.000000	0.000000	0.000000	0.000000	0.000000	0.000000	0.000000	0.000000	0.000000	0.000000	0.000000	0.000000	0.000000	0.000000	0.000000	0.000000	0.000000	0.000000	0.000000	0.000000	0.000000	0.000000	0.000000	0.000000	0.000000	0.000000	0.000000	0.000000	0.000000	0.000000	0.000000	0.000000	0.000000	0.000000	0.000000	0.000000	0.000000	0.000000	0.000000	0.000000	0.000000	0.000000	0.000000	0.000000	0.000000	0.000000	0.000000	0.000000	0.000000	0.000000	0.000000	0.000000	0.000000	0.000000	0.000000	0.000000	0.000000	0.000000	0.000000	0.000000	0.000000	0.000000	0.000000	0.000000	0.000000	0.000000	0.000000	0.000000	0.000000	0.000000	0.000000	0.000000	0.000000	0.000000	0.000000	0.000000	0.000000	0.000000	0.000000	0.000000	0.000000	0.000000	0.000000	0.000000	0.000000	0.000000	0.000000	0.000000	0.000000	0.000000	0.000000	0.000000	0.000000	0.000000	0.000000	0.000000	0.000000	0.000000	0.000000	0.000000	0.000000	0.000000	0.000000	0.000000	0.000000	0.000000	0.000000	0.000000	0.000000	0.000000	0.000000	0.000000	0.000000	0.000000	0.000000	0.000000	0.000000	0.000000	0.000000	0.000000	0.000000	0.000000	0.000000	0.000000	0.000000	0.000000	0.000000	0.000000	0.000000	0.000000	0.000000	0.000000	0.000000	0.000000	0.000000	0.000000	0.000000	0.000000	0.000000	0.000000	0.000000	0.000000	0.000000	0.000000	0.000000	0.000000	0.000000	0.000000	0.000000	0.000000	0.000000	0.000000	0.000000	0.000000	0.000000	0.000000	0.000000	0.000000	0.000000	0.000000	0.000000	0.000000	0.000000	0.000000	0.000000	0.000000	0.000000	0.000000	0.000000	0.000000	0.000000	0.000000	0.000000	0.000000	0.000000	0.000000	0.000000	0.000000	0.000000	
input4
-17.227000	-17.227000	-17.227000	-17.227000	-17.227000	-30.780000	-32.767000	-32.767000	-36.153000	-34.567000	-31.440000	-29.367000	-24.513000	-20.227000	-18.593000	-18.000000	-17.427000	-17.880000	-19.067000	-19.040000	-19.040000	-19.300000	-19.680000	-19.953000	-20.340000	-20.640000	-21.140000	-21.767000	-21.840000	-21.700000	-21.180000	-20.793000	-20.453000	-19.713000	-19.980000	-20.027000	-20.400000	-21.040000	-21.393000	-21.580000	-21.493000	-20.780000	-20.013000	-19.567000	-19.380000	-19.327000	-19.353000	-19.393000	-19.300000	-19.127000	-18.953000	-18.727000	-18.740000	-18.513000	-18.400000	-18.080000	-17.693000	-17.567000	-17.580000	-17.567000	-17.667000	-17.813000	-18.167000	-18.500000	-18.793000	-19.093000	-19.600000	-19.793000	-20.240000	-20.793000	-21.000000	-21.353000	-21.353000	-21.293000	-20.953000	-20.327000	-19.600000	-18.800000	-17.613000	-17.040000	-16.800000	-16.700000	-17.240000	-18.127000	-19.427000	-20.180000	-20.680000	-21.013000	-21.253000	-21.527000	-21.893000	-22.327000	-22.613000	-22.867000	-22.867000	-22.967000	-23.000000	-22.913000	-22.513000	-22.053000	-22.193000	-22.353000	-22.527000	-22.240000	-22.027000	-21.780000	-21.567000	-21.493000	-21.667000	-21.827000	-22.093000	-22.267000	-22.140000	-22.280000	-22.180000	-21.980000	-21.527000	-20.993000	-20.727000	-20.893000	-21.540000	-21.667000	-21.840000	-21.513000	-20.493000	-20.200000	-20.340000	-20.667000	-20.727000	-20.580000	-20.293000	-20.113000	-20.213000	-20.600000	-21.180000	-21.267000	-21.213000	-21.140000	-20.627000	-20.193000	-20.193000	-19.567000	-18.800000	-17.893000	-17.493000	-17.067000	-17.413000	-17.493000	-17.740000	-17.700000	-17.753000	-18.067000	-18.153000	-18.413000	-20.267000	-25.967000	-28.580000	-34.013000	-40.593000	-41.627000	-41.693000	-41.300000	-41.540000	-42.027000	-42.580000	-42.893000	-43.227000	-43.467000	-44.227000	-44.353000	-43.653000	-42.853000	-41.380000	-41.640000	-41.667000	-42.040000	-42.593000	-42.940000	-44.540000	-47.313000	-50.940000	-54.593000	-56.840000	-57.667000	-56.993000	-55.253000	-52.993000	-50.080000	-46.667000	-42.153000	-35.653000	-35.653000	-27.440000	-14.167000	-6.867000	-0.380000	5.007000	10.087000	16.147000	22.073000	24.907000	32.033000	32.033000	34.433000	35.020000	33.200000	31.887000	28.460000	24.420000	18.933000	12.987000	2.947000	-0.780000	-8.180000	-16.380000	-25.180000	-34.093000	-41.400000	-46.653000	-50.453000	-53.080000	-55.513000	-56.967000	-56.880000	-54.500000	-52.513000	-44.127000	-40.440000	-28.480000	-24.413000	-14.380000	-3.853000	6.033000	16.100000	24.160000	29.900000	33.807000	35.073000	34.100000	30.947000	28.887000	20.107000	13.273000	9.947000	-12.500000	-20.893000	-20.893000	-28.713000	-28.713000	-32.480000	-42.327000	-44.913000	-52.027000	-55.300000	-56.927000	-47.900000	-45.093000	-32.600000	-25.380000	-17.553000	-8.313000	1.147000	10.647000	19.207000	25.433000	30.247000	33.300000	34.033000	31.820000	27.620000	22.787000	16.447000	10.707000	5.287000	-2.193000	-10.167000	-18.627000	-31.913000	-38.900000	-41.693000	-41.693000	-48.693000	-49.800000	-50.213000	-50.400000	-50.780000	-50.853000	-51.093000	-51.167000	-51.253000	-51.667000	-52.140000	-53.400000	-55.127000	-56.627000	-56.627000	-57.093000	-53.440000	-53.440000	-46.027000	-39.300000	-32.553000	-25.867000	-16.953000	-11.953000	
input5
32.060000	32.060000	32.060000	32.060000	32.060000	6.800000	6.800000	-0.707000	-8.860000	-6.100000	0.293000	3.727000	8.053000	11.527000	11.700000	10.980000	11.367000	11.667000	12.527000	13.280000	13.867000	14.753000	16.267000	17.967000	19.813000	21.580000	23.253000	24.480000	25.340000	25.713000	25.393000	25.027000	24.467000	20.293000	17.313000	15.667000	12.193000	7.700000	2.653000	-2.847000	-9.620000	-17.360000	-26.233000	-35.207000	-43.260000	-49.660000	-54.147000	-57.647000	-60.347000	-62.920000	-63.900000	-63.287000	-60.947000	-58.173000	-56.520000	-52.773000	-45.420000	-40.047000	-37.387000	-32.107000	-27.447000	-22.847000	-18.007000	-12.020000	-5.887000	-0.207000	4.667000	7.767000	10.480000	13.113000	15.840000	18.553000	23.600000	24.700000	24.567000	22.800000	19.600000	15.240000	4.827000	0.527000	-1.560000	-7.700000	-12.807000	-19.320000	-29.560000	-35.600000	-41.260000	-45.400000	-47.120000	-51.787000	-53.933000	-55.800000	-57.420000	-58.987000	-58.987000	-60.573000	-62.360000	-62.907000	-62.060000	-58.607000	-52.087000	-49.747000	-44.960000	-38.220000	-34.220000	-32.020000	-25.673000	-20.087000	-13.420000	-9.807000	1.480000	10.013000	13.740000	16.327000	19.113000	21.713000	23.740000	24.053000	22.313000	18.613000	11.113000	8.467000	3.453000	-0.700000	-8.187000	-12.160000	-17.033000	-22.620000	-29.060000	-35.847000	-42.133000	-47.573000	-49.887000	-53.633000	-56.847000	-60.000000	-62.200000	-63.120000	-62.520000	-55.047000	-55.047000	-46.500000	-40.520000	-35.347000	-32.973000	-28.273000	-19.073000	-15.220000	-2.420000	5.827000	9.313000	15.593000	17.040000	18.640000	18.967000	16.027000	14.300000	9.993000	-0.220000	-6.847000	-13.447000	-22.973000	-28.573000	-31.907000	-34.287000	-34.607000	-33.800000	-32.720000	-31.320000	-30.747000	-30.773000	-32.460000	-35.220000	-34.887000	-33.907000	-32.533000	-30.687000	-29.647000	-29.720000	-29.633000	-29.147000	-28.700000	-28.047000	-27.787000	-27.733000	-27.800000	-28.107000	-28.333000	-28.473000	-28.420000	-28.420000	-28.033000	-27.520000	-26.320000	-25.507000	-25.173000	-25.107000	-25.460000	-26.087000	-26.560000	-26.720000	-26.720000	-27.133000	-26.847000	-26.447000	-25.960000	-25.887000	-25.900000	-25.800000	-26.047000	-26.333000	-27.133000	-27.320000	-27.773000	-28.133000	-28.233000	-28.073000	-27.847000	-27.607000	-27.507000	-27.507000	-27.387000	-27.020000	-27.033000	-27.060000	-27.107000	-27.007000	-26.747000	-26.200000	-25.873000	-25.700000	-25.660000	-25.373000	-25.247000	-24.907000	-24.773000	-24.747000	-24.660000	-24.647000	-24.833000	-25.100000	-25.787000	-26.533000	-27.020000	-28.760000	-28.760000	-29.087000	-29.087000	-29.220000	-29.447000	-29.187000	-28.987000	-28.173000	-27.433000	-27.247000	-27.487000	-27.500000	-27.720000	-27.607000	-27.707000	-28.060000	-28.100000	-28.207000	-28.300000	-28.200000	-28.233000	-28.233000	-28.520000	-28.473000	-28.107000	-27.707000	-26.947000	-26.700000	-27.087000	-27.307000	-27.307000	-28.560000	-28.507000	-28.400000	-28.400000	-28.400000	-26.173000	-22.320000	-15.907000	-12.247000	-5.200000	-2.033000	4.813000	5.400000	5.913000	4.967000	3.467000	0.540000	-4.233000	-4.233000	-11.020000	-19.500000	-19.500000	-34.760000	-48.660000	-55.660000	-60.247000	-62.833000	-64.300000	-64.220000	
input6
-28.367000	-28.367000	-28.367000	-28.367000	-28.367000	-60.033000	-60.033000	-62.793000	-65.060000	-64.587000	-63.327000	-62.560000	-62.287000	-61.347000	-61.927000	-62.747000	-62.613000	-62.353000	-61.460000	-60.360000	-59.940000	-58.720000	-57.107000	-54.547000	-51.593000	-48.340000	-43.927000	-39.027000	-33.333000	-27.220000	-21.487000	-18.720000	-16.127000	-5.560000	-0.773000	1.293000	5.053000	8.253000	10.980000	13.460000	15.373000	16.027000	15.247000	12.900000	9.087000	4.833000	-0.133000	-5.373000	-10.447000	-19.193000	-24.807000	-34.933000	-44.040000	-50.533000	-53.193000	-58.087000	-65.073000	-68.313000	-69.613000	-71.693000	-73.007000	-73.360000	-73.547000	-72.453000	-70.973000	-69.240000	-66.480000	-64.647000	-62.180000	-59.553000	-56.587000	-52.367000	-40.420000	-32.260000	-23.400000	-14.407000	-5.760000	1.160000	10.640000	13.407000	14.440000	16.253000	16.980000	16.933000	15.180000	13.140000	10.407000	7.873000	6.620000	2.620000	0.007000	-2.447000	-5.060000	-5.060000	-8.373000	-12.360000	-20.467000	-26.967000	-37.653000	-48.233000	-57.940000	-60.380000	-64.447000	-68.713000	-70.440000	-71.273000	-72.847000	-73.193000	-72.427000	-71.467000	-67.053000	-61.933000	-58.633000	-55.453000	-50.387000	-44.247000	-35.500000	-24.907000	-15.013000	-5.773000	3.993000	6.300000	10.120000	12.727000	15.913000	16.673000	17.213000	16.980000	15.713000	13.580000	10.440000	6.707000	4.827000	0.647000	-4.627000	-11.307000	-19.520000	-28.140000	-36.880000	-49.200000	-53.073000	-62.487000	-67.167000	-69.940000	-70.887000	-72.173000	-72.833000	-72.507000	-68.953000	-65.073000	-62.960000	-57.453000	-56.033000	-54.000000	-52.860000	-52.820000	-53.153000	-53.933000	-56.613000	-58.707000	-60.553000	-62.007000	-61.187000	-59.560000	-58.240000	-57.727000	-58.280000	-58.747000	-58.200000	-57.873000	-58.620000	-59.333000	-59.847000	-60.960000	-61.627000	-61.580000	-61.353000	-61.247000	-60.113000	-55.947000	-48.767000	-40.500000	-32.680000	-25.793000	-19.367000	-13.267000	-7.227000	-1.840000	2.360000	6.533000	6.533000	10.547000	14.127000	17.407000	18.247000	17.760000	16.060000	13.720000	9.193000	2.713000	-1.207000	-1.207000	-13.847000	-22.873000	-30.593000	-41.487000	-45.413000	-52.340000	-58.367000	-64.133000	-67.773000	-71.693000	-72.833000	-73.940000	-73.427000	-71.173000	-67.307000	-63.033000	-57.947000	-52.927000	-47.173000	-40.233000	-33.093000	-24.167000	-14.420000	-9.720000	3.680000	7.340000	14.647000	16.107000	17.600000	16.527000	13.487000	8.160000	-0.407000	-9.633000	-19.933000	-34.240000	-38.687000	-47.333000	-51.240000	-61.667000	-66.813000	-68.720000	-73.800000	-73.800000	-72.567000	-72.567000	-70.307000	-68.673000	-61.360000	-58.373000	-48.573000	-41.207000	-33.960000	-0.673000	3.300000	12.807000	16.153000	17.880000	17.420000	14.773000	10.880000	5.100000	-1.620000	-9.520000	-18.547000	-28.860000	-40.293000	-50.653000	-59.193000	-65.673000	-69.407000	-71.667000	-73.580000	-73.580000	-72.433000	-68.560000	-64.340000	-64.340000	-62.213000	-56.253000	-54.433000	-53.180000	-51.747000	-47.500000	-45.000000	-35.560000	-34.353000	-33.000000	-34.193000	-34.233000	-34.233000	-34.140000	-33.887000	-33.593000	-33.613000	-33.613000	-33.593000	-34.020000	-34.300000	-34.867000	-35.320000	-35.293000	-35.193000	
input7
0.000000	0.000000	0.000000	0.000000	0.000000	0.000000	0.000000	0.000000	0.000000	0.000000	0.000000	0.000000	0.000000	0.000000	0.000000	0.000000	0.000000	0.000000	0.000000	0.000000	0.000000	0.000000	0.000000	0.000000	0.000000	0.000000	0.000000	0.000000	0.000000	0.000000	0.000000	0.000000	0.000000	0.000000	0.000000	0.000000	0.000000	0.000000	0.000000	0.000000	0.000000	0.000000	0.000000	0.000000	0.000000	0.000000	0.000000	0.000000	0.000000	0.000000	0.000000	0.000000	0.000000	0.000000	0.000000	0.000000	0.000000	0.000000	0.000000	0.000000	0.000000	0.000000	0.000000	0.000000	0.000000	0.000000	0.000000	0.000000	0.000000	0.000000	0.000000	0.000000	0.000000	0.000000	0.000000	0.000000	0.000000	0.000000	0.000000	0.000000	0.000000	0.000000	0.000000	0.000000	0.000000	0.000000	0.000000	0.000000	0.000000	0.000000	0.000000	0.000000	0.000000	0.000000	0.000000	0.000000	0.000000	0.000000	0.000000	0.000000	0.000000	0.000000	0.000000	0.000000	0.000000	0.000000	0.000000	0.000000	0.000000	0.000000	0.000000	0.000000	0.000000	0.000000	0.000000	0.000000	0.000000	0.000000	0.000000	0.000000	0.000000	0.000000	0.000000	0.000000	0.000000	0.000000	0.000000	0.000000	0.000000	0.000000	0.000000	0.000000	0.000000	0.000000	0.000000	0.000000	0.000000	0.000000	0.000000	0.000000	0.000000	0.000000	0.000000	0.000000	0.000000	0.000000	0.000000	0.000000	0.000000	0.000000	0.000000	0.000000	0.000000	0.000000	0.000000	0.000000	0.000000	0.000000	0.000000	0.000000	0.000000	0.000000	0.000000	0.000000	0.000000	0.000000	0.000000	0.000000	0.000000	0.000000	0.000000	0.000000	0.000000	0.000000	0.000000	0.000000	0.000000	0.000000	0.000000	0.000000	0.000000	0.000000	0.000000	0.000000	0.000000	0.000000	0.000000	0.000000	0.000000	0.000000	0.000000	0.000000	0.000000	0.000000	0.000000	0.000000	0.000000	0.000000	0.000000	0.000000	0.000000	0.000000	0.000000	0.000000	0.000000	0.000000	0.000000	0.000000	0.000000	0.000000	0.000000	0.000000	0.000000	0.000000	0.000000	0.000000	0.000000	0.000000	0.000000	0.000000	0.000000	0.000000	0.000000	0.000000	0.000000	0.000000	0.000000	0.000000	0.000000	0.000000	0.000000	0.000000	0.000000	0.000000	0.000000	0.000000	0.000000	0.000000	0.000000	0.000000	0.000000	0.000000	0.000000	0.000000	0.000000	0.000000	0.000000	0.000000	0.000000	0.000000	0.000000	0.000000	0.000000	0.000000	0.000000	0.000000	0.000000	0.000000	0.000000	0.000000	0.000000	0.000000	0.000000	0.000000	0.000000	0.000000	0.000000	0.000000	0.000000	0.000000	0.000000	0.000000	0.000000	0.000000	0.000000	0.000000	0.000000	0.000000	0.000000	0.000000	0.000000	0.000000	0.000000	0.000000	0.000000	0.000000	0.000000	0.000000	0.000000	0.000000	0.000000	0.000000	0.000000	0.000000	0.000000	0.000000	0.000000	0.000000	0.000000	0.000000	0.000000	0.000000	0.000000	0.000000	0.000000	
input8
0.000000	0.000000	0.000000	0.000000	0.000000	0.000000	0.000000	0.000000	0.000000	0.000000	0.000000	0.000000	0.000000	0.000000	0.000000	0.000000	0.000000	0.000000	0.000000	0.000000	0.000000	0.000000	0.000000	0.000000	0.000000	0.000000	0.000000	0.000000	0.000000	0.000000	0.000000	0.000000	0.000000	0.000000	0.000000	0.000000	0.000000	0.000000	0.000000	0.000000	0.000000	0.000000	0.000000	0.000000	0.000000	0.000000	0.000000	0.000000	0.000000	0.000000	0.000000	0.000000	0.000000	0.000000	0.000000	0.000000	0.000000	0.000000	0.000000	0.000000	0.000000	0.000000	0.000000	0.000000	0.000000	0.000000	0.000000	0.000000	0.000000	0.000000	0.000000	0.000000	0.000000	0.000000	0.000000	0.000000	0.000000	0.000000	0.000000	0.000000	0.000000	0.000000	0.000000	0.000000	0.000000	0.000000	0.000000	0.000000	0.000000	0.000000	0.000000	0.000000	0.000000	0.000000	0.000000	0.000000	0.000000	0.000000	0.000000	0.000000	0.000000	0.000000	0.000000	0.000000	0.000000	0.000000	0.000000	0.000000	0.000000	0.000000	0.000000	0.000000	0.000000	0.000000	0.000000	0.000000	0.000000	0.000000	0.000000	0.000000	0.000000	0.000000	0.000000	0.000000	0.000000	0.000000	0.000000	0.000000	0.000000	0.000000	0.000000	0.000000	0.000000	0.000000	0.000000	0.000000	0.000000	0.000000	0.000000	0.000000	0.000000	0.000000	0.000000	0.000000	0.000000	0.000000	0.000000	0.000000	0.000000	0.000000	0.000000	0.000000	0.000000	0.000000	0.000000	0.000000	0.000000	0.000000	0.000000	0.000000	0.000000	0.000000	0.000000	0.000000	0.000000	0.000000	0.000000	0.000000	0.000000	0.000000	0.000000	0.000000	0.000000	0.000000	0.000000	0.000000	0.000000	0.000000	0.000000	0.000000	0.000000	0.000000	0.000000	0.000000	0.000000	0.000000	0.000000	0.000000	0.000000	0.000000	0.000000	0.000000	0.000000	0.000000	0.000000	0.000000	0.000000	0.000000	0.000000	0.000000	0.000000	0.000000	0.000000	0.000000	0.000000	0.000000	0.000000	0.000000	0.000000	0.000000	0.000000	0.000000	0.000000	0.000000	0.000000	0.000000	0.000000	0.000000	0.000000	0.000000	0.000000	0.000000	0.000000	0.000000	0.000000	0.000000	0.000000	0.000000	0.000000	0.000000	0.000000	0.000000	0.000000	0.000000	0.000000	0.000000	0.000000	0.000000	0.000000	0.000000	0.000000	0.000000	0.000000	0.000000	0.000000	0.000000	0.000000	0.000000	0.000000	0.000000	0.000000	0.000000	0.000000	0.000000	0.000000	0.000000	0.000000	0.000000	0.000000	0.000000	0.000000	0.000000	0.000000	0.000000	0.000000	0.000000	0.000000	0.000000	0.000000	0.000000	0.000000	0.000000	0.000000	0.000000	0.000000	0.000000	0.000000	0.000000	0.000000	0.000000	0.000000	0.000000	0.000000	0.000000	0.000000	0.000000	0.000000	0.000000	0.000000	0.000000	0.000000	0.000000	0.000000	0.000000	0.000000	0.000000	0.000000	0.000000	0.000000	0.000000	0.000000	0.000000	0.000000	0.000000	0.000000	
input9
0.000000	0.000000	0.000000	0.000000	0.000000	0.000000	0.000000	0.000000	0.000000	0.000000	0.000000	0.000000	0.000000	0.000000	0.000000	0.000000	0.000000	0.000000	0.000000	0.000000	0.000000	0.000000	0.000000	0.000000	0.000000	0.000000	0.000000	0.000000	0.000000	0.000000	0.000000	0.000000	0.000000	0.000000	0.000000	0.000000	0.000000	0.000000	0.000000	0.000000	0.000000	0.000000	0.000000	0.000000	0.000000	0.000000	0.000000	0.000000	0.000000	0.000000	0.000000	0.000000	0.000000	0.000000	0.000000	0.000000	0.000000	0.000000	0.000000	0.000000	0.000000	0.000000	0.000000	0.000000	0.000000	0.000000	0.000000	0.000000	0.000000	0.000000	0.000000	0.000000	0.000000	0.000000	0.000000	0.000000	0.000000	0.000000	0.000000	0.000000	0.000000	0.000000	0.000000	0.000000	0.000000	0.000000	0.000000	0.000000	0.000000	0.000000	0.000000	0.000000	0.000000	0.000000	0.000000	0.000000	0.000000	0.000000	0.000000	0.000000	0.000000	0.000000	0.000000	0.000000	0.000000	0.000000	0.000000	0.000000	0.000000	0.000000	0.000000	0.000000	0.000000	0.000000	0.000000	0.000000	0.000000	0.000000	0.000000	0.000000	0.000000	0.000000	0.000000	0.000000	0.000000	0.000000	0.000000	0.000000	0.000000	0.000000	0.000000	0.000000	0.000000	0.000000	0.000000	0.000000	0.000000	0.000000	0.000000	0.000000	0.000000	0.000000	0.000000	0.000000	0.000000	0.000000	0.000000	0.000000	0.000000	0.000000	0.000000	0.000000	0.000000	0.000000	0.000000	0.000000	0.000000	0.000000	0.000000	0.000000	0.000000	0.000000	0.000000	0.000000	0.000000	0.000000	0.000000	0.000000	0.000000	0.000000	0.000000	0.000000	0.000000	0.000000	0.000000	0.000000	0.000000	0.000000	0.000000	0.000000	0.000000	0.000000	0.000000	0.000000	0.000000	0.000000	0.000000	0.000000	0.000000	0.000000	0.000000	0.000000	0.000000	0.000000	0.000000	0.000000	0.000000	0.000000	0.000000	0.000000	0.000000	0.000000	0.000000	0.000000	0.000000	0.000000	0.000000	0.000000	0.000000	0.000000	0.000000	0.000000	0.000000	0.000000	0.000000	0.000000	0.000000	0.000000	0.000000	0.000000	0.000000	0.000000	0.000000	0.000000	0.000000	0.000000	0.000000	0.000000	0.000000	0.000000	0.000000	0.000000	0.000000	0.000000	0.000000	0.000000	0.000000	0.000000	0.000000	0.000000	0.000000	0.000000	0.000000	0.000000	0.000000	0.000000	0.000000	0.000000	0.000000	0.000000	0.000000	0.000000	0.000000	0.000000	0.000000	0.000000	0.000000	0.000000	0.000000	0.000000	0.000000	0.000000	0.000000	0.000000	0.000000	0.000000	0.000000	0.000000	0.000000	0.000000	0.000000	0.000000	0.000000	0.000000	0.000000	0.000000	0.000000	0.000000	0.000000	0.000000	0.000000	0.000000	0.000000	0.000000	0.000000	0.000000	0.000000	0.000000	0.000000	0.000000	0.000000	0.000000	0.000000	0.000000	0.000000	0.000000	0.000000	0.000000	0.000000	0.000000	0.000000	0.000000	0.000000	0.000000	0.000000	
input10
0.000000	0.000000	0.000000	0.000000	0.000000	0.000000	0.000000	0.000000	0.000000	0.000000	0.000000	0.000000	0.000000	0.000000	0.000000	0.000000	0.000000	0.000000	0.000000	0.000000	0.000000	0.000000	0.000000	0.000000	0.000000	0.000000	0.000000	0.000000	0.000000	0.000000	0.000000	0.000000	0.000000	0.000000	0.000000	0.000000	0.000000	0.000000	0.000000	0.000000	0.000000	0.000000	0.000000	0.000000	0.000000	0.000000	0.000000	0.000000	0.000000	0.000000	0.000000	0.000000	0.000000	0.000000	0.000000	0.000000	0.000000	0.000000	0.000000	0.000000	0.000000	0.000000	0.000000	0.000000	0.000000	0.000000	0.000000	0.000000	0.000000	0.000000	0.000000	0.000000	0.000000	0.000000	0.000000	0.000000	0.000000	0.000000	0.000000	0.000000	0.000000	0.000000	0.000000	0.000000	0.000000	0.000000	0.000000	0.000000	0.000000	0.000000	0.000000	0.000000	0.000000	0.000000	0.000000	0.000000	0.000000	0.000000	0.000000	0.000000	0.000000	0.000000	0.000000	0.000000	0.000000	0.000000	0.000000	0.000000	0.000000	0.000000	0.000000	0.000000	0.000000	0.000000	0.000000	0.000000	0.000000	0.000000	0.000000	0.000000	0.000000	0.000000	0.000000	0.000000	0.000000	0.000000	0.000000	0.000000	0.000000	0.000000	0.000000	0.000000	0.000000	0.000000	0.000000	0.000000	0.000000	0.000000	0.000000	0.000000	0.000000	0.000000	0.000000	0.000000	0.000000	0.000000	0.000000	0.000000	0.000000	0.000000	0.000000	0.000000	0.000000	0.000000	0.000000	0.000000	0.000000	0.000000	0.000000	0.000000	0.000000	0.000000	0.000000	0.000000	0.000000	0.000000	0.000000	0.000000	0.000000	0.000000	0.000000	0.000000	0.000000	0.000000	0.000000	0.000000	0.000000	0.000000	0.000000	0.000000	0.000000	0.000000	0.000000	0.000000	0.000000	0.000000	0.000000	0.000000	0.000000	0.000000	0.000000	0.000000	0.000000	0.000000	0.000000	0.000000	0.000000	0.000000	0.000000	0.000000	0.000000	0.000000	0.000000	0.000000	0.000000	0.000000	0.000000	0.000000	0.000000	0.000000	0.000000	0.000000	0.000000	0.000000	0.000000	0.000000	0.000000	0.000000	0.000000	0.000000	0.000000	0.000000	0.000000	0.000000	0.000000	0.000000	0.000000	0.000000	0.000000	0.000000	0.000000	0.000000	0.000000	0.000000	0.000000	0.000000	0.000000	0.000000	0.000000	0.000000	0.000000	0.000000	0.000000	0.000000	0.000000	0.000000	0.000000	0.000000	0.000000	0.000000	0.000000	0.000000	0.000000	0.000000	0.000000	0.000000	0.000000	0.000000	0.000000	0.000000	0.000000	0.000000	0.000000	0.000000	0.000000	0.000000	0.000000	0.000000	0.000000	0.000000	0.000000	0.000000	0.000000	0.000000	0.000000	0.000000	0.000000	0.000000	0.000000	0.000000	0.000000	0.000000	0.000000	0.000000	0.000000	0.000000	0.000000	0.000000	0.000000	0.000000	0.000000	0.000000	0.000000	0.000000	0.000000	0.000000	0.000000	0.000000	0.000000	0.000000	0.000000	0.000000	0.000000	0.000000	0.000000	
input11
0.000000	0.000000	0.000000	0.000000	0.000000	0.000000	0.000000	0.000000	0.000000	0.000000	0.000000	0.000000	0.000000	0.000000	0.000000	0.000000	0.000000	0.000000	0.000000	0.000000	0.000000	0.000000	0.000000	0.000000	0.000000	0.000000	0.000000	0.000000	0.000000	0.000000	0.000000	0.000000	0.000000	0.000000	0.000000	0.000000	0.000000	0.000000	0.000000	0.000000	0.000000	0.000000	0.000000	0.000000	0.000000	0.000000	0.000000	0.000000	0.000000	0.000000	0.000000	0.000000	0.000000	0.000000	0.000000	0.000000	0.000000	0.000000	0.000000	0.000000	0.000000	0.000000	0.000000	0.000000	0.000000	0.000000	0.000000	0.000000	0.000000	0.000000	0.000000	0.000000	0.000000	0.000000	0.000000	0.000000	0.000000	0.000000	0.000000	0.000000	0.000000	0.000000	0.000000	0.000000	0.000000	0.000000	0.000000	0.000000	0.000000	0.000000	0.000000	0.000000	0.000000	0.000000	0.000000	0.000000	0.000000	0.000000	0.000000	0.000000	0.000000	0.000000	0.000000	0.000000	0.000000	0.000000	0.000000	0.000000	0.000000	0.000000	0.000000	0.000000	0.000000	0.000000	0.000000	0.000000	0.000000	0.000000	0.000000	0.000000	0.000000	0.000000	0.000000	0.000000	0.000000	0.000000	0.000000	0.000000	0.000000	0.000000	0.000000	0.000000	0.000000	0.000000	0.000000	0.000000	0.000000	0.000000	0.000000	0.000000	0.000000	0.000000	0.000000	0.000000	0.000000	0.000000	0.000000	0.000000	0.000000	0.000000	0.000000	0.000000	0.000000	0.000000	0.000000	0.000000	0.000000	0.000000	0.000000	0.000000	0.000000	0.000000	0.000000	0.000000	0.000000	0.000000	0.000000	0.000000	0.000000	0.000000	0.000000	0.000000	0.000000	0.000000	0.000000	0.000000	0.000000	0.000000	0.000000	0.000000	0.000000	0.000000	0.000000	0.000000	0.000000	0.000000	0.000000	0.000000	0.000000	0.000000	0.000000	0.000000	0.000000	0.000000	0.000000	0.000000	0.000000	0.000000	0.000000	0.000000	0.000000	0.000000	0.000000	0.000000	0.000000	0.000000	0.000000	0.000000	0.000000	0.000000	0.000000	0.000000	0.000000	0.000000	0.000000	0.000000	0.000000	0.000000	0.000000	0.000000	0.000000	0.000000	0.000000	0.000000	0.000000	0.000000	0.000000	0.000000	0.000000	0.000000	0.000000	0.000000	0.000000	0.000000	0.000000	0.000000	0.000000	0.000000	0.000000	0.000000	0.000000	0.000000	0.000000	0.000000	0.000000	0.000000	0.000000	0.000000	0.000000	0.000000	0.000000	0.000000	0.000000	0.000000	0.000000	0.000000	0.000000	0.000000	0.000000	0.000000	0.000000	0.000000	0.000000	0.000000	0.000000	0.000000	0.000000	0.000000	0.000000	0.000000	0.000000	0.000000	0.000000	0.000000	0.000000	0.000000	0.000000	0.000000	0.000000	0.000000	0.000000	0.000000	0.000000	0.000000	0.000000	0.000000	0.000000	0.000000	0.000000	0.000000	0.000000	0.000000	0.000000	0.000000	0.000000	0.000000	0.000000	0.000000	0.000000	0.000000	0.000000	0.000000	0.000000	0.000000	0.000000	
input12
0.000000	0.000000	0.000000	0.000000	0.000000	0.000000	0.000000	0.000000	0.000000	0.000000	0.000000	0.000000	0.000000	0.000000	0.000000	0.000000	0.000000	0.000000	0.000000	0.000000	0.000000	0.000000	0.000000	0.000000	0.000000	0.000000	0.000000	0.000000	0.000000	0.000000	0.000000	0.000000	0.000000	0.000000	0.000000	0.000000	0.000000	0.000000	0.000000	0.000000	0.000000	0.000000	0.000000	0.000000	0.000000	0.000000	0.000000	0.000000	0.000000	0.000000	0.000000	0.000000	0.000000	0.000000	0.000000	0.000000	0.000000	0.000000	0.000000	0.000000	0.000000	0.000000	0.000000	0.000000	0.000000	0.000000	0.000000	0.000000	0.000000	0.000000	0.000000	0.000000	0.000000	0.000000	0.000000	0.000000	0.000000	0.000000	0.000000	0.000000	0.000000	0.000000	0.000000	0.000000	0.000000	0.000000	0.000000	0.000000	0.000000	0.000000	0.000000	0.000000	0.000000	0.000000	0.000000	0.000000	0.000000	0.000000	0.000000	0.000000	0.000000	0.000000	0.000000	0.000000	0.000000	0.000000	0.000000	0.000000	0.000000	0.000000	0.000000	0.000000	0.000000	0.000000	0.000000	0.000000	0.000000	0.000000	0.000000	0.000000	0.000000	0.000000	0.000000	0.000000	0.000000	0.000000	0.000000	0.000000	0.000000	0.000000	0.000000	0.000000	0.000000	0.000000	0.000000	0.000000	0.000000	0.000000	0.000000	0.000000	0.000000	0.000000	0.000000	0.000000	0.000000	0.000000	0.000000	0.000000	0.000000	0.000000	0.000000	0.000000	0.000000	0.000000	0.000000	0.000000	0.000000	0.000000	0.000000	0.000000	0.000000	0.000000	0.000000	0.000000	0.000000	0.000000	0.000000	0.000000	0.000000	0.000000	0.000000	0.000000	0.000000	0.000000	0.000000	0.000000	0.000000	0.000000	0.000000	0.000000	0.000000	0.000000	0.000000	0.000000	0.000000	0.000000	0.000000	0.000000	0.000000	0.000000	0.000000	0.000000	0.000000	0.000000	0.000000	0.000000	0.000000	0.000000	0.000000	0.000000	0.000000	0.000000	0.000000	0.000000	0.000000	0.000000	0.000000	0.000000	0.000000	0.000000	0.000000	0.000000	0.000000	0.000000	0.000000	0.000000	0.000000	0.000000	0.000000	0.000000	0.000000	0.000000	0.000000	0.000000	0.000000	0.000000	0.000000	0.000000	0.000000	0.000000	0.000000	0.000000	0.000000	0.000000	0.000000	0.000000	0.000000	0.000000	0.000000	0.000000	0.000000	0.000000	0.000000	0.000000	0.000000	0.000000	0.000000	0.000000	0.000000	0.000000	0.000000	0.000000	0.000000	0.000000	0.000000	0.000000	0.000000	0.000000	0.000000	0.000000	0.000000	0.000000	0.000000	0.000000	0.000000	0.000000	0.000000	0.000000	0.000000	0.000000	0.000000	0.000000	0.000000	0.000000	0.000000	0.000000	0.000000	0.000000	0.000000	0.000000	0.000000	0.000000	0.000000	0.000000	0.000000	0.000000	0.000000	0.000000	0.000000	0.000000	0.000000	0.000000	0.000000	0.000000	0.000000	0.000000	0.000000	0.000000	0.000000	0.000000	0.000000	0.000000	0.000000	0.000000	0.000000	
input13
0.000000	0.000000	0.000000	0.000000	0.000000	0.000000	0.000000	0.000000	0.000000	0.000000	0.000000	0.000000	0.000000	0.000000	0.000000	0.000000	0.000000	0.000000	0.000000	0.000000	0.000000	0.000000	0.000000	0.000000	0.000000	0.000000	0.000000	0.000000	0.000000	0.000000	0.000000	0.000000	0.000000	0.000000	0.000000	0.000000	0.000000	0.000000	0.000000	0.000000	0.000000	0.000000	0.000000	0.000000	0.000000	0.000000	0.000000	0.000000	0.000000	0.000000	0.000000	0.000000	0.000000	0.000000	0.000000	0.000000	0.000000	0.000000	0.000000	0.000000	0.000000	0.000000	0.000000	0.000000	0.000000	0.000000	0.000000	0.000000	0.000000	0.000000	0.000000	0.000000	0.000000	0.000000	0.000000	0.000000	0.000000	0.000000	0.000000	0.000000	0.000000	0.000000	0.000000	0.000000	0.000000	0.000000	0.000000	0.000000	0.000000	0.000000	0.000000	0.000000	0.000000	0.000000	0.000000	0.000000	0.000000	0.000000	0.000000	0.000000	0.000000	0.000000	0.000000	0.000000	0.000000	0.000000	0.000000	0.000000	0.000000	0.000000	0.000000	0.000000	0.000000	0.000000	0.000000	0.000000	0.000000	0.000000	0.000000	0.000000	0.000000	0.000000	0.000000	0.000000	0.000000	0.000000	0.000000	0.000000	0.000000	0.000000	0.000000	0.000000	0.000000	0.000000	0.000000	0.000000	0.000000	0.000000	0.000000	0.000000	0.000000	0.000000	0.000000	0.000000	0.000000	0.000000	0.000000	0.000000	0.000000	0.000000	0.000000	0.000000	0.000000	0.000000	0.000000	0.000000	0.000000	0.000000	0.000000	0.000000	0.000000	0.000000	0.000000	0.000000	0.000000	0.000000	0.000000	0.000000	0.000000	0.000000	0.000000	0.000000	0.000000	0.000000	0.000000	0.000000	0.000000	0.000000	0.000000	0.000000	0.000000	0.000000	0.000000	0.000000	0.000000	0.000000	0.000000	0.000000	0.000000	0.000000	0.000000	0.000000	0.000000	0.000000	0.000000	0.000000	0.000000	0.000000	0.000000	0.000000	0.000000	0.000000	0.000000	0.000000	0.000000	0.000000	0.000000	0.000000	0.000000	0.000000	0.000000	0.000000	0.000000	0.000000	0.000000	0.000000	0.000000	0.000000	0.000000	0.000000	0.000000	0.000000	0.000000	0.000000	0.000000	0.000000	0.000000	0.000000	0.000000	0.000000	0.000000	0.000000	0.000000	0.000000	0.000000	0.000000	0.000000	0.000000	0.000000	0.000000	0.000000	0.000000	0.000000	0.000000	0.000000	0.000000	0.000000	0.000000	0.000000	0.000000	0.000000	0.000000	0.000000	0.000000	0.000000	0.000000	0.000000	0.000000	0.000000	0.000000	0.000000	0.000000	0.000000	0.000000	0.000000	0.000000	0.000000	0.000000	0.000000	0.000000	0.000000	0.000000	0.000000	0.000000	0.000000	0.000000	0.000000	0.000000	0.000000	0.000000	0.000000	0.000000	0.000000	0.000000	0.000000	0.000000	0.000000	0.000000	0.000000	0.000000	0.000000	0.000000	0.000000	0.000000	0.000000	0.000000	0.000000	0.000000	0.000000	0.000000	0.000000	0.000000	0.000000	0.000000	0.000000	
input14
0.000000	0.000000	0.000000	0.000000	0.000000	0.000000	0.000000	0.000000	0.000000	0.000000	0.000000	0.000000	0.000000	0.000000	0.000000	0.000000	0.000000	0.000000	0.000000	0.000000	0.000000	0.000000	0.000000	0.000000	0.000000	0.000000	0.000000	0.000000	0.000000	0.000000	0.000000	0.000000	0.000000	0.000000	0.000000	0.000000	0.000000	0.000000	0.000000	0.000000	0.000000	0.000000	0.000000	0.000000	0.000000	0.000000	0.000000	0.000000	0.000000	0.000000	0.000000	0.000000	0.000000	0.000000	0.000000	0.000000	0.000000	0.000000	0.000000	0.000000	0.000000	0.000000	0.000000	0.000000	0.000000	0.000000	0.000000	0.000000	0.000000	0.000000	0.000000	0.000000	0.000000	0.000000	0.000000	0.000000	0.000000	0.000000	0.000000	0.000000	0.000000	0.000000	0.000000	0.000000	0.000000	0.000000	0.000000	0.000000	0.000000	0.000000	0.000000	0.000000	0.000000	0.000000	0.000000	0.000000	0.000000	0.000000	0.000000	0.000000	0.000000	0.000000	0.000000	0.000000	0.000000	0.000000	0.000000	0.000000	0.000000	0.000000	0.000000	0.000000	0.000000	0.000000	0.000000	0.000000	0.000000	0.000000	0.000000	0.000000	0.000000	0.000000	0.000000	0.000000	0.000000	0.000000	0.000000	0.000000	0.000000	0.000000	0.000000	0.000000	0.000000	0.000000	0.000000	0.000000	0.000000	0.000000	0.000000	0.000000	0.000000	0.000000	0.000000	0.000000	0.000000	0.000000	0.000000	0.000000	0.000000	0.000000	0.000000	0.000000	0.000000	0.000000	0.000000	0.000000	0.000000	0.000000	0.000000	0.000000	0.000000	0.000000	0.000000	0.000000	0.000000	0.000000	0.000000	0.000000	0.000000	0.000000	0.000000	0.000000	0.000000	0.000000	0.000000	0.000000	0.000000	0.000000	0.000000	0.000000	0.000000	0.000000	0.000000	0.000000	0.000000	0.000000	0.000000	0.000000	0.000000	0.000000	0.000000	0.000000	0.000000	0.000000	0.000000	0.000000	0.000000	0.000000	0.000000	0.000000	0.000000	0.000000	0.000000	0.000000	0.000000	0.000000	0.000000	0.000000	0.000000	0.000000	0.000000	0.000000	0.000000	0.000000	0.000000	0.000000	0.000000	0.000000	0.000000	0.000000	0.000000	0.000000	0.000000	0.000000	0.000000	0.000000	0.000000	0.000000	0.000000	0.000000	0.000000	0.000000	0.000000	0.000000	0.000000	0.000000	0.000000	0.000000	0.000000	0.000000	0.000000	0.000000	0.000000	0.000000	0.000000	0.000000	0.000000	0.000000	0.000000	0.000000	0.000000	0.000000	0.000000	0.000000	0.000000	0.000000	0.000000	0.000000	0.000000	0.000000	0.000000	0.000000	0.000000	0.000000	0.000000	0.000000	0.000000	0.000000	0.000000	0.000000	0.000000	0.000000	0.000000	0.000000	0.000000	0.000000	0.000000	0.000000	0.000000	0.000000	0.000000	0.000000	0.000000	0.000000	0.000000	0.000000	0.000000	0.000000	0.000000	0.000000	0.000000	0.000000	0.000000	0.000000	0.000000	0.000000	0.000000	0.000000	0.000000	0.000000	0.000000	0.000000	0.000000	0.000000	0.000000	
input15
0.000000	0.000000	0.000000	0.000000	0.000000	0.000000	0.000000	0.000000	0.000000	0.000000	0.000000	0.000000	0.000000	0.000000	0.000000	0.000000	0.000000	0.000000	0.000000	3.000000	
output1
46.144337	46.144337	46.144337	46.144337	46.144337	67.805674	68.730469	70.831751	74.955604	73.508966	70.702676	69.210294	67.419644	65.615986	65.708013	66.194761	65.979518	65.906827	65.557668	64.670005	64.402010	63.546671	62.554993	60.797290	58.890646	56.819553	54.010952	50.952717	47.224888	43.277902	39.434604	37.538487	35.735688	28.832652	26.448779	25.459919	24.297367	23.876424	24.192132	25.592448	28.121568	31.464944	36.347785	42.294330	48.265781	53.507069	57.501773	61.058449	64.213630	68.506494	71.118306	74.674356	77.493522	79.249058	79.765692	80.535554	81.305067	81.111206	80.949453	80.494380	79.971762	78.873177	77.868178	75.737491	73.654602	71.824530	69.466044	68.053830	66.225678	64.427164	62.401876	59.518628	51.445962	45.871445	39.876380	33.772601	28.310733	24.228974	21.135924	21.688407	22.207818	24.542616	27.378043	31.441645	38.492003	42.979670	47.311263	50.642771	52.113423	56.144185	58.207147	60.150833	61.919365	63.466286	63.815931	65.949534	69.546155	72.176972	76.000179	79.041366	81.010051	81.364397	81.745233	81.712070	81.351034	81.114051	80.193041	78.883787	76.780373	75.366619	70.614417	66.571585	64.162262	61.951631	58.276144	53.966395	47.825196	40.492117	33.953920	28.570767	24.564495	24.100601	24.317138	25.005513	27.206867	28.877232	31.624770	35.030125	38.999878	43.508163	47.916481	52.083653	54.042373	57.456743	60.840636	64.653952	68.555538	72.269590	75.460970	76.541293	79.086489	80.310290	80.664219	80.381425	80.113610	79.369937	77.276373	76.124362	71.239597	67.688546	66.074674	62.212582	61.315496	60.020731	59.704924	61.000838	62.020543	64.540783	69.662557	72.292464	74.738169	77.963561	79.283270	79.572099	79.878360	79.811405	80.047311	80.069898	79.524901	79.131857	79.302373	80.065199	80.835736	81.652397	81.753964	81.350194	80.746803	80.461066	80.502564	79.036077	76.306301	73.785742	71.312006	69.013615	66.275199	63.259365	60.419293	57.568662	54.718280	51.256725	46.059884	46.564200	41.350648	34.589737	32.104762	30.809770	30.221765	30.630011	32.027620	34.641179	36.548241	41.731623	44.204663	49.290638	53.495569	59.138251	61.231186	64.963507	68.327762	71.763127	73.859790	76.712259	77.792266	79.406395	80.319950	80.602299	80.502536	80.390139	79.350511	78.124309	76.153880	73.827063	71.207206	67.454884	62.533431	59.890592	51.866295	49.037447	41.377349	39.049227	34.307935	30.763988	29.361291	31.035570	34.702016	40.006327	46.396678	54.869012	57.157402	61.764129	63.953158	69.800284	73.103691	74.508131	80.186206	81.915170	80.923053	83.285409	81.371488	81.474273	80.053142	79.150685	76.549742	74.220458	71.668431	55.230409	52.919927	44.667411	40.831486	37.356125	34.057686	31.767391	32.052580	34.580469	38.009234	42.457198	47.433991	52.957861	58.709028	64.176275	69.215146	72.866917	75.132293	76.797245	78.514317	79.139475	80.057343	80.818081	80.370427	81.758803	80.095715	78.869729	77.079011	74.849786	73.265961	69.727315	67.934974	62.435352	61.865584	61.244049	62.155541	62.469977	63.433035	64.980336	66.127636	66.757375	69.062974	66.075089	72.059565	75.124169	76.282472	76.844691	76.580611	75.282734	74.199932	
output2
51.209896	51.209896	51.209896	51.209896	51.209896	45.363195	46.256887	44.672416	45.687046	45.147347	44.883706	44.991525	45.452586	45.881913	46.126119	46.172444	46.242024	46.308906	46.418075	46.149810	46.269803	46.125441	46.277718	46.114789	46.100256	46.132849	46.009271	45.864291	45.699748	45.740557	45.785691	45.835455	45.838561	45.928499	46.140182	46.161388	46.320730	46.066912	45.751012	45.732720	45.632628	45.203987	44.881421	44.974636	45.283507	45.885108	45.830102	45.770673	45.885261	45.721951	45.896551	45.645694	45.694379	45.905210	45.874649	45.832408	46.013229	45.915577	45.919327	46.009187	46.173252	45.904421	45.969022	45.441642	45.397600	45.813975	45.746586	45.976268	45.815367	45.808351	45.893413	45.673650	45.297634	44.843966	44.696853	44.739543	45.219866	45.536721	45.843657	46.174963	46.259670	46.071358	45.898720	45.590553	45.377420	45.455415	45.603973	45.831478	45.947524	46.271671	46.273004	46.404422	46.422303	47.795718	46.288316	46.188840	45.791912	45.668028	45.736817	45.917064	46.037256	46.087957	46.189746	46.344859	46.334898	46.365564	46.432236	46.257905	45.848706	45.532378	45.231973	45.782572	45.929889	45.866111	45.317228	44.915560	44.390507	44.071874	44.188098	44.642142	45.088742	45.143043	45.507472	45.855637	46.241630	46.173089	46.285020	46.248468	46.023817	46.026418	45.989673	46.058756	46.199073	46.157866	45.831241	45.639156	45.379356	45.437641	45.590638	42.899390	44.929280	44.938128	45.332788	45.477725	45.498681	45.446023	45.147264	44.976634	44.479656	44.879009	45.242724	45.718162	45.952731	46.078285	46.047634	45.180105	44.996527	44.906137	44.971143	44.786445	44.856428	45.537284	45.950789	45.964025	46.194914	46.185626	46.503632	46.638658	46.417489	46.144699	46.141058	46.528935	46.788888	47.602600	47.763128	47.554232	47.258672	47.165790	47.503501	46.885433	45.991771	46.228386	46.821761	47.417098	47.501512	47.383122	47.671250	47.914070	47.779610	47.471846	43.509092	46.690973	46.106287	46.243221	47.048602	47.562306	47.471018	47.402039	46.815961	46.001550	45.702705	51.513881	46.257962	46.605209	46.885177	46.890650	46.938992	46.985563	47.229372	47.494584	47.040037	46.555937	46.689630	46.787489	46.552449	46.249236	46.338441	47.061685	47.185213	47.270993	46.855925	46.765047	46.796056	46.615737	46.191205	46.011237	46.529391	46.663897	46.729180	46.707885	46.351003	45.761602	45.502130	45.843129	45.316999	45.434464	46.102182	47.013623	46.853926	46.684538	46.678257	46.395641	46.416704	46.496991	46.773914	47.755363	46.648436	48.880507	46.864377	47.034282	46.730710	46.452374	46.644240	46.834407	46.897450	46.670439	47.052232	47.053882	47.326704	47.289582	46.562078	45.587533	45.669229	46.008422	46.158102	46.373264	46.458201	46.243847	45.716917	45.816543	46.883559	47.322396	47.389194	47.285999	47.113631	46.261443	45.985600	46.476607	46.617515	48.331107	46.758336	47.475933	46.873520	46.483167	46.260700	46.143677	46.265397	46.971496	47.157051	47.336261	47.342426	47.024533	46.844594	46.694687	48.078418	46.440280	46.256215	42.631737	45.516912	46.282589	46.785933	47.132475	46.985688	46.433552	45.984131	
output3
51.209896	51.209896	51.209896	51.209896	51.209896	45.363195	46.256887	44.672416	45.687046	45.147347	44.883706	44.991525	45.452586	45.881913	46.126119	46.172444	46.242024	46.308906	46.418075	46.149810	46.269803	46.125441	46.277718	46.114789	46.100256	46.132849	46.009271	45.864291	45.699748	45.740557	45.785691	45.835455	45.838561	45.928499	46.140182	46.161388	46.320730	46.066912	45.751012	45.732720	45.632628	45.203987	44.881421	44.974636	45.283507	45.885108	45.830102	45.770673	45.885261	45.721951	45.896551	45.645694	45.694379	45.905210	45.874649	45.832408	46.013229	45.915577	45.919327	46.009187	46.173252	45.904421	45.969022	45.441642	45.397600	45.813975	45.746586	45.976268	45.815367	45.808351	45.893413	45.673650	45.297634	44.843966	44.696853	44.739543	45.219866	45.536721	45.843657	46.174963	46.259670	46.071358	45.898720	45.590553	45.377420	45.455415	45.603973	45.831478	45.947524	46.271671	46.273004	46.404422	46.422303	47.795718	46.288316	46.188840	45.791912	45.668028	45.736817	45.917064	46.037256	46.087957	46.189746	46.344859	46.334898	46.365564	46.432236	46.257905	45.848706	45.532378	45.231973	45.782572	45.929889	45.866111	45.317228	44.915560	44.390507	44.071874	44.188098	44.642142	45.088742	45.143043	45.507472	45.855637	46.241630	46.173089	46.285020	46.248468	46.023817	46.026418	45.989673	46.058756	46.199073	46.157866	45.831241	45.639156	45.379356	45.437641	45.590638	42.899390	44.929280	44.938128	45.332788	45.477725	45.498681	45.446023	45.147264	44.976634	44.479656	44.879009	45.242724	45.718162	45.952731	46.078285	46.047634	45.180105	44.996527	44.906137	44.971143	44.786445	44.856428	45.537284	45.950789	45.964025	46.194914	46.185626	46.503632	46.638658	46.417489	46.144699	46.141058	46.528935	46.788888	47.602600	47.763128	47.554232	47.258672	47.165790	47.503501	46.885433	45.991771	46.228386	46.821761	47.417098	47.501512	47.383122	47.671250	47.914070	47.779610	47.471846	43.509092	46.690973	46.106287	46.243221	47.048602	47.562306	47.471018	47.402039	46.815961	46.001550	45.702705	51.513881	46.257962	46.605209	46.885177	46.890650	46.938992	46.985563	47.229372	47.494584	47.040037	46.555937	46.689630	46.787489	46.552449	46.249236	46.338441	47.061685	47.185213	47.270993	46.855925	46.765047	46.796056	46.615737	46.191205	46.011237	46.529391	46.663897	46.729180	46.707885	46.351003	45.761602	45.502130	45.843129	45.316999	45.434464	46.102182	47.013623	46.853926	46.684538	46.678257	46.395641	46.416704	46.496991	46.773914	47.755363	46.648436	48.880507	46.864377	47.034282	46.730710	46.452374	46.644240	46.834407	46.897450	46.670439	47.052232	47.053882	47.326704	47.289582	46.562078	45.587533	45.669229	46.008422	46.158102	46.373264	46.458201	46.243847	45.716917	45.816543	46.883559	47.322396	47.389194	47.285999	47.113631	46.261443	45.985600	46.476607	46.617515	48.331107	46.758336	47.475933	46.873520	46.483167	46.260700	46.143677	46.265397	46.971496	47.157051	47.336261	47.342426	47.024533	46.844594	46.694687	48.078418	46.440280	46.256215	42.631737	45.516912	46.282589	46.785933	47.132475	46.985688	46.433552	45.984131	
output4
1.000000	0.000000	0.000000	1.000000	0.000000	1.000000	-11.169535	-18.789777	-28.120425	60.758456	15.044052	39.622531	46.254634	0.708440	5.259247	46.254634	0.708440	5.259247	0.000000	3.000000	