input0
196.000000
input1
0.000000	0.000000	0.000000	0.000000	0.000000	0.000000	0.000000	0.000000	0.000000	0.000000	0.000000	0.000000	0.000000	0.000000	0.000000	0.000000	0.000000	0.000000	0.000000	0.000000	0.000000	0.000000	0.000000	0.000000	0.000000	0.000000	0.000000	0.000000	0.000000	0.000000	0.000000	0.000000	0.000000	0.000000	0.000000	0.000000	0.000000	0.000000	0.000000	0.000000	0.000000	0.000000	0.000000	0.000000	0.000000	0.000000	0.000000	0.000000	0.000000	0.000000	0.000000	0.000000	0.000000	0.000000	0.000000	0.000000	0.000000	0.000000	0.000000	0.000000	0.000000	0.000000	0.000000	0.000000	0.000000	0.000000	0.000000	0.000000	0.000000	0.000000	0.000000	0.000000	0.000000	0.000000	0.000000	0.000000	0.000000	0.000000	0.000000	0.000000	0.000000	0.000000	0.000000	0.000000	0.000000	0.000000	0.000000	0.000000	0.000000	0.000000	0.000000	0.000000	0.000000	0.000000	0.000000	0.000000	0.000000	0.000000	0.000000	0.000000	0.000000	0.000000	0.000000	0.000000	0.000000	0.000000	0.000000	0.000000	0.000000	0.000000	0.000000	0.000000	0.000000	0.000000	0.000000	0.000000	0.000000	0.000000	0.000000	0.000000	0.000000	0.000000	0.000000	0.000000	0.000000	0.000000	0.000000	0.000000	0.000000	0.000000	0.000000	0.000000	0.000000	0.000000	0.000000	0.000000	0.000000	0.000000	0.000000	0.000000	0.000000	0.000000	0.000000	0.000000	0.000000	0.000000	0.000000	0.000000	0.000000	0.000000	0.000000	0.000000	0.000000	0.000000	0.000000	0.000000	0.000000	0.000000	0.000000	0.000000	0.000000	0.000000	0.000000	0.000000	0.000000	0.000000	0.000000	0.000000	0.000000	0.000000	0.000000	0.000000	0.000000	0.000000	0.000000	0.000000	0.000000	0.000000	0.000000	0.000000	0.000000	0.000000	0.000000	0.000000	0.000000	0.000000	0.000000	0.000000	0.000000	0.000000	0.000000	0.000000	0.000000	0.000000	0.000000	0.000000	
input2
0.000000	0.000000	0.000000	0.000000	0.000000	0.000000	0.000000	0.000000	0.000000	0.000000	0.000000	0.000000	0.000000	0.000000	0.000000	0.000000	0.000000	0.000000	0.000000	0.000000	0.000000	0.000000	0.000000	0.000000	0.000000	0.000000	0.000000	0.000000	0.000000	0.000000	0.000000	0.000000	0.000000	0.000000	0.000000	0.000000	0.000000	0.000000	0.000000	0.000000	0.000000	0.000000	0.000000	0.000000	0.000000	0.000000	0.000000	0.000000	0.000000	0.000000	0.000000	0.000000	0.000000	0.000000	0.000000	0.000000	0.000000	0.000000	0.000000	0.000000	0.000000	0.000000	0.000000	0.000000	0.000000	0.000000	0.000000	0.000000	0.000000	0.000000	0.000000	0.000000	0.000000	0.000000	0.000000	0.000000	0.000000	0.000000	0.000000	0.000000	0.000000	0.000000	0.000000	0.000000	0.000000	0.000000	0.000000	0.000000	0.000000	0.000000	0.000000	0.000000	0.000000	0.000000	0.000000	0.000000	0.000000	0.000000	0.000000	0.000000	0.000000	0.000000	0.000000	0.000000	0.000000	0.000000	0.000000	0.000000	0.000000	0.000000	0.000000	0.000000	0.000000	0.000000	0.000000	0.000000	0.000000	0.000000	0.000000	0.000000	0.000000	0.000000	0.000000	0.000000	0.000000	0.000000	0.000000	0.000000	0.000000	0.000000	0.000000	0.000000	0.000000	0.000000	0.000000	0.000000	0.000000	0.000000	0.000000	0.000000	0.000000	0.000000	0.000000	0.000000	0.000000	0.000000	0.000000	0.000000	0.000000	0.000000	0.000000	0.000000	0.000000	0.000000	0.000000	0.000000	0.000000	0.000000	0.000000	0.000000	0.000000	0.000000	0.000000	0.000000	0.000000	0.000000	0.000000	0.000000	0.000000	0.000000	0.000000	0.000000	0.000000	0.000000	0.000000	0.000000	0.000000	0.000000	0.000000	0.000000	0.000000	0.000000	0.000000	0.000000	0.000000	0.000000	0.000000	0.000000	0.000000	0.000000	0.000000	0.000000	0.000000	0.000000	0.000000	0.000000	
input3
0.000000	0.000000	0.000000	0.000000	0.000000	0.000000	0.000000	0.000000	0.000000	0.000000	0.000000	0.000000	0.000000	0.000000	0.000000	0.000000	0.000000	0.000000	0.000000	0.000000	0.000000	0.000000	0.000000	0.000000	0.000000	0.000000	0.000000	0.000000	0.000000	0.000000	0.000000	0.000000	0.000000	0.000000	0.000000	0.000000	0.000000	0.000000	0.000000	0.000000	0.000000	0.000000	0.000000	0.000000	0.000000	0.000000	0.000000	0.000000	0.000000	0.000000	0.000000	0.000000	0.000000	0.000000	0.000000	0.000000	0.000000	0.000000	0.000000	0.000000	0.000000	0.000000	0.000000	0.000000	0.000000	0.000000	0.000000	0.000000	0.000000	0.000000	0.000000	0.000000	0.000000	0.000000	0.000000	0.000000	0.000000	0.000000	0.000000	0.000000	0.000000	0.000000	0.000000	0.000000	0.000000	0.000000	0.000000	0.000000	0.000000	0.000000	0.000000	0.000000	0.000000	0.000000	0.000000	0.000000	0.000000	0.000000	0.000000	0.000000	0.000000	0.000000	0.000000	0.000000	0.000000	0.000000	0.000000	0.000000	0.000000	0.000000	0.000000	0.000000	0.000000	0.000000	0.000000	0.000000	0.000000	0.000000	0.000000	0.000000	0.000000	0.000000	0.000000	0.000000	0.000000	0.000000	0.000000	0.000000	0.000000	0.000000	0.000000	0.000000	0.000000	0.000000	0.000000	0.000000	0.000000	0.000000	0.000000	0.000000	0.000000	0.000000	0.000000	0.000000	0.000000	0.000000	0.000000	0.000000	0.000000	0.000000	0.000000	0.000000	0.000000	0.000000	0.000000	0.000000	0.000000	0.000000	0.000000	0.000000	0.000000	0.000000	0.000000	0.000000	0.000000	0.000000	0.000000	0.000000	0.000000	0.000000	0.000000	0.000000	0.000000	0.000000	0.000000	0.000000	0.000000	0.000000	0.000000	0.000000	0.000000	0.000000	0.000000	0.000000	0.000000	0.000000	0.000000	0.000000	0.000000	0.000000	0.000000	0.000000	0.000000	0.000000	0.000000	0.000000	
input4
-17.227000	-17.227000	-17.227000	-17.227000	-17.227000	-30.780000	-32.767000	-32.767000	-36.153000	-34.567000	-31.440000	-29.367000	-24.513000	-20.227000	-18.593000	-18.000000	-17.427000	-17.880000	-19.067000	-19.040000	-19.040000	-19.300000	-19.680000	-19.953000	-20.340000	-20.640000	-21.140000	-21.767000	-21.840000	-21.700000	-21.180000	-20.793000	-20.453000	-19.713000	-19.980000	-20.027000	-20.400000	-21.040000	-21.393000	-21.580000	-21.493000	-20.780000	-20.013000	-19.567000	-19.380000	-19.327000	-19.353000	-19.393000	-19.300000	-19.127000	-18.953000	-18.727000	-18.740000	-18.513000	-18.400000	-18.080000	-17.693000	-17.567000	-17.580000	-17.567000	-17.667000	-17.813000	-18.167000	-18.500000	-18.793000	-19.093000	-19.600000	-19.793000	-20.240000	-20.793000	-21.000000	-21.353000	-21.353000	-21.293000	-20.953000	-20.327000	-19.600000	-18.800000	-17.613000	-17.040000	-16.800000	-16.700000	-17.240000	-18.127000	-19.427000	-20.180000	-20.680000	-21.013000	-21.253000	-21.527000	-21.893000	-22.327000	-22.613000	-22.867000	-22.867000	-22.967000	-23.000000	-22.913000	-22.513000	-22.053000	-22.193000	-22.353000	-22.527000	-22.240000	-22.027000	-21.780000	-21.567000	-21.493000	-21.667000	-21.827000	-22.093000	-22.267000	-22.140000	-22.280000	-22.180000	-21.980000	-21.527000	-20.993000	-20.727000	-20.893000	-21.540000	-21.667000	-21.840000	-21.513000	-20.493000	-20.200000	-20.340000	-20.667000	-20.727000	-20.580000	-20.293000	-20.113000	-20.213000	-20.600000	-21.180000	-21.267000	-21.213000	-21.140000	-20.627000	-20.193000	-20.193000	-19.567000	-18.800000	-17.893000	-17.493000	-17.067000	-17.413000	-17.493000	-17.740000	-17.700000	-17.753000	-18.067000	-18.153000	-18.413000	-20.267000	-25.967000	-28.580000	-34.013000	-40.593000	-41.627000	-41.693000	-41.300000	-41.540000	-42.027000	-42.580000	-42.893000	-43.227000	-43.467000	-44.227000	-44.353000	-43.653000	-42.853000	-41.380000	-41.640000	-41.667000	-42.040000	-42.593000	-42.940000	-44.540000	-47.313000	-50.940000	-54.593000	-56.840000	-57.667000	-56.993000	-55.253000	-52.993000	-50.080000	-46.667000	-42.153000	-35.653000	-35.653000	-27.440000	-14.167000	-6.867000	-0.380000	
input5
32.060000	32.060000	32.060000	32.060000	32.060000	6.800000	6.800000	-0.707000	-8.860000	-6.100000	0.293000	3.727000	8.053000	11.527000	11.700000	10.980000	11.367000	11.667000	12.527000	13.280000	13.867000	14.753000	16.267000	17.967000	19.813000	21.580000	23.253000	24.480000	25.340000	25.713000	25.393000	25.027000	24.467000	20.293000	17.313000	15.667000	12.193000	7.700000	2.653000	-2.847000	-9.620000	-17.360000	-26.233000	-35.207000	-43.260000	-49.660000	-54.147000	-57.647000	-60.347000	-62.920000	-63.900000	-63.287000	-60.947000	-58.173000	-56.520000	-52.773000	-45.420000	-40.047000	-37.387000	-32.107000	-27.447000	-22.847000	-18.007000	-12.020000	-5.887000	-0.207000	4.667000	7.767000	10.480000	13.113000	15.840000	18.553000	23.600000	24.700000	24.567000	22.800000	19.600000	15.240000	4.827000	0.527000	-1.560000	-7.700000	-12.807000	-19.320000	-29.560000	-35.600000	-41.260000	-45.400000	-47.120000	-51.787000	-53.933000	-55.800000	-57.420000	-58.987000	-58.987000	-60.573000	-62.360000	-62.907000	-62.060000	-58.607000	-52.087000	-49.747000	-44.960000	-38.220000	-34.220000	-32.020000	-25.673000	-20.087000	-13.420000	-9.807000	1.480000	10.013000	13.740000	16.327000	19.113000	21.713000	23.740000	24.053000	22.313000	18.613000	11.113000	8.467000	3.453000	-0.700000	-8.187000	-12.160000	-17.033000	-22.620000	-29.060000	-35.847000	-42.133000	-47.573000	-49.887000	-53.633000	-56.847000	-60.000000	-62.200000	-63.120000	-62.520000	-55.047000	-55.047000	-46.500000	-40.520000	-35.347000	-32.973000	-28.273000	-19.073000	-15.220000	-2.420000	5.827000	9.313000	15.593000	17.040000	18.640000	18.967000	16.027000	14.300000	9.993000	-0.220000	-6.847000	-13.447000	-22.973000	-28.573000	-31.907000	-34.287000	-34.607000	-33.800000	-32.720000	-31.320000	-30.747000	-30.773000	-32.460000	-35.220000	-34.887000	-33.907000	-32.533000	-30.687000	-29.647000	-29.720000	-29.633000	-29.147000	-28.700000	-28.047000	-27.787000	-27.733000	-27.800000	-28.107000	-28.333000	-28.473000	-28.420000	-28.420000	-28.033000	-27.520000	-26.320000	-25.507000	-25.173000	
input6
-28.367000	-28.367000	-28.367000	-28.367000	-28.367000	-60.033000	-60.033000	-62.793000	-65.060000	-64.587000	-63.327000	-62.560000	-62.287000	-61.347000	-61.927000	-62.747000	-62.613000	-62.353000	-61.460000	-60.360000	-59.940000	-58.720000	-57.107000	-54.547000	-51.593000	-48.340000	-43.927000	-39.027000	-33.333000	-27.220000	-21.487000	-18.720000	-16.127000	-5.560000	-0.773000	1.293000	5.053000	8.253000	10.980000	13.460000	15.373000	16.027000	15.247000	12.900000	9.087000	4.833000	-0.133000	-5.373000	-10.447000	-19.193000	-24.807000	-34.933000	-44.040000	-50.533000	-53.193000	-58.087000	-65.073000	-68.313000	-69.613000	-71.693000	-73.007000	-73.360000	-73.547000	-72.453000	-70.973000	-69.240000	-66.480000	-64.647000	-62.180000	-59.553000	-56.587000	-52.367000	-40.420000	-32.260000	-23.400000	-14.407000	-5.760000	1.160000	10.640000	13.407000	14.440000	16.253000	16.980000	16.933000	15.180000	13.140000	10.407000	7.873000	6.620000	2.620000	0.007000	-2.447000	-5.060000	-5.060000	-8.373000	-12.360000	-20.467000	-26.967000	-37.653000	-48.233000	-57.940000	-60.380000	-64.447000	-68.713000	-70.440000	-71.273000	-72.847000	-73.193000	-72.427000	-71.467000	-67.053000	-61.933000	-58.633000	-55.453000	-50.387000	-44.247000	-35.500000	-24.907000	-15.013000	-5.773000	3.993000	6.300000	10.120000	12.727000	15.913000	16.673000	17.213000	16.980000	15.713000	13.580000	10.440000	6.707000	4.827000	0.647000	-4.627000	-11.307000	-19.520000	-28.140000	-36.880000	-49.200000	-53.073000	-62.487000	-67.167000	-69.940000	-70.887000	-72.173000	-72.833000	-72.507000	-68.953000	-65.073000	-62.960000	-57.453000	-56.033000	-54.000000	-52.860000	-52.820000	-53.153000	-53.933000	-56.613000	-58.707000	-60.553000	-62.007000	-61.187000	-59.560000	-58.240000	-57.727000	-58.280000	-58.747000	-58.200000	-57.873000	-58.620000	-59.333000	-59.847000	-60.960000	-61.627000	-61.580000	-61.353000	-61.247000	-60.113000	-55.947000	-48.767000	-40.500000	-32.680000	-25.793000	-19.367000	-13.267000	-7.227000	-1.840000	2.360000	6.533000	6.533000	10.547000	14.127000	17.407000	18.247000	17.760000	
input7
0.000000	0.000000	0.000000	0.000000	0.000000	0.000000	0.000000	0.000000	0.000000	0.000000	0.000000	0.000000	0.000000	0.000000	0.000000	0.000000	0.000000	0.000000	0.000000	0.000000	0.000000	0.000000	0.000000	0.000000	0.000000	0.000000	0.000000	0.000000	0.000000	0.000000	0.000000	0.000000	0.000000	0.000000	0.000000	0.000000	0.000000	0.000000	0.000000	0.000000	0.000000	0.000000	0.000000	0.000000	0.000000	0.000000	0.000000	0.000000	0.000000	0.000000	0.000000	0.000000	0.000000	0.000000	0.000000	0.000000	0.000000	0.000000	0.000000	0.000000	0.000000	0.000000	0.000000	0.000000	0.000000	0.000000	0.000000	0.000000	0.000000	0.000000	0.000000	0.000000	0.000000	0.000000	0.000000	0.000000	0.000000	0.000000	0.000000	0.000000	0.000000	0.000000	0.000000	0.000000	0.000000	0.000000	0.000000	0.000000	0.000000	0.000000	0.000000	0.000000	0.000000	0.000000	0.000000	0.000000	0.000000	0.000000	0.000000	0.000000	0.000000	0.000000	0.000000	0.000000	0.000000	0.000000	0.000000	0.000000	0.000000	0.000000	0.000000	0.000000	0.000000	0.000000	0.000000	0.000000	0.000000	0.000000	0.000000	0.000000	0.000000	0.000000	0.000000	0.000000	0.000000	0.000000	0.000000	0.000000	0.000000	0.000000	0.000000	0.000000	0.000000	0.000000	0.000000	0.000000	0.000000	0.000000	0.000000	0.000000	0.000000	0.000000	0.000000	0.000000	0.000000	0.000000	0.000000	0.000000	0.000000	0.000000	0.000000	0.000000	0.000000	0.000000	0.000000	0.000000	0.000000	0.000000	0.000000	0.000000	0.000000	0.000000	0.000000	0.000000	0.000000	0.000000	0.000000	0.000000	0.000000	0.000000	0.000000	0.000000	0.000000	0.000000	0.000000	0.000000	0.000000	0.000000	0.000000	0.000000	0.000000	0.000000	0.000000	0.000000	0.000000	0.000000	0.000000	0.000000	0.000000	0.000000	0.000000	0.000000	0.000000	0.000000	0.000000	0.000000	
input8
0.000000	0.000000	0.000000	0.000000	0.000000	0.000000	0.000000	0.000000	0.000000	0.000000	0.000000	0.000000	0.000000	0.000000	0.000000	0.000000	0.000000	0.000000	0.000000	0.000000	0.000000	0.000000	0.000000	0.000000	0.000000	0.000000	0.000000	0.000000	0.000000	0.000000	0.000000	0.000000	0.000000	0.000000	0.000000	0.000000	0.000000	0.000000	0.000000	0.000000	0.000000	0.000000	0.000000	0.000000	0.000000	0.000000	0.000000	0.000000	0.000000	0.000000	0.000000	0.000000	0.000000	0.000000	0.000000	0.000000	0.000000	0.000000	0.000000	0.000000	0.000000	0.000000	0.000000	0.000000	0.000000	0.000000	0.000000	0.000000	0.000000	0.000000	0.000000	0.000000	0.000000	0.000000	0.000000	0.000000	0.000000	0.000000	0.000000	0.000000	0.000000	0.000000	0.000000	0.000000	0.000000	0.000000	0.000000	0.000000	0.000000	0.000000	0.000000	0.000000	0.000000	0.000000	0.000000	0.000000	0.000000	0.000000	0.000000	0.000000	0.000000	0.000000	0.000000	0.000000	0.000000	0.000000	0.000000	0.000000	0.000000	0.000000	0.000000	0.000000	0.000000	0.000000	0.000000	0.000000	0.000000	0.000000	0.000000	0.000000	0.000000	0.000000	0.000000	0.000000	0.000000	0.000000	0.000000	0.000000	0.000000	0.000000	0.000000	0.000000	0.000000	0.000000	0.000000	0.000000	0.000000	0.000000	0.000000	0.000000	0.000000	0.000000	0.000000	0.000000	0.000000	0.000000	0.000000	0.000000	0.000000	0.000000	0.000000	0.000000	0.000000	0.000000	0.000000	0.000000	0.000000	0.000000	0.000000	0.000000	0.000000	0.000000	0.000000	0.000000	0.000000	0.000000	0.000000	0.000000	0.000000	0.000000	0.000000	0.000000	0.000000	0.000000	0.000000	0.000000	0.000000	0.000000	0.000000	0.000000	0.000000	0.000000	0.000000	0.000000	0.000000	0.000000	0.000000	0.000000	0.000000	0.000000	0.000000	0.000000	0.000000	0.000000	0.000000	0.000000	
input9
0.000000	0.000000	0.000000	0.000000	0.000000	0.000000	0.000000	0.000000	0.000000	0.000000	0.000000	0.000000	0.000000	0.000000	0.000000	0.000000	0.000000	0.000000	0.000000	0.000000	0.000000	0.000000	0.000000	0.000000	0.000000	0.000000	0.000000	0.000000	0.000000	0.000000	0.000000	0.000000	0.000000	0.000000	0.000000	0.000000	0.000000	0.000000	0.000000	0.000000	0.000000	0.000000	0.000000	0.000000	0.000000	0.000000	0.000000	0.000000	0.000000	0.000000	0.000000	0.000000	0.000000	0.000000	0.000000	0.000000	0.000000	0.000000	0.000000	0.000000	0.000000	0.000000	0.000000	0.000000	0.000000	0.000000	0.000000	0.000000	0.000000	0.000000	0.000000	0.000000	0.000000	0.000000	0.000000	0.000000	0.000000	0.000000	0.000000	0.000000	0.000000	0.000000	0.000000	0.000000	0.000000	0.000000	0.000000	0.000000	0.000000	0.000000	0.000000	0.000000	0.000000	0.000000	0.000000	0.000000	0.000000	0.000000	0.000000	0.000000	0.000000	0.000000	0.000000	0.000000	0.000000	0.000000	0.000000	0.000000	0.000000	0.000000	0.000000	0.000000	0.000000	0.000000	0.000000	0.000000	0.000000	0.000000	0.000000	0.000000	0.000000	0.000000	0.000000	0.000000	0.000000	0.000000	0.000000	0.000000	0.000000	0.000000	0.000000	0.000000	0.000000	0.000000	0.000000	0.000000	0.000000	0.000000	0.000000	0.000000	0.000000	0.000000	0.000000	0.000000	0.000000	0.000000	0.000000	0.000000	0.000000	0.000000	0.000000	0.000000	0.000000	0.000000	0.000000	0.000000	0.000000	0.000000	0.000000	0.000000	0.000000	0.000000	0.000000	0.000000	0.000000	0.000000	0.000000	0.000000	0.000000	0.000000	0.000000	0.000000	0.000000	0.000000	0.000000	0.000000	0.000000	0.000000	0.000000	0.000000	0.000000	0.000000	0.000000	0.000000	0.000000	0.000000	0.000000	0.000000	0.000000	0.000000	0.000000	0.000000	0.000000	0.000000	0.000000	0.000000	
input10
0.000000	0.000000	0.000000	0.000000	0.000000	0.000000	0.000000	0.000000	0.000000	0.000000	0.000000	0.000000	0.000000	0.000000	0.000000	0.000000	0.000000	0.000000	0.000000	0.000000	0.000000	0.000000	0.000000	0.000000	0.000000	0.000000	0.000000	0.000000	0.000000	0.000000	0.000000	0.000000	0.000000	0.000000	0.000000	0.000000	0.000000	0.000000	0.000000	0.000000	0.000000	0.000000	0.000000	0.000000	0.000000	0.000000	0.000000	0.000000	0.000000	0.000000	0.000000	0.000000	0.000000	0.000000	0.000000	0.000000	0.000000	0.000000	0.000000	0.000000	0.000000	0.000000	0.000000	0.000000	0.000000	0.000000	0.000000	0.000000	0.000000	0.000000	0.000000	0.000000	0.000000	0.000000	0.000000	0.000000	0.000000	0.000000	0.000000	0.000000	0.000000	0.000000	0.000000	0.000000	0.000000	0.000000	0.000000	0.000000	0.000000	0.000000	0.000000	0.000000	0.000000	0.000000	0.000000	0.000000	0.000000	0.000000	0.000000	0.000000	0.000000	0.000000	0.000000	0.000000	0.000000	0.000000	0.000000	0.000000	0.000000	0.000000	0.000000	0.000000	0.000000	0.000000	0.000000	0.000000	0.000000	0.000000	0.000000	0.000000	0.000000	0.000000	0.000000	0.000000	0.000000	0.000000	0.000000	0.000000	0.000000	0.000000	0.000000	0.000000	0.000000	0.000000	0.000000	0.000000	0.000000	0.000000	0.000000	0.000000	0.000000	0.000000	0.000000	0.000000	0.000000	0.000000	0.000000	0.000000	0.000000	0.000000	0.000000	0.000000	0.000000	0.000000	0.000000	0.000000	0.000000	0.000000	0.000000	0.000000	0.000000	0.000000	0.000000	0.000000	0.000000	0.000000	0.000000	0.000000	0.000000	0.000000	0.000000	0.000000	0.000000	0.000000	0.000000	0.000000	0.000000	0.000000	0.000000	0.000000	0.000000	0.000000	0.000000	0.000000	0.000000	0.000000	0.000000	0.000000	0.000000	0.000000	0.000000	0.000000	0.000000	0.000000	0.000000	0.000000	
input11
0.000000	0.000000	0.000000	0.000000	0.000000	0.000000	0.000000	0.000000	0.000000	0.000000	0.000000	0.000000	0.000000	0.000000	0.000000	0.000000	0.000000	0.000000	0.000000	0.000000	0.000000	0.000000	0.000000	0.000000	0.000000	0.000000	0.000000	0.000000	0.000000	0.000000	0.000000	0.000000	0.000000	0.000000	0.000000	0.000000	0.000000	0.000000	0.000000	0.000000	0.000000	0.000000	0.000000	0.000000	0.000000	0.000000	0.000000	0.000000	0.000000	0.000000	0.000000	0.000000	0.000000	0.000000	0.000000	0.000000	0.000000	0.000000	0.000000	0.000000	0.000000	0.000000	0.000000	0.000000	0.000000	0.000000	0.000000	0.000000	0.000000	0.000000	0.000000	0.000000	0.000000	0.000000	0.000000	0.000000	0.000000	0.000000	0.000000	0.000000	0.000000	0.000000	0.000000	0.000000	0.000000	0.000000	0.000000	0.000000	0.000000	0.000000	0.000000	0.000000	0.000000	0.000000	0.000000	0.000000	0.000000	0.000000	0.000000	0.000000	0.000000	0.000000	0.000000	0.000000	0.000000	0.000000	0.000000	0.000000	0.000000	0.000000	0.000000	0.000000	0.000000	0.000000	0.000000	0.000000	0.000000	0.000000	0.000000	0.000000	0.000000	0.000000	0.000000	0.000000	0.000000	0.000000	0.000000	0.000000	0.000000	0.000000	0.000000	0.000000	0.000000	0.000000	0.000000	0.000000	0.000000	0.000000	0.000000	0.000000	0.000000	0.000000	0.000000	0.000000	0.000000	0.000000	0.000000	0.000000	0.000000	0.000000	0.000000	0.000000	0.000000	0.000000	0.000000	0.000000	0.000000	0.000000	0.000000	0.000000	0.000000	0.000000	0.000000	0.000000	0.000000	0.000000	0.000000	0.000000	0.000000	0.000000	0.000000	0.000000	0.000000	0.000000	0.000000	0.000000	0.000000	0.000000	0.000000	0.000000	0.000000	0.000000	0.000000	0.000000	0.000000	0.000000	0.000000	0.000000	0.000000	0.000000	0.000000	0.000000	0.000000	0.000000	0.000000	0.000000	
input12
0.000000	0.000000	0.000000	0.000000	0.000000	0.000000	0.000000	0.000000	0.000000	0.000000	0.000000	0.000000	0.000000	0.000000	0.000000	0.000000	0.000000	0.000000	0.000000	0.000000	0.000000	0.000000	0.000000	0.000000	0.000000	0.000000	0.000000	0.000000	0.000000	0.000000	0.000000	0.000000	0.000000	0.000000	0.000000	0.000000	0.000000	0.000000	0.000000	0.000000	0.000000	0.000000	0.000000	0.000000	0.000000	0.000000	0.000000	0.000000	0.000000	0.000000	0.000000	0.000000	0.000000	0.000000	0.000000	0.000000	0.000000	0.000000	0.000000	0.000000	0.000000	0.000000	0.000000	0.000000	0.000000	0.000000	0.000000	0.000000	0.000000	0.000000	0.000000	0.000000	0.000000	0.000000	0.000000	0.000000	0.000000	0.000000	0.000000	0.000000	0.000000	0.000000	0.000000	0.000000	0.000000	0.000000	0.000000	0.000000	0.000000	0.000000	0.000000	0.000000	0.000000	0.000000	0.000000	0.000000	0.000000	0.000000	0.000000	0.000000	0.000000	0.000000	0.000000	0.000000	0.000000	0.000000	0.000000	0.000000	0.000000	0.000000	0.000000	0.000000	0.000000	0.000000	0.000000	0.000000	0.000000	0.000000	0.000000	0.000000	0.000000	0.000000	0.000000	0.000000	0.000000	0.000000	0.000000	0.000000	0.000000	0.000000	0.000000	0.000000	0.000000	0.000000	0.000000	0.000000	0.000000	0.000000	0.000000	0.000000	0.000000	0.000000	0.000000	0.000000	0.000000	0.000000	0.000000	0.000000	0.000000	0.000000	0.000000	0.000000	0.000000	0.000000	0.000000	0.000000	0.000000	0.000000	0.000000	0.000000	0.000000	0.000000	0.000000	0.000000	0.000000	0.000000	0.000000	0.000000	0.000000	0.000000	0.000000	0.000000	0.000000	0.000000	0.000000	0.000000	0.000000	0.000000	0.000000	0.000000	0.000000	0.000000	0.000000	0.000000	0.000000	0.000000	0.000000	0.000000	0.000000	0.000000	0.000000	0.000000	0.000000	0.000000	0.000000	0.000000	
input13
0.000000	0.000000	0.000000	0.000000	0.000000	0.000000	0.000000	0.000000	0.000000	0.000000	0.000000	0.000000	0.000000	0.000000	0.000000	0.000000	0.000000	0.000000	0.000000	0.000000	0.000000	0.000000	0.000000	0.000000	0.000000	0.000000	0.000000	0.000000	0.000000	0.000000	0.000000	0.000000	0.000000	0.000000	0.000000	0.000000	0.000000	0.000000	0.000000	0.000000	0.000000	0.000000	0.000000	0.000000	0.000000	0.000000	0.000000	0.000000	0.000000	0.000000	0.000000	0.000000	0.000000	0.000000	0.000000	0.000000	0.000000	0.000000	0.000000	0.000000	0.000000	0.000000	0.000000	0.000000	0.000000	0.000000	0.000000	0.000000	0.000000	0.000000	0.000000	0.000000	0.000000	0.000000	0.000000	0.000000	0.000000	0.000000	0.000000	0.000000	0.000000	0.000000	0.000000	0.000000	0.000000	0.000000	0.000000	0.000000	0.000000	0.000000	0.000000	0.000000	0.000000	0.000000	0.000000	0.000000	0.000000	0.000000	0.000000	0.000000	0.000000	0.000000	0.000000	0.000000	0.000000	0.000000	0.000000	0.000000	0.000000	0.000000	0.000000	0.000000	0.000000	0.000000	0.000000	0.000000	0.000000	0.000000	0.000000	0.000000	0.000000	0.000000	0.000000	0.000000	0.000000	0.000000	0.000000	0.000000	0.000000	0.000000	0.000000	0.000000	0.000000	0.000000	0.000000	0.000000	0.000000	0.000000	0.000000	0.000000	0.000000	0.000000	0.000000	0.000000	0.000000	0.000000	0.000000	0.000000	0.000000	0.000000	0.000000	0.000000	0.000000	0.000000	0.000000	0.000000	0.000000	0.000000	0.000000	0.000000	0.000000	0.000000	0.000000	0.000000	0.000000	0.000000	0.000000	0.000000	0.000000	0.000000	0.000000	0.000000	0.000000	0.000000	0.000000	0.000000	0.000000	0.000000	0.000000	0.000000	0.000000	0.000000	0.000000	0.000000	0.000000	0.000000	0.000000	0.000000	0.000000	0.000000	0.000000	0.000000	0.000000	0.000000	0.000000	0.000000	
input14
0.000000	0.000000	0.000000	0.000000	0.000000	0.000000	0.000000	0.000000	0.000000	0.000000	0.000000	0.000000	0.000000	0.000000	0.000000	0.000000	0.000000	0.000000	0.000000	0.000000	0.000000	0.000000	0.000000	0.000000	0.000000	0.000000	0.000000	0.000000	0.000000	0.000000	0.000000	0.000000	0.000000	0.000000	0.000000	0.000000	0.000000	0.000000	0.000000	0.000000	0.000000	0.000000	0.000000	0.000000	0.000000	0.000000	0.000000	0.000000	0.000000	0.000000	0.000000	0.000000	0.000000	0.000000	0.000000	0.000000	0.000000	0.000000	0.000000	0.000000	0.000000	0.000000	0.000000	0.000000	0.000000	0.000000	0.000000	0.000000	0.000000	0.000000	0.000000	0.000000	0.000000	0.000000	0.000000	0.000000	0.000000	0.000000	0.000000	0.000000	0.000000	0.000000	0.000000	0.000000	0.000000	0.000000	0.000000	0.000000	0.000000	0.000000	0.000000	0.000000	0.000000	0.000000	0.000000	0.000000	0.000000	0.000000	0.000000	0.000000	0.000000	0.000000	0.000000	0.000000	0.000000	0.000000	0.000000	0.000000	0.000000	0.000000	0.000000	0.000000	0.000000	0.000000	0.000000	0.000000	0.000000	0.000000	0.000000	0.000000	0.000000	0.000000	0.000000	0.000000	0.000000	0.000000	0.000000	0.000000	0.000000	0.000000	0.000000	0.000000	0.000000	0.000000	0.000000	0.000000	0.000000	0.000000	0.000000	0.000000	0.000000	0.000000	0.000000	0.000000	0.000000	0.000000	0.000000	0.000000	0.000000	0.000000	0.000000	0.000000	0.000000	0.000000	0.000000	0.000000	0.000000	0.000000	0.000000	0.000000	0.000000	0.000000	0.000000	0.000000	0.000000	0.000000	0.000000	0.000000	0.000000	0.000000	0.000000	0.000000	0.000000	0.000000	0.000000	0.000000	0.000000	0.000000	0.000000	0.000000	0.000000	0.000000	0.000000	0.000000	0.000000	0.000000	0.000000	0.000000	0.000000	0.000000	0.000000	0.000000	0.000000	0.000000	0.000000	0.000000	
input15
0.000000	0.000000	0.000000	0.000000	0.000000	0.000000	0.000000	0.000000	0.000000	0.000000	0.000000	0.000000	0.000000	0.000000	0.000000	0.000000	0.000000	0.000000	0.000000	3.000000	
output1
46.144337	46.144337	46.144337	46.144337	46.144337	67.805674	68.730469	70.831751	74.955604	73.508966	70.702676	69.210294	67.419644	65.615986	65.708013	66.194761	65.979518	65.906827	65.557668	64.670005	64.402010	63.546671	62.554993	60.797290	58.890646	56.819553	54.010952	50.952717	47.224888	43.277902	39.434604	37.538487	35.735688	28.832652	26.448779	25.459919	24.297367	23.876424	24.192132	25.592448	28.121568	31.464944	36.347785	42.294330	48.265781	53.507069	57.501773	61.058449	64.213630	68.506494	71.118306	74.674356	77.493522	79.249058	79.765692	80.535554	81.305067	81.111206	80.949453	80.494380	79.971762	78.873177	77.868178	75.737491	73.654602	71.824530	69.466044	68.053830	66.225678	64.427164	62.401876	59.518628	51.445962	45.871445	39.876380	33.772601	28.310733	24.228974	21.135924	21.688407	22.207818	24.542616	27.378043	31.441645	38.492003	42.979670	47.311263	50.642771	52.113423	56.144185	58.207147	60.150833	61.919365	63.466286	63.815931	65.949534	69.546155	72.176972	76.000179	79.041366	81.010051	81.364397	81.745233	81.712070	81.351034	81.114051	80.193041	78.883787	76.780373	75.366619	70.614417	66.571585	64.162262	61.951631	58.276144	53.966395	47.825196	40.492117	33.953920	28.570767	24.564495	24.100601	24.317138	25.005513	27.206867	28.877232	31.624770	35.030125	38.999878	43.508163	47.916481	52.083653	54.042373	57.456743	60.840636	64.653952	68.555538	72.269590	75.460970	76.541293	79.086489	80.310290	80.664219	80.381425	80.113610	79.369937	77.276373	76.124362	71.239597	67.688546	66.074674	62.212582	61.315496	60.020731	59.704924	61.000838	62.020543	64.540783	69.662557	72.292464	74.738169	77.963561	79.283270	79.572099	79.878360	79.811405	80.047311	80.069898	79.524901	79.131857	79.302373	80.065199	80.835736	81.652397	81.753964	81.350194	80.746803	80.461066	80.502564	79.036077	76.306301	73.785742	71.312006	69.013615	66.275199	63.259365	60.419293	57.568662	54.718280	51.256725	46.059884	46.564200	41.350648	34.589737	32.104762	30.809770	
output2
50.910791	50.910791	50.910791	50.910791	50.910791	44.974532	45.833672	44.278927	45.274291	44.750026	44.518935	44.654510	45.203640	45.707798	45.989119	46.054507	46.134155	46.189332	46.266591	45.990316	46.106522	45.947387	46.079235	45.892095	45.849309	45.854857	45.694587	45.509713	45.314988	45.332186	45.366485	45.415112	45.417198	45.498039	45.699087	45.718037	45.870405	45.606503	45.290275	45.281225	45.203340	44.817092	44.550720	44.703474	45.069108	45.719542	45.703423	45.679539	45.828677	45.715847	45.921324	45.714462	45.790216	46.020156	45.995910	45.964637	46.150413	46.046136	46.043618	46.119615	46.266843	45.977364	46.014597	45.450363	45.367509	45.746406	45.635888	45.841301	45.648636	45.607705	45.664856	45.407291	44.957193	44.462036	44.284093	44.310548	44.788912	45.116080	45.456814	45.810072	45.905191	45.736336	45.569816	45.268681	45.077711	45.174650	45.349146	45.599026	45.723065	46.079143	46.092524	46.233206	46.262610	47.641875	46.142950	46.064060	45.706359	45.613248	45.730968	45.949595	46.078704	46.126019	46.220367	46.370283	46.354933	46.384869	46.435632	46.240667	45.796034	45.456415	45.082479	45.573488	45.694665	45.603380	45.020211	44.582945	44.017579	43.661107	43.749589	44.181536	44.610347	44.664333	45.034714	45.400592	45.830934	45.781845	45.910304	45.891281	45.696369	45.739904	45.748815	45.860589	46.016912	46.000375	45.695742	45.542359	45.326744	45.426318	45.623757	42.964338	45.007482	45.032043	45.435941	45.589150	45.612310	45.554016	45.211522	45.021322	44.448182	44.796440	45.135786	45.555996	45.777560	45.882941	45.806761	44.823752	44.590743	44.402951	44.380988	44.209297	44.315702	45.060643	45.494027	45.504590	45.730789	45.714010	46.027053	46.155747	45.907965	45.625642	45.640061	46.059123	46.366337	47.185036	47.345029	47.120699	46.802299	46.696507	47.000275	46.300054	45.285230	45.411305	45.932942	46.493434	46.567419	46.458650	46.776451	47.063493	46.981020	46.744919	42.862455	46.070978	45.636596	46.037461	46.990878	47.638319	
output3
50.910791	50.910791	50.910791	50.910791	50.910791	44.974532	45.833672	44.278927	45.274291	44.750026	44.518935	44.654510	45.203640	45.707798	45.989119	46.054507	46.134155	46.189332	46.266591	45.990316	46.106522	45.947387	46.079235	45.892095	45.849309	45.854857	45.694587	45.509713	45.314988	45.332186	45.366485	45.415112	45.417198	45.498039	45.699087	45.718037	45.870405	45.606503	45.290275	45.281225	45.203340	44.817092	44.550720	44.703474	45.069108	45.719542	45.703423	45.679539	45.828677	45.715847	45.921324	45.714462	45.790216	46.020156	45.995910	45.964637	46.150413	46.046136	46.043618	46.119615	46.266843	45.977364	46.014597	45.450363	45.367509	45.746406	45.635888	45.841301	45.648636	45.607705	45.664856	45.407291	44.957193	44.462036	44.284093	44.310548	44.788912	45.116080	45.456814	45.810072	45.905191	45.736336	45.569816	45.268681	45.077711	45.174650	45.349146	45.599026	45.723065	46.079143	46.092524	46.233206	46.262610	47.641875	46.142950	46.064060	45.706359	45.613248	45.730968	45.949595	46.078704	46.126019	46.220367	46.370283	46.354933	46.384869	46.435632	46.240667	45.796034	45.456415	45.082479	45.573488	45.694665	45.603380	45.020211	44.582945	44.017579	43.661107	43.749589	44.181536	44.610347	44.664333	45.034714	45.400592	45.830934	45.781845	45.910304	45.891281	45.696369	45.739904	45.748815	45.860589	46.016912	46.000375	45.695742	45.542359	45.326744	45.426318	45.623757	42.964338	45.007482	45.032043	45.435941	45.589150	45.612310	45.554016	45.211522	45.021322	44.448182	44.796440	45.135786	45.555996	45.777560	45.882941	45.806761	44.823752	44.590743	44.402951	44.380988	44.209297	44.315702	45.060643	45.494027	45.504590	45.730789	45.714010	46.027053	46.155747	45.907965	45.625642	45.640061	46.059123	46.366337	47.185036	47.345029	47.120699	46.802299	46.696507	47.000275	46.300054	45.285230	45.411305	45.932942	46.493434	46.567419	46.458650	46.776451	47.063493	46.981020	46.744919	42.862455	46.070978	45.636596	46.037461	46.990878	47.638319	
output4
1.000000	0.000000	0.000000	1.000000	0.000000	1.000000	-12.141656	-18.594310	-27.932382	59.716569	15.481903	38.580645	45.751455	0.649361	5.159336	45.751455	0.649361	5.159336	0.000000	3.000000	