input0
367.000000
input1
0.000000	0.000000	0.000000	0.000000	0.000000	0.000000	0.000000	0.000000	0.000000	0.000000	0.000000	0.000000	0.000000	0.000000	0.000000	0.000000	0.000000	0.000000	0.000000	0.000000	0.000000	0.000000	0.000000	0.000000	0.000000	0.000000	0.000000	0.000000	0.000000	0.000000	0.000000	0.000000	0.000000	0.000000	0.000000	0.000000	0.000000	0.000000	0.000000	0.000000	0.000000	0.000000	0.000000	0.000000	0.000000	0.000000	0.000000	0.000000	0.000000	0.000000	0.000000	0.000000	0.000000	0.000000	0.000000	0.000000	0.000000	0.000000	0.000000	0.000000	0.000000	0.000000	0.000000	0.000000	0.000000	0.000000	0.000000	0.000000	0.000000	0.000000	0.000000	0.000000	0.000000	0.000000	0.000000	0.000000	0.000000	0.000000	0.000000	0.000000	0.000000	0.000000	0.000000	0.000000	0.000000	0.000000	0.000000	0.000000	0.000000	0.000000	0.000000	0.000000	0.000000	0.000000	0.000000	0.000000	0.000000	0.000000	0.000000	0.000000	0.000000	0.000000	0.000000	0.000000	0.000000	0.000000	0.000000	0.000000	0.000000	0.000000	0.000000	0.000000	0.000000	0.000000	0.000000	0.000000	0.000000	0.000000	0.000000	0.000000	0.000000	0.000000	0.000000	0.000000	0.000000	0.000000	0.000000	0.000000	0.000000	0.000000	0.000000	0.000000	0.000000	0.000000	0.000000	0.000000	0.000000	0.000000	0.000000	0.000000	0.000000	0.000000	0.000000	0.000000	0.000000	0.000000	0.000000	0.000000	0.000000	0.000000	0.000000	0.000000	0.000000	0.000000	0.000000	0.000000	0.000000	0.000000	0.000000	0.000000	0.000000	0.000000	0.000000	0.000000	0.000000	0.000000	0.000000	0.000000	0.000000	0.000000	0.000000	0.000000	0.000000	0.000000	0.000000	0.000000	0.000000	0.000000	0.000000	0.000000	0.000000	0.000000	0.000000	0.000000	0.000000	0.000000	0.000000	0.000000	0.000000	0.000000	0.000000	0.000000	0.000000	0.000000	0.000000	0.000000	0.000000	0.000000	0.000000	0.000000	0.000000	0.000000	0.000000	0.000000	0.000000	0.000000	0.000000	0.000000	0.000000	0.000000	0.000000	0.000000	0.000000	0.000000	0.000000	0.000000	0.000000	0.000000	0.000000	0.000000	0.000000	0.000000	0.000000	0.000000	0.000000	0.000000	0.000000	0.000000	0.000000	0.000000	0.000000	0.000000	0.000000	0.000000	0.000000	0.000000	0.000000	0.000000	0.000000	0.000000	0.000000	0.000000	0.000000	0.000000	0.000000	0.000000	0.000000	0.000000	0.000000	0.000000	0.000000	0.000000	0.000000	0.000000	0.000000	0.000000	0.000000	0.000000	0.000000	0.000000	0.000000	0.000000	0.000000	0.000000	0.000000	0.000000	0.000000	0.000000	0.000000	0.000000	0.000000	0.000000	0.000000	0.000000	0.000000	0.000000	0.000000	0.000000	0.000000	0.000000	0.000000	0.000000	0.000000	0.000000	0.000000	0.000000	0.000000	0.000000	0.000000	0.000000	0.000000	0.000000	0.000000	0.000000	0.000000	0.000000	0.000000	0.000000	0.000000	0.000000	0.000000	0.000000	0.000000	0.000000	0.000000	0.000000	0.000000	0.000000	0.000000	0.000000	0.000000	0.000000	0.000000	0.000000	0.000000	0.000000	0.000000	0.000000	0.000000	0.000000	0.000000	0.000000	0.000000	0.000000	0.000000	0.000000	0.000000	0.000000	0.000000	0.000000	0.000000	0.000000	0.000000	0.000000	0.000000	0.000000	0.000000	0.000000	0.000000	0.000000	0.000000	0.000000	0.000000	0.000000	0.000000	0.000000	0.000000	0.000000	0.000000	0.000000	0.000000	0.000000	0.000000	0.000000	0.000000	0.000000	0.000000	0.000000	0.000000	0.000000	0.000000	0.000000	0.000000	0.000000	0.000000	0.000000	0.000000	
input2
0.000000	0.000000	0.000000	0.000000	0.000000	0.000000	0.000000	0.000000	0.000000	0.000000	0.000000	0.000000	0.000000	0.000000	0.000000	0.000000	0.000000	0.000000	0.000000	0.000000	0.000000	0.000000	0.000000	0.000000	0.000000	0.000000	0.000000	0.000000	0.000000	0.000000	0.000000	0.000000	0.000000	0.000000	0.000000	0.000000	0.000000	0.000000	0.000000	0.000000	0.000000	0.000000	0.000000	0.000000	0.000000	0.000000	0.000000	0.000000	0.000000	0.000000	0.000000	0.000000	0.000000	0.000000	0.000000	0.000000	0.000000	0.000000	0.000000	0.000000	0.000000	0.000000	0.000000	0.000000	0.000000	0.000000	0.000000	0.000000	0.000000	0.000000	0.000000	0.000000	0.000000	0.000000	0.000000	0.000000	0.000000	0.000000	0.000000	0.000000	0.000000	0.000000	0.000000	0.000000	0.000000	0.000000	0.000000	0.000000	0.000000	0.000000	0.000000	0.000000	0.000000	0.000000	0.000000	0.000000	0.000000	0.000000	0.000000	0.000000	0.000000	0.000000	0.000000	0.000000	0.000000	0.000000	0.000000	0.000000	0.000000	0.000000	0.000000	0.000000	0.000000	0.000000	0.000000	0.000000	0.000000	0.000000	0.000000	0.000000	0.000000	0.000000	0.000000	0.000000	0.000000	0.000000	0.000000	0.000000	0.000000	0.000000	0.000000	0.000000	0.000000	0.000000	0.000000	0.000000	0.000000	0.000000	0.000000	0.000000	0.000000	0.000000	0.000000	0.000000	0.000000	0.000000	0.000000	0.000000	0.000000	0.000000	0.000000	0.000000	0.000000	0.000000	0.000000	0.000000	0.000000	0.000000	0.000000	0.000000	0.000000	0.000000	0.000000	0.000000	0.000000	0.000000	0.000000	0.000000	0.000000	0.000000	0.000000	0.000000	0.000000	0.000000	0.000000	0.000000	0.000000	0.000000	0.000000	0.000000	0.000000	0.000000	0.000000	0.000000	0.000000	0.000000	0.000000	0.000000	0.000000	0.000000	0.000000	0.000000	0.000000	0.000000	0.000000	0.000000	0.000000	0.000000	0.000000	0.000000	0.000000	0.000000	0.000000	0.000000	0.000000	0.000000	0.000000	0.000000	0.000000	0.000000	0.000000	0.000000	0.000000	0.000000	0.000000	0.000000	0.000000	0.000000	0.000000	0.000000	0.000000	0.000000	0.000000	0.000000	0.000000	0.000000	0.000000	0.000000	0.000000	0.000000	0.000000	0.000000	0.000000	0.000000	0.000000	0.000000	0.000000	0.000000	0.000000	0.000000	0.000000	0.000000	0.000000	0.000000	0.000000	0.000000	0.000000	0.000000	0.000000	0.000000	0.000000	0.000000	0.000000	0.000000	0.000000	0.000000	0.000000	0.000000	0.000000	0.000000	0.000000	0.000000	0.000000	0.000000	0.000000	0.000000	0.000000	0.000000	0.000000	0.000000	0.000000	0.000000	0.000000	0.000000	0.000000	0.000000	0.000000	0.000000	0.000000	0.000000	0.000000	0.000000	0.000000	0.000000	0.000000	0.000000	0.000000	0.000000	0.000000	0.000000	0.000000	0.000000	0.000000	0.000000	0.000000	0.000000	0.000000	0.000000	0.000000	0.000000	0.000000	0.000000	0.000000	0.000000	0.000000	0.000000	0.000000	0.000000	0.000000	0.000000	0.000000	0.000000	0.000000	0.000000	0.000000	0.000000	0.000000	0.000000	0.000000	0.000000	0.000000	0.000000	0.000000	0.000000	0.000000	0.000000	0.000000	0.000000	0.000000	0.000000	0.000000	0.000000	0.000000	0.000000	0.000000	0.000000	0.000000	0.000000	0.000000	0.000000	0.000000	0.000000	0.000000	0.000000	0.000000	0.000000	0.000000	0.000000	0.000000	0.000000	0.000000	0.000000	0.000000	0.000000	0.000000	0.000000	0.000000	0.000000	0.000000	0.000000	0.000000	0.000000	0.000000	0.000000	0.000000	0.000000	0.000000	
input3
0.000000	0.000000	0.000000	0.000000	0.000000	0.000000	0.000000	0.000000	0.000000	0.000000	0.000000	0.000000	0.000000	0.000000	0.000000	0.000000	0.000000	0.000000	0.000000	0.000000	0.000000	0.000000	0.000000	0.000000	0.000000	0.000000	0.000000	0.000000	0.000000	0.000000	0.000000	0.000000	0.000000	0.000000	0.000000	0.000000	0.000000	0.000000	0.000000	0.000000	0.000000	0.000000	0.000000	0.000000	0.000000	0.000000	0.000000	0.000000	0.000000	0.000000	0.000000	0.000000	0.000000	0.000000	0.000000	0.000000	0.000000	0.000000	0.000000	0.000000	0.000000	0.000000	0.000000	0.000000	0.000000	0.000000	0.000000	0.000000	0.000000	0.000000	0.000000	0.000000	0.000000	0.000000	0.000000	0.000000	0.000000	0.000000	0.000000	0.000000	0.000000	0.000000	0.000000	0.000000	0.000000	0.000000	0.000000	0.000000	0.000000	0.000000	0.000000	0.000000	0.000000	0.000000	0.000000	0.000000	0.000000	0.000000	0.000000	0.000000	0.000000	0.000000	0.000000	0.000000	0.000000	0.000000	0.000000	0.000000	0.000000	0.000000	0.000000	0.000000	0.000000	0.000000	0.000000	0.000000	0.000000	0.000000	0.000000	0.000000	0.000000	0.000000	0.000000	0.000000	0.000000	0.000000	0.000000	0.000000	0.000000	0.000000	0.000000	0.000000	0.000000	0.000000	0.000000	0.000000	0.000000	0.000000	0.000000	0.000000	0.000000	0.000000	0.000000	0.000000	0.000000	0.000000	0.000000	0.000000	0.000000	0.000000	0.000000	0.000000	0.000000	0.000000	0.000000	0.000000	0.000000	0.000000	0.000000	0.000000	0.000000	0.000000	0.000000	0.000000	0.000000	0.000000	0.000000	0.000000	0.000000	0.000000	0.000000	0.000000	0.000000	0.000000	0.000000	0.000000	0.000000	0.000000	0.000000	0.000000	0.000000	0.000000	0.000000	0.000000	0.000000	0.000000	0.000000	0.000000	0.000000	0.000000	0.000000	0.000000	0.000000	0.000000	0.000000	0.000000	0.000000	0.000000	0.000000	0.000000	0.000000	0.000000	0.000000	0.000000	0.000000	0.000000	0.000000	0.000000	0.000000	0.000000	0.000000	0.000000	0.000000	0.000000	0.000000	0.000000	0.000000	0.000000	0.000000	0.000000	0.000000	0.000000	0.000000	0.000000	0.000000	0.000000	0.000000	0.000000	0.000000	0.000000	0.000000	0.000000	0.000000	0.000000	0.000000	0.000000	0.000000	0.000000	0.000000	0.000000	0.000000	0.000000	0.000000	0.000000	0.000000	0.000000	0.000000	0.000000	0.000000	0.000000	0.000000	0.000000	0.000000	0.000000	0.000000	0.000000	0.000000	0.000000	0.000000	0.000000	0.000000	0.000000	0.000000	0.000000	0.000000	0.000000	0.000000	0.000000	0.000000	0.000000	0.000000	0.000000	0.000000	0.000000	0.000000	0.000000	0.000000	0.000000	0.000000	0.000000	0.000000	0.000000	0.000000	0.000000	0.000000	0.000000	0.000000	0.000000	0.000000	0.000000	0.000000	0.000000	0.000000	0.000000	0.000000	0.000000	0.000000	0.000000	0.000000	0.000000	0.000000	0.000000	0.000000	0.000000	0.000000	0.000000	0.000000	0.000000	0.000000	0.000000	0.000000	0.000000	0.000000	0.000000	0.000000	0.000000	0.000000	0.000000	0.000000	0.000000	0.000000	0.000000	0.000000	0.000000	0.000000	0.000000	0.000000	0.000000	0.000000	0.000000	0.000000	0.000000	0.000000	0.000000	0.000000	0.000000	0.000000	0.000000	0.000000	0.000000	0.000000	0.000000	0.000000	0.000000	0.000000	0.000000	0.000000	0.000000	0.000000	0.000000	0.000000	0.000000	0.000000	0.000000	0.000000	0.000000	0.000000	0.000000	0.000000	0.000000	0.000000	0.000000	0.000000	0.000000	0.000000	0.000000	0.000000	
input4
-17.227000	-17.227000	-17.227000	-17.227000	-17.227000	-30.780000	-32.767000	-32.767000	-36.153000	-34.567000	-31.440000	-29.367000	-24.513000	-20.227000	-18.593000	-18.000000	-17.427000	-17.880000	-19.067000	-19.040000	-19.040000	-19.300000	-19.680000	-19.953000	-20.340000	-20.640000	-21.140000	-21.767000	-21.840000	-21.700000	-21.180000	-20.793000	-20.453000	-19.713000	-19.980000	-20.027000	-20.400000	-21.040000	-21.393000	-21.580000	-21.493000	-20.780000	-20.013000	-19.567000	-19.380000	-19.327000	-19.353000	-19.393000	-19.300000	-19.127000	-18.953000	-18.727000	-18.740000	-18.513000	-18.400000	-18.080000	-17.693000	-17.567000	-17.580000	-17.567000	-17.667000	-17.813000	-18.167000	-18.500000	-18.793000	-19.093000	-19.600000	-19.793000	-20.240000	-20.793000	-21.000000	-21.353000	-21.353000	-21.293000	-20.953000	-20.327000	-19.600000	-18.800000	-17.613000	-17.040000	-16.800000	-16.700000	-17.240000	-18.127000	-19.427000	-20.180000	-20.680000	-21.013000	-21.253000	-21.527000	-21.893000	-22.327000	-22.613000	-22.867000	-22.867000	-22.967000	-23.000000	-22.913000	-22.513000	-22.053000	-22.193000	-22.353000	-22.527000	-22.240000	-22.027000	-21.780000	-21.567000	-21.493000	-21.667000	-21.827000	-22.093000	-22.267000	-22.140000	-22.280000	-22.180000	-21.980000	-21.527000	-20.993000	-20.727000	-20.893000	-21.540000	-21.667000	-21.840000	-21.513000	-20.493000	-20.200000	-20.340000	-20.667000	-20.727000	-20.580000	-20.293000	-20.113000	-20.213000	-20.600000	-21.180000	-21.267000	-21.213000	-21.140000	-20.627000	-20.193000	-20.193000	-19.567000	-18.800000	-17.893000	-17.493000	-17.067000	-17.413000	-17.493000	-17.740000	-17.700000	-17.753000	-18.067000	-18.153000	-18.413000	-20.267000	-25.967000	-28.580000	-34.013000	-40.593000	-41.627000	-41.693000	-41.300000	-41.540000	-42.027000	-42.580000	-42.893000	-43.227000	-43.467000	-44.227000	-44.353000	-43.653000	-42.853000	-41.380000	-41.640000	-41.667000	-42.040000	-42.593000	-42.940000	-44.540000	-47.313000	-50.940000	-54.593000	-56.840000	-57.667000	-56.993000	-55.253000	-52.993000	-50.080000	-46.667000	-42.153000	-35.653000	-35.653000	-27.440000	-14.167000	-6.867000	-0.380000	5.007000	10.087000	16.147000	22.073000	24.907000	32.033000	32.033000	34.433000	35.020000	33.200000	31.887000	28.460000	24.420000	18.933000	12.987000	2.947000	-0.780000	-8.180000	-16.380000	-25.180000	-34.093000	-41.400000	-46.653000	-50.453000	-53.080000	-55.513000	-56.967000	-56.880000	-54.500000	-52.513000	-44.127000	-40.440000	-28.480000	-24.413000	-14.380000	-3.853000	6.033000	16.100000	24.160000	29.900000	33.807000	35.073000	34.100000	30.947000	28.887000	20.107000	13.273000	9.947000	-12.500000	-20.893000	-20.893000	-28.713000	-28.713000	-32.480000	-42.327000	-44.913000	-52.027000	-55.300000	-56.927000	-47.900000	-45.093000	-32.600000	-25.380000	-17.553000	-8.313000	1.147000	10.647000	19.207000	25.433000	30.247000	33.300000	34.033000	31.820000	27.620000	22.787000	16.447000	10.707000	5.287000	-2.193000	-10.167000	-18.627000	-31.913000	-38.900000	-41.693000	-41.693000	-48.693000	-49.800000	-50.213000	-50.400000	-50.780000	-50.853000	-51.093000	-51.167000	-51.253000	-51.667000	-52.140000	-53.400000	-55.127000	-56.627000	-56.627000	-57.093000	-53.440000	-53.440000	-46.027000	-39.300000	-32.553000	-25.867000	-16.953000	-11.953000	4.700000	24.800000	28.087000	34.000000	34.907000	33.887000	30.147000	23.760000	23.760000	15.060000	15.060000	5.287000	-12.713000	-12.713000	-23.253000	-23.253000	-35.693000	-40.980000	-47.300000	-51.967000	-56.793000	-57.393000	-54.993000	-50.940000	-43.413000	-43.413000	-38.780000	-38.780000	-36.853000	-36.853000	-30.193000	-21.493000	-11.593000	-7.600000	0.833000	0.833000	13.100000	24.087000	26.907000	32.620000	34.007000	34.007000	33.233000	29.820000	22.433000	19.873000	14.900000	14.900000	7.133000	-3.767000	-13.153000	-23.093000	-33.127000	-33.127000	-41.113000	-41.113000	-47.567000	-51.900000	-55.640000	-56.653000	-56.080000	-48.013000	
input5
32.060000	32.060000	32.060000	32.060000	32.060000	6.800000	6.800000	-0.707000	-8.860000	-6.100000	0.293000	3.727000	8.053000	11.527000	11.700000	10.980000	11.367000	11.667000	12.527000	13.280000	13.867000	14.753000	16.267000	17.967000	19.813000	21.580000	23.253000	24.480000	25.340000	25.713000	25.393000	25.027000	24.467000	20.293000	17.313000	15.667000	12.193000	7.700000	2.653000	-2.847000	-9.620000	-17.360000	-26.233000	-35.207000	-43.260000	-49.660000	-54.147000	-57.647000	-60.347000	-62.920000	-63.900000	-63.287000	-60.947000	-58.173000	-56.520000	-52.773000	-45.420000	-40.047000	-37.387000	-32.107000	-27.447000	-22.847000	-18.007000	-12.020000	-5.887000	-0.207000	4.667000	7.767000	10.480000	13.113000	15.840000	18.553000	23.600000	24.700000	24.567000	22.800000	19.600000	15.240000	4.827000	0.527000	-1.560000	-7.700000	-12.807000	-19.320000	-29.560000	-35.600000	-41.260000	-45.400000	-47.120000	-51.787000	-53.933000	-55.800000	-57.420000	-58.987000	-58.987000	-60.573000	-62.360000	-62.907000	-62.060000	-58.607000	-52.087000	-49.747000	-44.960000	-38.220000	-34.220000	-32.020000	-25.673000	-20.087000	-13.420000	-9.807000	1.480000	10.013000	13.740000	16.327000	19.113000	21.713000	23.740000	24.053000	22.313000	18.613000	11.113000	8.467000	3.453000	-0.700000	-8.187000	-12.160000	-17.033000	-22.620000	-29.060000	-35.847000	-42.133000	-47.573000	-49.887000	-53.633000	-56.847000	-60.000000	-62.200000	-63.120000	-62.520000	-55.047000	-55.047000	-46.500000	-40.520000	-35.347000	-32.973000	-28.273000	-19.073000	-15.220000	-2.420000	5.827000	9.313000	15.593000	17.040000	18.640000	18.967000	16.027000	14.300000	9.993000	-0.220000	-6.847000	-13.447000	-22.973000	-28.573000	-31.907000	-34.287000	-34.607000	-33.800000	-32.720000	-31.320000	-30.747000	-30.773000	-32.460000	-35.220000	-34.887000	-33.907000	-32.533000	-30.687000	-29.647000	-29.720000	-29.633000	-29.147000	-28.700000	-28.047000	-27.787000	-27.733000	-27.800000	-28.107000	-28.333000	-28.473000	-28.420000	-28.420000	-28.033000	-27.520000	-26.320000	-25.507000	-25.173000	-25.107000	-25.460000	-26.087000	-26.560000	-26.720000	-26.720000	-27.133000	-26.847000	-26.447000	-25.960000	-25.887000	-25.900000	-25.800000	-26.047000	-26.333000	-27.133000	-27.320000	-27.773000	-28.133000	-28.233000	-28.073000	-27.847000	-27.607000	-27.507000	-27.507000	-27.387000	-27.020000	-27.033000	-27.060000	-27.107000	-27.007000	-26.747000	-26.200000	-25.873000	-25.700000	-25.660000	-25.373000	-25.247000	-24.907000	-24.773000	-24.747000	-24.660000	-24.647000	-24.833000	-25.100000	-25.787000	-26.533000	-27.020000	-28.760000	-28.760000	-29.087000	-29.087000	-29.220000	-29.447000	-29.187000	-28.987000	-28.173000	-27.433000	-27.247000	-27.487000	-27.500000	-27.720000	-27.607000	-27.707000	-28.060000	-28.100000	-28.207000	-28.300000	-28.200000	-28.233000	-28.233000	-28.520000	-28.473000	-28.107000	-27.707000	-26.947000	-26.700000	-27.087000	-27.307000	-27.307000	-28.560000	-28.507000	-28.400000	-28.400000	-28.400000	-26.173000	-22.320000	-15.907000	-12.247000	-5.200000	-2.033000	4.813000	5.400000	5.913000	4.967000	3.467000	0.540000	-4.233000	-4.233000	-11.020000	-19.500000	-19.500000	-34.760000	-48.660000	-55.660000	-60.247000	-62.833000	-64.300000	-64.220000	-59.873000	-45.760000	-41.287000	-25.900000	-16.633000	-6.700000	2.927000	2.927000	11.293000	11.293000	19.040000	24.840000	24.840000	26.780000	26.780000	25.080000	20.827000	17.113000	9.540000	2.227000	-9.200000	-18.687000	-29.373000	-40.173000	-40.173000	-53.287000	-53.287000	-57.487000	-57.487000	-58.787000	-61.947000	-64.300000	-64.860000	-64.273000	-64.273000	-62.207000	-56.187000	-46.747000	-42.947000	-29.233000	-29.233000	-19.387000	-9.473000	0.453000	12.100000	15.193000	15.193000	20.140000	24.380000	26.727000	26.813000	24.513000	24.513000	20.193000	20.193000	14.693000	8.300000	2.567000	-5.600000	-13.960000	-23.673000	-47.747000	
input6
-28.367000	-28.367000	-28.367000	-28.367000	-28.367000	-60.033000	-60.033000	-62.793000	-65.060000	-64.587000	-63.327000	-62.560000	-62.287000	-61.347000	-61.927000	-62.747000	-62.613000	-62.353000	-61.460000	-60.360000	-59.940000	-58.720000	-57.107000	-54.547000	-51.593000	-48.340000	-43.927000	-39.027000	-33.333000	-27.220000	-21.487000	-18.720000	-16.127000	-5.560000	-0.773000	1.293000	5.053000	8.253000	10.980000	13.460000	15.373000	16.027000	15.247000	12.900000	9.087000	4.833000	-0.133000	-5.373000	-10.447000	-19.193000	-24.807000	-34.933000	-44.040000	-50.533000	-53.193000	-58.087000	-65.073000	-68.313000	-69.613000	-71.693000	-73.007000	-73.360000	-73.547000	-72.453000	-70.973000	-69.240000	-66.480000	-64.647000	-62.180000	-59.553000	-56.587000	-52.367000	-40.420000	-32.260000	-23.400000	-14.407000	-5.760000	1.160000	10.640000	13.407000	14.440000	16.253000	16.980000	16.933000	15.180000	13.140000	10.407000	7.873000	6.620000	2.620000	0.007000	-2.447000	-5.060000	-5.060000	-8.373000	-12.360000	-20.467000	-26.967000	-37.653000	-48.233000	-57.940000	-60.380000	-64.447000	-68.713000	-70.440000	-71.273000	-72.847000	-73.193000	-72.427000	-71.467000	-67.053000	-61.933000	-58.633000	-55.453000	-50.387000	-44.247000	-35.500000	-24.907000	-15.013000	-5.773000	3.993000	6.300000	10.120000	12.727000	15.913000	16.673000	17.213000	16.980000	15.713000	13.580000	10.440000	6.707000	4.827000	0.647000	-4.627000	-11.307000	-19.520000	-28.140000	-36.880000	-49.200000	-53.073000	-62.487000	-67.167000	-69.940000	-70.887000	-72.173000	-72.833000	-72.507000	-68.953000	-65.073000	-62.960000	-57.453000	-56.033000	-54.000000	-52.860000	-52.820000	-53.153000	-53.933000	-56.613000	-58.707000	-60.553000	-62.007000	-61.187000	-59.560000	-58.240000	-57.727000	-58.280000	-58.747000	-58.200000	-57.873000	-58.620000	-59.333000	-59.847000	-60.960000	-61.627000	-61.580000	-61.353000	-61.247000	-60.113000	-55.947000	-48.767000	-40.500000	-32.680000	-25.793000	-19.367000	-13.267000	-7.227000	-1.840000	2.360000	6.533000	6.533000	10.547000	14.127000	17.407000	18.247000	17.760000	16.060000	13.720000	9.193000	2.713000	-1.207000	-1.207000	-13.847000	-22.873000	-30.593000	-41.487000	-45.413000	-52.340000	-58.367000	-64.133000	-67.773000	-71.693000	-72.833000	-73.940000	-73.427000	-71.173000	-67.307000	-63.033000	-57.947000	-52.927000	-47.173000	-40.233000	-33.093000	-24.167000	-14.420000	-9.720000	3.680000	7.340000	14.647000	16.107000	17.600000	16.527000	13.487000	8.160000	-0.407000	-9.633000	-19.933000	-34.240000	-38.687000	-47.333000	-51.240000	-61.667000	-66.813000	-68.720000	-73.800000	-73.800000	-72.567000	-72.567000	-70.307000	-68.673000	-61.360000	-58.373000	-48.573000	-41.207000	-33.960000	-0.673000	3.300000	12.807000	16.153000	17.880000	17.420000	14.773000	10.880000	5.100000	-1.620000	-9.520000	-18.547000	-28.860000	-40.293000	-50.653000	-59.193000	-65.673000	-69.407000	-71.667000	-73.580000	-73.580000	-72.433000	-68.560000	-64.340000	-64.340000	-62.213000	-56.253000	-54.433000	-53.180000	-51.747000	-47.500000	-45.000000	-35.560000	-34.353000	-33.000000	-34.193000	-34.233000	-34.233000	-34.140000	-33.887000	-33.593000	-33.613000	-33.613000	-33.593000	-34.020000	-34.300000	-34.867000	-35.320000	-35.293000	-35.193000	-35.113000	-34.560000	-34.540000	-34.313000	-34.673000	-35.060000	-35.260000	-35.260000	-34.760000	-34.760000	-33.660000	-32.467000	-32.467000	-30.640000	-30.640000	-30.047000	-30.113000	-30.740000	-31.187000	-30.687000	-29.193000	-28.773000	-29.100000	-29.933000	-29.933000	-31.267000	-31.267000	-31.907000	-31.907000	-32.407000	-33.787000	-35.313000	-36.987000	-37.093000	-37.093000	-38.120000	-38.580000	-37.900000	-37.547000	-37.833000	-37.833000	-38.347000	-39.133000	-39.287000	-38.587000	-38.440000	-38.440000	-37.907000	-37.547000	-37.360000	-37.293000	-37.173000	-37.173000	-37.260000	-37.260000	-37.073000	-36.667000	-36.100000	-35.287000	-35.007000	-34.680000	-35.013000	
input7
0.000000	0.000000	0.000000	0.000000	0.000000	0.000000	0.000000	0.000000	0.000000	0.000000	0.000000	0.000000	0.000000	0.000000	0.000000	0.000000	0.000000	0.000000	0.000000	0.000000	0.000000	0.000000	0.000000	0.000000	0.000000	0.000000	0.000000	0.000000	0.000000	0.000000	0.000000	0.000000	0.000000	0.000000	0.000000	0.000000	0.000000	0.000000	0.000000	0.000000	0.000000	0.000000	0.000000	0.000000	0.000000	0.000000	0.000000	0.000000	0.000000	0.000000	0.000000	0.000000	0.000000	0.000000	0.000000	0.000000	0.000000	0.000000	0.000000	0.000000	0.000000	0.000000	0.000000	0.000000	0.000000	0.000000	0.000000	0.000000	0.000000	0.000000	0.000000	0.000000	0.000000	0.000000	0.000000	0.000000	0.000000	0.000000	0.000000	0.000000	0.000000	0.000000	0.000000	0.000000	0.000000	0.000000	0.000000	0.000000	0.000000	0.000000	0.000000	0.000000	0.000000	0.000000	0.000000	0.000000	0.000000	0.000000	0.000000	0.000000	0.000000	0.000000	0.000000	0.000000	0.000000	0.000000	0.000000	0.000000	0.000000	0.000000	0.000000	0.000000	0.000000	0.000000	0.000000	0.000000	0.000000	0.000000	0.000000	0.000000	0.000000	0.000000	0.000000	0.000000	0.000000	0.000000	0.000000	0.000000	0.000000	0.000000	0.000000	0.000000	0.000000	0.000000	0.000000	0.000000	0.000000	0.000000	0.000000	0.000000	0.000000	0.000000	0.000000	0.000000	0.000000	0.000000	0.000000	0.000000	0.000000	0.000000	0.000000	0.000000	0.000000	0.000000	0.000000	0.000000	0.000000	0.000000	0.000000	0.000000	0.000000	0.000000	0.000000	0.000000	0.000000	0.000000	0.000000	0.000000	0.000000	0.000000	0.000000	0.000000	0.000000	0.000000	0.000000	0.000000	0.000000	0.000000	0.000000	0.000000	0.000000	0.000000	0.000000	0.000000	0.000000	0.000000	0.000000	0.000000	0.000000	0.000000	0.000000	0.000000	0.000000	0.000000	0.000000	0.000000	0.000000	0.000000	0.000000	0.000000	0.000000	0.000000	0.000000	0.000000	0.000000	0.000000	0.000000	0.000000	0.000000	0.000000	0.000000	0.000000	0.000000	0.000000	0.000000	0.000000	0.000000	0.000000	0.000000	0.000000	0.000000	0.000000	0.000000	0.000000	0.000000	0.000000	0.000000	0.000000	0.000000	0.000000	0.000000	0.000000	0.000000	0.000000	0.000000	0.000000	0.000000	0.000000	0.000000	0.000000	0.000000	0.000000	0.000000	0.000000	0.000000	0.000000	0.000000	0.000000	0.000000	0.000000	0.000000	0.000000	0.000000	0.000000	0.000000	0.000000	0.000000	0.000000	0.000000	0.000000	0.000000	0.000000	0.000000	0.000000	0.000000	0.000000	0.000000	0.000000	0.000000	0.000000	0.000000	0.000000	0.000000	0.000000	0.000000	0.000000	0.000000	0.000000	0.000000	0.000000	0.000000	0.000000	0.000000	0.000000	0.000000	0.000000	0.000000	0.000000	0.000000	0.000000	0.000000	0.000000	0.000000	0.000000	0.000000	0.000000	0.000000	0.000000	0.000000	0.000000	0.000000	0.000000	0.000000	0.000000	0.000000	0.000000	0.000000	0.000000	0.000000	0.000000	0.000000	0.000000	0.000000	0.000000	0.000000	0.000000	0.000000	0.000000	0.000000	0.000000	0.000000	0.000000	0.000000	0.000000	0.000000	0.000000	0.000000	0.000000	0.000000	0.000000	0.000000	0.000000	0.000000	0.000000	0.000000	0.000000	0.000000	0.000000	0.000000	0.000000	0.000000	0.000000	0.000000	0.000000	0.000000	0.000000	0.000000	0.000000	0.000000	0.000000	0.000000	0.000000	0.000000	0.000000	0.000000	0.000000	0.000000	0.000000	0.000000	0.000000	0.000000	0.000000	0.000000	0.000000	0.000000	0.000000	0.000000	
input8
0.000000	0.000000	0.000000	0.000000	0.000000	0.000000	0.000000	0.000000	0.000000	0.000000	0.000000	0.000000	0.000000	0.000000	0.000000	0.000000	0.000000	0.000000	0.000000	0.000000	0.000000	0.000000	0.000000	0.000000	0.000000	0.000000	0.000000	0.000000	0.000000	0.000000	0.000000	0.000000	0.000000	0.000000	0.000000	0.000000	0.000000	0.000000	0.000000	0.000000	0.000000	0.000000	0.000000	0.000000	0.000000	0.000000	0.000000	0.000000	0.000000	0.000000	0.000000	0.000000	0.000000	0.000000	0.000000	0.000000	0.000000	0.000000	0.000000	0.000000	0.000000	0.000000	0.000000	0.000000	0.000000	0.000000	0.000000	0.000000	0.000000	0.000000	0.000000	0.000000	0.000000	0.000000	0.000000	0.000000	0.000000	0.000000	0.000000	0.000000	0.000000	0.000000	0.000000	0.000000	0.000000	0.000000	0.000000	0.000000	0.000000	0.000000	0.000000	0.000000	0.000000	0.000000	0.000000	0.000000	0.000000	0.000000	0.000000	0.000000	0.000000	0.000000	0.000000	0.000000	0.000000	0.000000	0.000000	0.000000	0.000000	0.000000	0.000000	0.000000	0.000000	0.000000	0.000000	0.000000	0.000000	0.000000	0.000000	0.000000	0.000000	0.000000	0.000000	0.000000	0.000000	0.000000	0.000000	0.000000	0.000000	0.000000	0.000000	0.000000	0.000000	0.000000	0.000000	0.000000	0.000000	0.000000	0.000000	0.000000	0.000000	0.000000	0.000000	0.000000	0.000000	0.000000	0.000000	0.000000	0.000000	0.000000	0.000000	0.000000	0.000000	0.000000	0.000000	0.000000	0.000000	0.000000	0.000000	0.000000	0.000000	0.000000	0.000000	0.000000	0.000000	0.000000	0.000000	0.000000	0.000000	0.000000	0.000000	0.000000	0.000000	0.000000	0.000000	0.000000	0.000000	0.000000	0.000000	0.000000	0.000000	0.000000	0.000000	0.000000	0.000000	0.000000	0.000000	0.000000	0.000000	0.000000	0.000000	0.000000	0.000000	0.000000	0.000000	0.000000	0.000000	0.000000	0.000000	0.000000	0.000000	0.000000	0.000000	0.000000	0.000000	0.000000	0.000000	0.000000	0.000000	0.000000	0.000000	0.000000	0.000000	0.000000	0.000000	0.000000	0.000000	0.000000	0.000000	0.000000	0.000000	0.000000	0.000000	0.000000	0.000000	0.000000	0.000000	0.000000	0.000000	0.000000	0.000000	0.000000	0.000000	0.000000	0.000000	0.000000	0.000000	0.000000	0.000000	0.000000	0.000000	0.000000	0.000000	0.000000	0.000000	0.000000	0.000000	0.000000	0.000000	0.000000	0.000000	0.000000	0.000000	0.000000	0.000000	0.000000	0.000000	0.000000	0.000000	0.000000	0.000000	0.000000	0.000000	0.000000	0.000000	0.000000	0.000000	0.000000	0.000000	0.000000	0.000000	0.000000	0.000000	0.000000	0.000000	0.000000	0.000000	0.000000	0.000000	0.000000	0.000000	0.000000	0.000000	0.000000	0.000000	0.000000	0.000000	0.000000	0.000000	0.000000	0.000000	0.000000	0.000000	0.000000	0.000000	0.000000	0.000000	0.000000	0.000000	0.000000	0.000000	0.000000	0.000000	0.000000	0.000000	0.000000	0.000000	0.000000	0.000000	0.000000	0.000000	0.000000	0.000000	0.000000	0.000000	0.000000	0.000000	0.000000	0.000000	0.000000	0.000000	0.000000	0.000000	0.000000	0.000000	0.000000	0.000000	0.000000	0.000000	0.000000	0.000000	0.000000	0.000000	0.000000	0.000000	0.000000	0.000000	0.000000	0.000000	0.000000	0.000000	0.000000	0.000000	0.000000	0.000000	0.000000	0.000000	0.000000	0.000000	0.000000	0.000000	0.000000	0.000000	0.000000	0.000000	0.000000	0.000000	0.000000	0.000000	0.000000	0.000000	0.000000	0.000000	0.000000	0.000000	0.000000	0.000000	
input9
0.000000	0.000000	0.000000	0.000000	0.000000	0.000000	0.000000	0.000000	0.000000	0.000000	0.000000	0.000000	0.000000	0.000000	0.000000	0.000000	0.000000	0.000000	0.000000	0.000000	0.000000	0.000000	0.000000	0.000000	0.000000	0.000000	0.000000	0.000000	0.000000	0.000000	0.000000	0.000000	0.000000	0.000000	0.000000	0.000000	0.000000	0.000000	0.000000	0.000000	0.000000	0.000000	0.000000	0.000000	0.000000	0.000000	0.000000	0.000000	0.000000	0.000000	0.000000	0.000000	0.000000	0.000000	0.000000	0.000000	0.000000	0.000000	0.000000	0.000000	0.000000	0.000000	0.000000	0.000000	0.000000	0.000000	0.000000	0.000000	0.000000	0.000000	0.000000	0.000000	0.000000	0.000000	0.000000	0.000000	0.000000	0.000000	0.000000	0.000000	0.000000	0.000000	0.000000	0.000000	0.000000	0.000000	0.000000	0.000000	0.000000	0.000000	0.000000	0.000000	0.000000	0.000000	0.000000	0.000000	0.000000	0.000000	0.000000	0.000000	0.000000	0.000000	0.000000	0.000000	0.000000	0.000000	0.000000	0.000000	0.000000	0.000000	0.000000	0.000000	0.000000	0.000000	0.000000	0.000000	0.000000	0.000000	0.000000	0.000000	0.000000	0.000000	0.000000	0.000000	0.000000	0.000000	0.000000	0.000000	0.000000	0.000000	0.000000	0.000000	0.000000	0.000000	0.000000	0.000000	0.000000	0.000000	0.000000	0.000000	0.000000	0.000000	0.000000	0.000000	0.000000	0.000000	0.000000	0.000000	0.000000	0.000000	0.000000	0.000000	0.000000	0.000000	0.000000	0.000000	0.000000	0.000000	0.000000	0.000000	0.000000	0.000000	0.000000	0.000000	0.000000	0.000000	0.000000	0.000000	0.000000	0.000000	0.000000	0.000000	0.000000	0.000000	0.000000	0.000000	0.000000	0.000000	0.000000	0.000000	0.000000	0.000000	0.000000	0.000000	0.000000	0.000000	0.000000	0.000000	0.000000	0.000000	0.000000	0.000000	0.000000	0.000000	0.000000	0.000000	0.000000	0.000000	0.000000	0.000000	0.000000	0.000000	0.000000	0.000000	0.000000	0.000000	0.000000	0.000000	0.000000	0.000000	0.000000	0.000000	0.000000	0.000000	0.000000	0.000000	0.000000	0.000000	0.000000	0.000000	0.000000	0.000000	0.000000	0.000000	0.000000	0.000000	0.000000	0.000000	0.000000	0.000000	0.000000	0.000000	0.000000	0.000000	0.000000	0.000000	0.000000	0.000000	0.000000	0.000000	0.000000	0.000000	0.000000	0.000000	0.000000	0.000000	0.000000	0.000000	0.000000	0.000000	0.000000	0.000000	0.000000	0.000000	0.000000	0.000000	0.000000	0.000000	0.000000	0.000000	0.000000	0.000000	0.000000	0.000000	0.000000	0.000000	0.000000	0.000000	0.000000	0.000000	0.000000	0.000000	0.000000	0.000000	0.000000	0.000000	0.000000	0.000000	0.000000	0.000000	0.000000	0.000000	0.000000	0.000000	0.000000	0.000000	0.000000	0.000000	0.000000	0.000000	0.000000	0.000000	0.000000	0.000000	0.000000	0.000000	0.000000	0.000000	0.000000	0.000000	0.000000	0.000000	0.000000	0.000000	0.000000	0.000000	0.000000	0.000000	0.000000	0.000000	0.000000	0.000000	0.000000	0.000000	0.000000	0.000000	0.000000	0.000000	0.000000	0.000000	0.000000	0.000000	0.000000	0.000000	0.000000	0.000000	0.000000	0.000000	0.000000	0.000000	0.000000	0.000000	0.000000	0.000000	0.000000	0.000000	0.000000	0.000000	0.000000	0.000000	0.000000	0.000000	0.000000	0.000000	0.000000	0.000000	0.000000	0.000000	0.000000	0.000000	0.000000	0.000000	0.000000	0.000000	0.000000	0.000000	0.000000	0.000000	0.000000	0.000000	0.000000	0.000000	0.000000	0.000000	0.000000	0.000000	0.000000	
input10
0.000000	0.000000	0.000000	0.000000	0.000000	0.000000	0.000000	0.000000	0.000000	0.000000	0.000000	0.000000	0.000000	0.000000	0.000000	0.000000	0.000000	0.000000	0.000000	0.000000	0.000000	0.000000	0.000000	0.000000	0.000000	0.000000	0.000000	0.000000	0.000000	0.000000	0.000000	0.000000	0.000000	0.000000	0.000000	0.000000	0.000000	0.000000	0.000000	0.000000	0.000000	0.000000	0.000000	0.000000	0.000000	0.000000	0.000000	0.000000	0.000000	0.000000	0.000000	0.000000	0.000000	0.000000	0.000000	0.000000	0.000000	0.000000	0.000000	0.000000	0.000000	0.000000	0.000000	0.000000	0.000000	0.000000	0.000000	0.000000	0.000000	0.000000	0.000000	0.000000	0.000000	0.000000	0.000000	0.000000	0.000000	0.000000	0.000000	0.000000	0.000000	0.000000	0.000000	0.000000	0.000000	0.000000	0.000000	0.000000	0.000000	0.000000	0.000000	0.000000	0.000000	0.000000	0.000000	0.000000	0.000000	0.000000	0.000000	0.000000	0.000000	0.000000	0.000000	0.000000	0.000000	0.000000	0.000000	0.000000	0.000000	0.000000	0.000000	0.000000	0.000000	0.000000	0.000000	0.000000	0.000000	0.000000	0.000000	0.000000	0.000000	0.000000	0.000000	0.000000	0.000000	0.000000	0.000000	0.000000	0.000000	0.000000	0.000000	0.000000	0.000000	0.000000	0.000000	0.000000	0.000000	0.000000	0.000000	0.000000	0.000000	0.000000	0.000000	0.000000	0.000000	0.000000	0.000000	0.000000	0.000000	0.000000	0.000000	0.000000	0.000000	0.000000	0.000000	0.000000	0.000000	0.000000	0.000000	0.000000	0.000000	0.000000	0.000000	0.000000	0.000000	0.000000	0.000000	0.000000	0.000000	0.000000	0.000000	0.000000	0.000000	0.000000	0.000000	0.000000	0.000000	0.000000	0.000000	0.000000	0.000000	0.000000	0.000000	0.000000	0.000000	0.000000	0.000000	0.000000	0.000000	0.000000	0.000000	0.000000	0.000000	0.000000	0.000000	0.000000	0.000000	0.000000	0.000000	0.000000	0.000000	0.000000	0.000000	0.000000	0.000000	0.000000	0.000000	0.000000	0.000000	0.000000	0.000000	0.000000	0.000000	0.000000	0.000000	0.000000	0.000000	0.000000	0.000000	0.000000	0.000000	0.000000	0.000000	0.000000	0.000000	0.000000	0.000000	0.000000	0.000000	0.000000	0.000000	0.000000	0.000000	0.000000	0.000000	0.000000	0.000000	0.000000	0.000000	0.000000	0.000000	0.000000	0.000000	0.000000	0.000000	0.000000	0.000000	0.000000	0.000000	0.000000	0.000000	0.000000	0.000000	0.000000	0.000000	0.000000	0.000000	0.000000	0.000000	0.000000	0.000000	0.000000	0.000000	0.000000	0.000000	0.000000	0.000000	0.000000	0.000000	0.000000	0.000000	0.000000	0.000000	0.000000	0.000000	0.000000	0.000000	0.000000	0.000000	0.000000	0.000000	0.000000	0.000000	0.000000	0.000000	0.000000	0.000000	0.000000	0.000000	0.000000	0.000000	0.000000	0.000000	0.000000	0.000000	0.000000	0.000000	0.000000	0.000000	0.000000	0.000000	0.000000	0.000000	0.000000	0.000000	0.000000	0.000000	0.000000	0.000000	0.000000	0.000000	0.000000	0.000000	0.000000	0.000000	0.000000	0.000000	0.000000	0.000000	0.000000	0.000000	0.000000	0.000000	0.000000	0.000000	0.000000	0.000000	0.000000	0.000000	0.000000	0.000000	0.000000	0.000000	0.000000	0.000000	0.000000	0.000000	0.000000	0.000000	0.000000	0.000000	0.000000	0.000000	0.000000	0.000000	0.000000	0.000000	0.000000	0.000000	0.000000	0.000000	0.000000	0.000000	0.000000	0.000000	0.000000	0.000000	0.000000	0.000000	0.000000	0.000000	0.000000	0.000000	0.000000	0.000000	0.000000	0.000000	
input11
0.000000	0.000000	0.000000	0.000000	0.000000	0.000000	0.000000	0.000000	0.000000	0.000000	0.000000	0.000000	0.000000	0.000000	0.000000	0.000000	0.000000	0.000000	0.000000	0.000000	0.000000	0.000000	0.000000	0.000000	0.000000	0.000000	0.000000	0.000000	0.000000	0.000000	0.000000	0.000000	0.000000	0.000000	0.000000	0.000000	0.000000	0.000000	0.000000	0.000000	0.000000	0.000000	0.000000	0.000000	0.000000	0.000000	0.000000	0.000000	0.000000	0.000000	0.000000	0.000000	0.000000	0.000000	0.000000	0.000000	0.000000	0.000000	0.000000	0.000000	0.000000	0.000000	0.000000	0.000000	0.000000	0.000000	0.000000	0.000000	0.000000	0.000000	0.000000	0.000000	0.000000	0.000000	0.000000	0.000000	0.000000	0.000000	0.000000	0.000000	0.000000	0.000000	0.000000	0.000000	0.000000	0.000000	0.000000	0.000000	0.000000	0.000000	0.000000	0.000000	0.000000	0.000000	0.000000	0.000000	0.000000	0.000000	0.000000	0.000000	0.000000	0.000000	0.000000	0.000000	0.000000	0.000000	0.000000	0.000000	0.000000	0.000000	0.000000	0.000000	0.000000	0.000000	0.000000	0.000000	0.000000	0.000000	0.000000	0.000000	0.000000	0.000000	0.000000	0.000000	0.000000	0.000000	0.000000	0.000000	0.000000	0.000000	0.000000	0.000000	0.000000	0.000000	0.000000	0.000000	0.000000	0.000000	0.000000	0.000000	0.000000	0.000000	0.000000	0.000000	0.000000	0.000000	0.000000	0.000000	0.000000	0.000000	0.000000	0.000000	0.000000	0.000000	0.000000	0.000000	0.000000	0.000000	0.000000	0.000000	0.000000	0.000000	0.000000	0.000000	0.000000	0.000000	0.000000	0.000000	0.000000	0.000000	0.000000	0.000000	0.000000	0.000000	0.000000	0.000000	0.000000	0.000000	0.000000	0.000000	0.000000	0.000000	0.000000	0.000000	0.000000	0.000000	0.000000	0.000000	0.000000	0.000000	0.000000	0.000000	0.000000	0.000000	0.000000	0.000000	0.000000	0.000000	0.000000	0.000000	0.000000	0.000000	0.000000	0.000000	0.000000	0.000000	0.000000	0.000000	0.000000	0.000000	0.000000	0.000000	0.000000	0.000000	0.000000	0.000000	0.000000	0.000000	0.000000	0.000000	0.000000	0.000000	0.000000	0.000000	0.000000	0.000000	0.000000	0.000000	0.000000	0.000000	0.000000	0.000000	0.000000	0.000000	0.000000	0.000000	0.000000	0.000000	0.000000	0.000000	0.000000	0.000000	0.000000	0.000000	0.000000	0.000000	0.000000	0.000000	0.000000	0.000000	0.000000	0.000000	0.000000	0.000000	0.000000	0.000000	0.000000	0.000000	0.000000	0.000000	0.000000	0.000000	0.000000	0.000000	0.000000	0.000000	0.000000	0.000000	0.000000	0.000000	0.000000	0.000000	0.000000	0.000000	0.000000	0.000000	0.000000	0.000000	0.000000	0.000000	0.000000	0.000000	0.000000	0.000000	0.000000	0.000000	0.000000	0.000000	0.000000	0.000000	0.000000	0.000000	0.000000	0.000000	0.000000	0.000000	0.000000	0.000000	0.000000	0.000000	0.000000	0.000000	0.000000	0.000000	0.000000	0.000000	0.000000	0.000000	0.000000	0.000000	0.000000	0.000000	0.000000	0.000000	0.000000	0.000000	0.000000	0.000000	0.000000	0.000000	0.000000	0.000000	0.000000	0.000000	0.000000	0.000000	0.000000	0.000000	0.000000	0.000000	0.000000	0.000000	0.000000	0.000000	0.000000	0.000000	0.000000	0.000000	0.000000	0.000000	0.000000	0.000000	0.000000	0.000000	0.000000	0.000000	0.000000	0.000000	0.000000	0.000000	0.000000	0.000000	0.000000	0.000000	0.000000	0.000000	0.000000	0.000000	0.000000	0.000000	0.000000	0.000000	0.000000	0.000000	0.000000	0.000000	0.000000	
input12
0.000000	0.000000	0.000000	0.000000	0.000000	0.000000	0.000000	0.000000	0.000000	0.000000	0.000000	0.000000	0.000000	0.000000	0.000000	0.000000	0.000000	0.000000	0.000000	0.000000	0.000000	0.000000	0.000000	0.000000	0.000000	0.000000	0.000000	0.000000	0.000000	0.000000	0.000000	0.000000	0.000000	0.000000	0.000000	0.000000	0.000000	0.000000	0.000000	0.000000	0.000000	0.000000	0.000000	0.000000	0.000000	0.000000	0.000000	0.000000	0.000000	0.000000	0.000000	0.000000	0.000000	0.000000	0.000000	0.000000	0.000000	0.000000	0.000000	0.000000	0.000000	0.000000	0.000000	0.000000	0.000000	0.000000	0.000000	0.000000	0.000000	0.000000	0.000000	0.000000	0.000000	0.000000	0.000000	0.000000	0.000000	0.000000	0.000000	0.000000	0.000000	0.000000	0.000000	0.000000	0.000000	0.000000	0.000000	0.000000	0.000000	0.000000	0.000000	0.000000	0.000000	0.000000	0.000000	0.000000	0.000000	0.000000	0.000000	0.000000	0.000000	0.000000	0.000000	0.000000	0.000000	0.000000	0.000000	0.000000	0.000000	0.000000	0.000000	0.000000	0.000000	0.000000	0.000000	0.000000	0.000000	0.000000	0.000000	0.000000	0.000000	0.000000	0.000000	0.000000	0.000000	0.000000	0.000000	0.000000	0.000000	0.000000	0.000000	0.000000	0.000000	0.000000	0.000000	0.000000	0.000000	0.000000	0.000000	0.000000	0.000000	0.000000	0.000000	0.000000	0.000000	0.000000	0.000000	0.000000	0.000000	0.000000	0.000000	0.000000	0.000000	0.000000	0.000000	0.000000	0.000000	0.000000	0.000000	0.000000	0.000000	0.000000	0.000000	0.000000	0.000000	0.000000	0.000000	0.000000	0.000000	0.000000	0.000000	0.000000	0.000000	0.000000	0.000000	0.000000	0.000000	0.000000	0.000000	0.000000	0.000000	0.000000	0.000000	0.000000	0.000000	0.000000	0.000000	0.000000	0.000000	0.000000	0.000000	0.000000	0.000000	0.000000	0.000000	0.000000	0.000000	0.000000	0.000000	0.000000	0.000000	0.000000	0.000000	0.000000	0.000000	0.000000	0.000000	0.000000	0.000000	0.000000	0.000000	0.000000	0.000000	0.000000	0.000000	0.000000	0.000000	0.000000	0.000000	0.000000	0.000000	0.000000	0.000000	0.000000	0.000000	0.000000	0.000000	0.000000	0.000000	0.000000	0.000000	0.000000	0.000000	0.000000	0.000000	0.000000	0.000000	0.000000	0.000000	0.000000	0.000000	0.000000	0.000000	0.000000	0.000000	0.000000	0.000000	0.000000	0.000000	0.000000	0.000000	0.000000	0.000000	0.000000	0.000000	0.000000	0.000000	0.000000	0.000000	0.000000	0.000000	0.000000	0.000000	0.000000	0.000000	0.000000	0.000000	0.000000	0.000000	0.000000	0.000000	0.000000	0.000000	0.000000	0.000000	0.000000	0.000000	0.000000	0.000000	0.000000	0.000000	0.000000	0.000000	0.000000	0.000000	0.000000	0.000000	0.000000	0.000000	0.000000	0.000000	0.000000	0.000000	0.000000	0.000000	0.000000	0.000000	0.000000	0.000000	0.000000	0.000000	0.000000	0.000000	0.000000	0.000000	0.000000	0.000000	0.000000	0.000000	0.000000	0.000000	0.000000	0.000000	0.000000	0.000000	0.000000	0.000000	0.000000	0.000000	0.000000	0.000000	0.000000	0.000000	0.000000	0.000000	0.000000	0.000000	0.000000	0.000000	0.000000	0.000000	0.000000	0.000000	0.000000	0.000000	0.000000	0.000000	0.000000	0.000000	0.000000	0.000000	0.000000	0.000000	0.000000	0.000000	0.000000	0.000000	0.000000	0.000000	0.000000	0.000000	0.000000	0.000000	0.000000	0.000000	0.000000	0.000000	0.000000	0.000000	0.000000	0.000000	0.000000	0.000000	0.000000	0.000000	0.000000	0.000000	
input13
0.000000	0.000000	0.000000	0.000000	0.000000	0.000000	0.000000	0.000000	0.000000	0.000000	0.000000	0.000000	0.000000	0.000000	0.000000	0.000000	0.000000	0.000000	0.000000	0.000000	0.000000	0.000000	0.000000	0.000000	0.000000	0.000000	0.000000	0.000000	0.000000	0.000000	0.000000	0.000000	0.000000	0.000000	0.000000	0.000000	0.000000	0.000000	0.000000	0.000000	0.000000	0.000000	0.000000	0.000000	0.000000	0.000000	0.000000	0.000000	0.000000	0.000000	0.000000	0.000000	0.000000	0.000000	0.000000	0.000000	0.000000	0.000000	0.000000	0.000000	0.000000	0.000000	0.000000	0.000000	0.000000	0.000000	0.000000	0.000000	0.000000	0.000000	0.000000	0.000000	0.000000	0.000000	0.000000	0.000000	0.000000	0.000000	0.000000	0.000000	0.000000	0.000000	0.000000	0.000000	0.000000	0.000000	0.000000	0.000000	0.000000	0.000000	0.000000	0.000000	0.000000	0.000000	0.000000	0.000000	0.000000	0.000000	0.000000	0.000000	0.000000	0.000000	0.000000	0.000000	0.000000	0.000000	0.000000	0.000000	0.000000	0.000000	0.000000	0.000000	0.000000	0.000000	0.000000	0.000000	0.000000	0.000000	0.000000	0.000000	0.000000	0.000000	0.000000	0.000000	0.000000	0.000000	0.000000	0.000000	0.000000	0.000000	0.000000	0.000000	0.000000	0.000000	0.000000	0.000000	0.000000	0.000000	0.000000	0.000000	0.000000	0.000000	0.000000	0.000000	0.000000	0.000000	0.000000	0.000000	0.000000	0.000000	0.000000	0.000000	0.000000	0.000000	0.000000	0.000000	0.000000	0.000000	0.000000	0.000000	0.000000	0.000000	0.000000	0.000000	0.000000	0.000000	0.000000	0.000000	0.000000	0.000000	0.000000	0.000000	0.000000	0.000000	0.000000	0.000000	0.000000	0.000000	0.000000	0.000000	0.000000	0.000000	0.000000	0.000000	0.000000	0.000000	0.000000	0.000000	0.000000	0.000000	0.000000	0.000000	0.000000	0.000000	0.000000	0.000000	0.000000	0.000000	0.000000	0.000000	0.000000	0.000000	0.000000	0.000000	0.000000	0.000000	0.000000	0.000000	0.000000	0.000000	0.000000	0.000000	0.000000	0.000000	0.000000	0.000000	0.000000	0.000000	0.000000	0.000000	0.000000	0.000000	0.000000	0.000000	0.000000	0.000000	0.000000	0.000000	0.000000	0.000000	0.000000	0.000000	0.000000	0.000000	0.000000	0.000000	0.000000	0.000000	0.000000	0.000000	0.000000	0.000000	0.000000	0.000000	0.000000	0.000000	0.000000	0.000000	0.000000	0.000000	0.000000	0.000000	0.000000	0.000000	0.000000	0.000000	0.000000	0.000000	0.000000	0.000000	0.000000	0.000000	0.000000	0.000000	0.000000	0.000000	0.000000	0.000000	0.000000	0.000000	0.000000	0.000000	0.000000	0.000000	0.000000	0.000000	0.000000	0.000000	0.000000	0.000000	0.000000	0.000000	0.000000	0.000000	0.000000	0.000000	0.000000	0.000000	0.000000	0.000000	0.000000	0.000000	0.000000	0.000000	0.000000	0.000000	0.000000	0.000000	0.000000	0.000000	0.000000	0.000000	0.000000	0.000000	0.000000	0.000000	0.000000	0.000000	0.000000	0.000000	0.000000	0.000000	0.000000	0.000000	0.000000	0.000000	0.000000	0.000000	0.000000	0.000000	0.000000	0.000000	0.000000	0.000000	0.000000	0.000000	0.000000	0.000000	0.000000	0.000000	0.000000	0.000000	0.000000	0.000000	0.000000	0.000000	0.000000	0.000000	0.000000	0.000000	0.000000	0.000000	0.000000	0.000000	0.000000	0.000000	0.000000	0.000000	0.000000	0.000000	0.000000	0.000000	0.000000	0.000000	0.000000	0.000000	0.000000	0.000000	0.000000	0.000000	0.000000	0.000000	0.000000	0.000000	0.000000	0.000000	0.000000	
input14
0.000000	0.000000	0.000000	0.000000	0.000000	0.000000	0.000000	0.000000	0.000000	0.000000	0.000000	0.000000	0.000000	0.000000	0.000000	0.000000	0.000000	0.000000	0.000000	0.000000	0.000000	0.000000	0.000000	0.000000	0.000000	0.000000	0.000000	0.000000	0.000000	0.000000	0.000000	0.000000	0.000000	0.000000	0.000000	0.000000	0.000000	0.000000	0.000000	0.000000	0.000000	0.000000	0.000000	0.000000	0.000000	0.000000	0.000000	0.000000	0.000000	0.000000	0.000000	0.000000	0.000000	0.000000	0.000000	0.000000	0.000000	0.000000	0.000000	0.000000	0.000000	0.000000	0.000000	0.000000	0.000000	0.000000	0.000000	0.000000	0.000000	0.000000	0.000000	0.000000	0.000000	0.000000	0.000000	0.000000	0.000000	0.000000	0.000000	0.000000	0.000000	0.000000	0.000000	0.000000	0.000000	0.000000	0.000000	0.000000	0.000000	0.000000	0.000000	0.000000	0.000000	0.000000	0.000000	0.000000	0.000000	0.000000	0.000000	0.000000	0.000000	0.000000	0.000000	0.000000	0.000000	0.000000	0.000000	0.000000	0.000000	0.000000	0.000000	0.000000	0.000000	0.000000	0.000000	0.000000	0.000000	0.000000	0.000000	0.000000	0.000000	0.000000	0.000000	0.000000	0.000000	0.000000	0.000000	0.000000	0.000000	0.000000	0.000000	0.000000	0.000000	0.000000	0.000000	0.000000	0.000000	0.000000	0.000000	0.000000	0.000000	0.000000	0.000000	0.000000	0.000000	0.000000	0.000000	0.000000	0.000000	0.000000	0.000000	0.000000	0.000000	0.000000	0.000000	0.000000	0.000000	0.000000	0.000000	0.000000	0.000000	0.000000	0.000000	0.000000	0.000000	0.000000	0.000000	0.000000	0.000000	0.000000	0.000000	0.000000	0.000000	0.000000	0.000000	0.000000	0.000000	0.000000	0.000000	0.000000	0.000000	0.000000	0.000000	0.000000	0.000000	0.000000	0.000000	0.000000	0.000000	0.000000	0.000000	0.000000	0.000000	0.000000	0.000000	0.000000	0.000000	0.000000	0.000000	0.000000	0.000000	0.000000	0.000000	0.000000	0.000000	0.000000	0.000000	0.000000	0.000000	0.000000	0.000000	0.000000	0.000000	0.000000	0.000000	0.000000	0.000000	0.000000	0.000000	0.000000	0.000000	0.000000	0.000000	0.000000	0.000000	0.000000	0.000000	0.000000	0.000000	0.000000	0.000000	0.000000	0.000000	0.000000	0.000000	0.000000	0.000000	0.000000	0.000000	0.000000	0.000000	0.000000	0.000000	0.000000	0.000000	0.000000	0.000000	0.000000	0.000000	0.000000	0.000000	0.000000	0.000000	0.000000	0.000000	0.000000	0.000000	0.000000	0.000000	0.000000	0.000000	0.000000	0.000000	0.000000	0.000000	0.000000	0.000000	0.000000	0.000000	0.000000	0.000000	0.000000	0.000000	0.000000	0.000000	0.000000	0.000000	0.000000	0.000000	0.000000	0.000000	0.000000	0.000000	0.000000	0.000000	0.000000	0.000000	0.000000	0.000000	0.000000	0.000000	0.000000	0.000000	0.000000	0.000000	0.000000	0.000000	0.000000	0.000000	0.000000	0.000000	0.000000	0.000000	0.000000	0.000000	0.000000	0.000000	0.000000	0.000000	0.000000	0.000000	0.000000	0.000000	0.000000	0.000000	0.000000	0.000000	0.000000	0.000000	0.000000	0.000000	0.000000	0.000000	0.000000	0.000000	0.000000	0.000000	0.000000	0.000000	0.000000	0.000000	0.000000	0.000000	0.000000	0.000000	0.000000	0.000000	0.000000	0.000000	0.000000	0.000000	0.000000	0.000000	0.000000	0.000000	0.000000	0.000000	0.000000	0.000000	0.000000	0.000000	0.000000	0.000000	0.000000	0.000000	0.000000	0.000000	0.000000	0.000000	0.000000	0.000000	0.000000	0.000000	0.000000	0.000000	0.000000	0.000000	
input15
0.000000	0.000000	0.000000	0.000000	0.000000	0.000000	0.000000	0.000000	0.000000	0.000000	0.000000	0.000000	0.000000	0.000000	0.000000	0.000000	0.000000	0.000000	0.000000	3.000000	
output1
46.144337	46.144337	46.144337	46.144337	46.144337	67.805674	68.730469	70.831751	74.955604	73.508966	70.702676	69.210294	67.419644	65.615986	65.708013	66.194761	65.979518	65.906827	65.557668	64.670005	64.402010	63.546671	62.554993	60.797290	58.890646	56.819553	54.010952	50.952717	47.224888	43.277902	39.434604	37.538487	35.735688	28.832652	26.448779	25.459919	24.297367	23.876424	24.192132	25.592448	28.121568	31.464944	36.347785	42.294330	48.265781	53.507069	57.501773	61.058449	64.213630	68.506494	71.118306	74.674356	77.493522	79.249058	79.765692	80.535554	81.305067	81.111206	80.949453	80.494380	79.971762	78.873177	77.868178	75.737491	73.654602	71.824530	69.466044	68.053830	66.225678	64.427164	62.401876	59.518628	51.445962	45.871445	39.876380	33.772601	28.310733	24.228974	21.135924	21.688407	22.207818	24.542616	27.378043	31.441645	38.492003	42.979670	47.311263	50.642771	52.113423	56.144185	58.207147	60.150833	61.919365	63.466286	63.815931	65.949534	69.546155	72.176972	76.000179	79.041366	81.010051	81.364397	81.745233	81.712070	81.351034	81.114051	80.193041	78.883787	76.780373	75.366619	70.614417	66.571585	64.162262	61.951631	58.276144	53.966395	47.825196	40.492117	33.953920	28.570767	24.564495	24.100601	24.317138	25.005513	27.206867	28.877232	31.624770	35.030125	38.999878	43.508163	47.916481	52.083653	54.042373	57.456743	60.840636	64.653952	68.555538	72.269590	75.460970	76.541293	79.086489	80.310290	80.664219	80.381425	80.113610	79.369937	77.276373	76.124362	71.239597	67.688546	66.074674	62.212582	61.315496	60.020731	59.704924	61.000838	62.020543	64.540783	69.662557	72.292464	74.738169	77.963561	79.283270	79.572099	79.878360	79.811405	80.047311	80.069898	79.524901	79.131857	79.302373	80.065199	80.835736	81.652397	81.753964	81.350194	80.746803	80.461066	80.502564	79.036077	76.306301	73.785742	71.312006	69.013615	66.275199	63.259365	60.419293	57.568662	54.718280	51.256725	46.059884	46.564200	41.350648	34.589737	32.104762	30.809770	30.221765	30.630011	32.027620	34.641179	36.548241	41.731623	44.204663	49.290638	53.495569	59.138251	61.231186	64.963507	68.327762	71.763127	73.859790	76.712259	77.792266	79.406395	80.319950	80.602299	80.502536	80.390139	79.350511	78.124309	76.153880	73.827063	71.207206	67.454884	62.533431	59.890592	51.866295	49.037447	41.377349	39.049227	34.307935	30.763988	29.361291	31.035570	34.702016	40.006327	46.396678	54.869012	57.157402	61.764129	63.953158	69.800284	73.103691	74.508131	80.186206	81.915170	80.923053	83.285409	81.371488	81.474273	80.053142	79.150685	76.549742	74.220458	71.668431	55.230409	52.919927	44.667411	40.831486	37.356125	34.057686	31.767391	32.052580	34.580469	38.009234	42.457198	47.433991	52.957861	58.709028	64.176275	69.215146	72.866917	75.132293	76.797245	78.514317	79.139475	80.057343	80.818081	80.370427	81.758803	80.095715	78.869729	77.079011	74.849786	73.265961	69.727315	67.934974	62.435352	61.865584	61.244049	62.155541	62.469977	63.433035	64.980336	66.127636	66.757375	69.062974	66.075089	72.059565	75.124169	76.282472	76.844691	76.580611	75.282734	74.199932	69.568591	62.477285	60.716617	54.810510	51.936233	49.218110	46.483078	42.618922	43.592741	39.529648	41.500853	41.219947	42.810654	42.633301	46.868753	45.525055	51.132641	54.010765	57.453725	60.392223	64.516014	66.865880	68.802712	71.447449	66.291349	75.510385	72.945309	76.332825	75.372113	76.578513	76.750306	76.442443	75.559615	74.596710	74.213227	72.962587	69.404649	64.821876	63.073042	57.878913	58.671801	54.798031	52.206912	49.324497	46.245065	45.862806	43.937124	45.437542	45.332563	46.090047	47.777675	50.159802	55.498804	53.790919	59.045268	57.276263	60.629847	63.272502	66.123687	68.043619	70.057689	76.229485	
output2
51.187669	51.187669	51.187669	51.187669	51.187669	45.332787	46.225664	44.642672	45.658424	45.118488	44.854557	44.962683	45.425818	45.857220	46.102540	46.149447	46.219336	46.285859	46.394066	46.125578	46.245475	46.100720	46.252497	46.089069	46.074050	46.106332	45.982459	45.837347	45.673349	45.715250	45.761956	45.812675	45.816723	45.910834	46.124470	46.146683	46.307877	46.055917	45.742225	45.726470	45.629518	45.204645	44.886147	44.982923	45.294452	45.897746	45.843638	45.784653	45.899434	45.735737	45.909779	45.657054	45.703106	45.911760	45.880134	45.835723	46.012585	45.912271	45.914705	46.002087	46.164004	45.893100	45.955487	45.425478	45.378987	45.793344	45.724099	45.952845	45.790899	45.782903	45.867308	45.646843	45.270753	44.817926	44.672689	44.718271	45.202252	45.522843	45.836643	46.170625	46.256529	46.071065	45.900229	45.594066	45.383857	45.463378	45.613342	45.841769	45.958081	46.283100	46.284558	46.415939	46.433788	47.807305	46.299682	46.200072	45.802457	45.677695	45.744460	45.921689	46.037391	46.086598	46.185618	46.337491	46.325773	46.355592	46.419620	46.243000	45.830999	45.513143	45.208625	45.756874	45.903466	45.839089	45.289751	44.888056	44.363817	44.047267	44.166353	44.623760	45.074958	45.130693	45.497834	45.848453	46.238793	46.172181	46.286058	46.251463	46.029138	46.034178	45.999595	46.070293	46.211089	46.170360	45.843743	45.651700	45.391393	45.448502	45.599983	42.904035	44.932994	44.937033	45.328955	45.471946	45.492054	45.437547	45.134596	44.962338	44.460372	44.857255	45.220074	45.693994	45.928302	46.053466	46.021559	45.150617	44.965668	44.872890	44.936861	44.753610	44.825970	45.511162	45.927132	45.941665	46.173465	46.164173	46.481671	46.616081	46.393811	46.120621	46.117349	46.506527	46.768630	47.582186	47.742268	47.532498	47.235739	47.142183	47.479189	46.859578	45.963948	46.199442	46.792756	47.389002	47.475040	47.358887	47.649889	47.895832	47.764443	47.460401	43.501483	46.684449	46.105941	46.252360	47.062480	47.580271	47.492395	47.426670	46.844563	46.033874	45.736611	51.548478	46.294369	46.641293	46.919921	46.921990	46.968659	47.011594	47.251371	47.511770	47.052730	46.561334	46.692275	46.784946	46.544376	46.235344	46.318928	47.038071	47.158831	47.242883	46.826761	46.735321	46.766467	46.587702	46.166372	45.988591	46.515255	46.652934	46.727682	46.709362	46.359759	45.777767	45.524803	45.871778	45.350065	45.469815	46.137908	47.046959	46.885900	46.712950	46.704638	46.414401	46.430020	46.507799	46.768770	47.744585	46.637753	48.865087	46.848749	47.016474	46.707109	46.427272	46.615695	46.804719	46.867888	46.653114	47.037708	47.049806	47.328179	47.296807	46.575951	45.608006	45.695784	46.039840	46.192563	46.409541	46.494932	46.279516	45.749309	45.843836	46.905187	47.338010	47.400077	47.292915	47.115136	46.257348	45.976184	46.458630	46.595412	48.307900	46.734729	47.448050	46.843313	46.450093	46.226131	46.106700	46.227654	46.933141	47.118781	47.298115	47.304158	46.986259	46.806449	46.657116	48.040954	46.404248	46.223094	42.598598	45.492073	46.268863	46.779764	47.132721	46.991516	46.446304	46.000544	44.620707	45.452251	45.735106	46.176837	46.620340	47.188907	47.237973	41.761530	46.585301	40.466508	46.368007	46.825847	43.852585	45.645491	47.185277	45.517461	46.602183	46.703539	45.977552	45.926503	46.596834	46.195383	45.066334	45.170580	38.714648	47.315089	44.291273	47.683490	46.595532	47.723397	47.505856	47.226848	46.933866	46.515980	47.912487	46.166319	45.823114	46.080824	46.102892	46.086903	47.407690	46.353656	46.712279	46.657257	46.837355	47.175871	44.059275	47.864682	47.821726	47.016951	46.537275	45.789965	49.356124	45.632161	49.962521	45.765882	46.131949	46.638781	46.898217	46.219423	45.617575	47.349962	
output3
51.187669	51.187669	51.187669	51.187669	51.187669	45.332787	46.225664	44.642672	45.658424	45.118488	44.854557	44.962683	45.425818	45.857220	46.102540	46.149447	46.219336	46.285859	46.394066	46.125578	46.245475	46.100720	46.252497	46.089069	46.074050	46.106332	45.982459	45.837347	45.673349	45.715250	45.761956	45.812675	45.816723	45.910834	46.124470	46.146683	46.307877	46.055917	45.742225	45.726470	45.629518	45.204645	44.886147	44.982923	45.294452	45.897746	45.843638	45.784653	45.899434	45.735737	45.909779	45.657054	45.703106	45.911760	45.880134	45.835723	46.012585	45.912271	45.914705	46.002087	46.164004	45.893100	45.955487	45.425478	45.378987	45.793344	45.724099	45.952845	45.790899	45.782903	45.867308	45.646843	45.270753	44.817926	44.672689	44.718271	45.202252	45.522843	45.836643	46.170625	46.256529	46.071065	45.900229	45.594066	45.383857	45.463378	45.613342	45.841769	45.958081	46.283100	46.284558	46.415939	46.433788	47.807305	46.299682	46.200072	45.802457	45.677695	45.744460	45.921689	46.037391	46.086598	46.185618	46.337491	46.325773	46.355592	46.419620	46.243000	45.830999	45.513143	45.208625	45.756874	45.903466	45.839089	45.289751	44.888056	44.363817	44.047267	44.166353	44.623760	45.074958	45.130693	45.497834	45.848453	46.238793	46.172181	46.286058	46.251463	46.029138	46.034178	45.999595	46.070293	46.211089	46.170360	45.843743	45.651700	45.391393	45.448502	45.599983	42.904035	44.932994	44.937033	45.328955	45.471946	45.492054	45.437547	45.134596	44.962338	44.460372	44.857255	45.220074	45.693994	45.928302	46.053466	46.021559	45.150617	44.965668	44.872890	44.936861	44.753610	44.825970	45.511162	45.927132	45.941665	46.173465	46.164173	46.481671	46.616081	46.393811	46.120621	46.117349	46.506527	46.768630	47.582186	47.742268	47.532498	47.235739	47.142183	47.479189	46.859578	45.963948	46.199442	46.792756	47.389002	47.475040	47.358887	47.649889	47.895832	47.764443	47.460401	43.501483	46.684449	46.105941	46.252360	47.062480	47.580271	47.492395	47.426670	46.844563	46.033874	45.736611	51.548478	46.294369	46.641293	46.919921	46.921990	46.968659	47.011594	47.251371	47.511770	47.052730	46.561334	46.692275	46.784946	46.544376	46.235344	46.318928	47.038071	47.158831	47.242883	46.826761	46.735321	46.766467	46.587702	46.166372	45.988591	46.515255	46.652934	46.727682	46.709362	46.359759	45.777767	45.524803	45.871778	45.350065	45.469815	46.137908	47.046959	46.885900	46.712950	46.704638	46.414401	46.430020	46.507799	46.768770	47.744585	46.637753	48.865087	46.848749	47.016474	46.707109	46.427272	46.615695	46.804719	46.867888	46.653114	47.037708	47.049806	47.328179	47.296807	46.575951	45.608006	45.695784	46.039840	46.192563	46.409541	46.494932	46.279516	45.749309	45.843836	46.905187	47.338010	47.400077	47.292915	47.115136	46.257348	45.976184	46.458630	46.595412	48.307900	46.734729	47.448050	46.843313	46.450093	46.226131	46.106700	46.227654	46.933141	47.118781	47.298115	47.304158	46.986259	46.806449	46.657116	48.040954	46.404248	46.223094	42.598598	45.492073	46.268863	46.779764	47.132721	46.991516	46.446304	46.000544	44.620707	45.452251	45.735106	46.176837	46.620340	47.188907	47.237973	41.761530	46.585301	40.466508	46.368007	46.825847	43.852585	45.645491	47.185277	45.517461	46.602183	46.703539	45.977552	45.926503	46.596834	46.195383	45.066334	45.170580	38.714648	47.315089	44.291273	47.683490	46.595532	47.723397	47.505856	47.226848	46.933866	46.515980	47.912487	46.166319	45.823114	46.080824	46.102892	46.086903	47.407690	46.353656	46.712279	46.657257	46.837355	47.175871	44.059275	47.864682	47.821726	47.016951	46.537275	45.789965	49.356124	45.632161	49.962521	45.765882	46.131949	46.638781	46.898217	46.219423	45.617575	47.349962	
output4
1.000000	0.000000	0.000000	1.000000	0.000000	1.000000	-11.202186	-18.771312	-28.128788	60.414187	14.312078	39.278262	46.237480	0.769390	7.522832	46.237480	0.769390	7.522832	0.000000	3.000000	