input0
178.000000
input1
0.000000	0.000000	0.000000	0.000000	0.000000	0.000000	0.000000	0.000000	0.000000	0.000000	0.000000	0.000000	0.000000	0.000000	0.000000	0.000000	0.000000	0.000000	0.000000	0.000000	0.000000	0.000000	0.000000	0.000000	0.000000	0.000000	0.000000	0.000000	0.000000	0.000000	0.000000	0.000000	0.000000	0.000000	0.000000	0.000000	0.000000	0.000000	0.000000	0.000000	0.000000	0.000000	0.000000	0.000000	0.000000	0.000000	0.000000	0.000000	0.000000	0.000000	0.000000	0.000000	0.000000	0.000000	0.000000	0.000000	0.000000	0.000000	0.000000	0.000000	0.000000	0.000000	0.000000	0.000000	0.000000	0.000000	0.000000	0.000000	0.000000	0.000000	0.000000	0.000000	0.000000	0.000000	0.000000	0.000000	0.000000	0.000000	0.000000	0.000000	0.000000	0.000000	0.000000	0.000000	0.000000	0.000000	0.000000	0.000000	0.000000	0.000000	0.000000	0.000000	0.000000	0.000000	0.000000	0.000000	0.000000	0.000000	0.000000	0.000000	0.000000	0.000000	0.000000	0.000000	0.000000	0.000000	0.000000	0.000000	0.000000	0.000000	0.000000	0.000000	0.000000	0.000000	0.000000	0.000000	0.000000	0.000000	0.000000	0.000000	0.000000	0.000000	0.000000	0.000000	0.000000	0.000000	0.000000	0.000000	0.000000	0.000000	0.000000	0.000000	0.000000	0.000000	0.000000	0.000000	0.000000	0.000000	0.000000	0.000000	0.000000	0.000000	0.000000	0.000000	0.000000	0.000000	0.000000	0.000000	0.000000	0.000000	0.000000	0.000000	0.000000	0.000000	0.000000	0.000000	0.000000	0.000000	0.000000	0.000000	0.000000	0.000000	0.000000	0.000000	0.000000	0.000000	0.000000	0.000000	0.000000	0.000000	0.000000	0.000000	0.000000	0.000000	0.000000	0.000000	0.000000	0.000000	
input2
0.000000	0.000000	0.000000	0.000000	0.000000	0.000000	0.000000	0.000000	0.000000	0.000000	0.000000	0.000000	0.000000	0.000000	0.000000	0.000000	0.000000	0.000000	0.000000	0.000000	0.000000	0.000000	0.000000	0.000000	0.000000	0.000000	0.000000	0.000000	0.000000	0.000000	0.000000	0.000000	0.000000	0.000000	0.000000	0.000000	0.000000	0.000000	0.000000	0.000000	0.000000	0.000000	0.000000	0.000000	0.000000	0.000000	0.000000	0.000000	0.000000	0.000000	0.000000	0.000000	0.000000	0.000000	0.000000	0.000000	0.000000	0.000000	0.000000	0.000000	0.000000	0.000000	0.000000	0.000000	0.000000	0.000000	0.000000	0.000000	0.000000	0.000000	0.000000	0.000000	0.000000	0.000000	0.000000	0.000000	0.000000	0.000000	0.000000	0.000000	0.000000	0.000000	0.000000	0.000000	0.000000	0.000000	0.000000	0.000000	0.000000	0.000000	0.000000	0.000000	0.000000	0.000000	0.000000	0.000000	0.000000	0.000000	0.000000	0.000000	0.000000	0.000000	0.000000	0.000000	0.000000	0.000000	0.000000	0.000000	0.000000	0.000000	0.000000	0.000000	0.000000	0.000000	0.000000	0.000000	0.000000	0.000000	0.000000	0.000000	0.000000	0.000000	0.000000	0.000000	0.000000	0.000000	0.000000	0.000000	0.000000	0.000000	0.000000	0.000000	0.000000	0.000000	0.000000	0.000000	0.000000	0.000000	0.000000	0.000000	0.000000	0.000000	0.000000	0.000000	0.000000	0.000000	0.000000	0.000000	0.000000	0.000000	0.000000	0.000000	0.000000	0.000000	0.000000	0.000000	0.000000	0.000000	0.000000	0.000000	0.000000	0.000000	0.000000	0.000000	0.000000	0.000000	0.000000	0.000000	0.000000	0.000000	0.000000	0.000000	0.000000	0.000000	0.000000	0.000000	0.000000	0.000000	
input3
0.000000	0.000000	0.000000	0.000000	0.000000	0.000000	0.000000	0.000000	0.000000	0.000000	0.000000	0.000000	0.000000	0.000000	0.000000	0.000000	0.000000	0.000000	0.000000	0.000000	0.000000	0.000000	0.000000	0.000000	0.000000	0.000000	0.000000	0.000000	0.000000	0.000000	0.000000	0.000000	0.000000	0.000000	0.000000	0.000000	0.000000	0.000000	0.000000	0.000000	0.000000	0.000000	0.000000	0.000000	0.000000	0.000000	0.000000	0.000000	0.000000	0.000000	0.000000	0.000000	0.000000	0.000000	0.000000	0.000000	0.000000	0.000000	0.000000	0.000000	0.000000	0.000000	0.000000	0.000000	0.000000	0.000000	0.000000	0.000000	0.000000	0.000000	0.000000	0.000000	0.000000	0.000000	0.000000	0.000000	0.000000	0.000000	0.000000	0.000000	0.000000	0.000000	0.000000	0.000000	0.000000	0.000000	0.000000	0.000000	0.000000	0.000000	0.000000	0.000000	0.000000	0.000000	0.000000	0.000000	0.000000	0.000000	0.000000	0.000000	0.000000	0.000000	0.000000	0.000000	0.000000	0.000000	0.000000	0.000000	0.000000	0.000000	0.000000	0.000000	0.000000	0.000000	0.000000	0.000000	0.000000	0.000000	0.000000	0.000000	0.000000	0.000000	0.000000	0.000000	0.000000	0.000000	0.000000	0.000000	0.000000	0.000000	0.000000	0.000000	0.000000	0.000000	0.000000	0.000000	0.000000	0.000000	0.000000	0.000000	0.000000	0.000000	0.000000	0.000000	0.000000	0.000000	0.000000	0.000000	0.000000	0.000000	0.000000	0.000000	0.000000	0.000000	0.000000	0.000000	0.000000	0.000000	0.000000	0.000000	0.000000	0.000000	0.000000	0.000000	0.000000	0.000000	0.000000	0.000000	0.000000	0.000000	0.000000	0.000000	0.000000	0.000000	0.000000	0.000000	0.000000	0.000000	
input4
-17.227000	-17.227000	-17.227000	-17.227000	-17.227000	-30.780000	-32.767000	-32.767000	-36.153000	-34.567000	-31.440000	-29.367000	-24.513000	-20.227000	-18.593000	-18.000000	-17.427000	-17.880000	-19.067000	-19.040000	-19.040000	-19.300000	-19.680000	-19.953000	-20.340000	-20.640000	-21.140000	-21.767000	-21.840000	-21.700000	-21.180000	-20.793000	-20.453000	-19.713000	-19.980000	-20.027000	-20.400000	-21.040000	-21.393000	-21.580000	-21.493000	-20.780000	-20.013000	-19.567000	-19.380000	-19.327000	-19.353000	-19.393000	-19.300000	-19.127000	-18.953000	-18.727000	-18.740000	-18.513000	-18.400000	-18.080000	-17.693000	-17.567000	-17.580000	-17.567000	-17.667000	-17.813000	-18.167000	-18.500000	-18.793000	-19.093000	-19.600000	-19.793000	-20.240000	-20.793000	-21.000000	-21.353000	-21.353000	-21.293000	-20.953000	-20.327000	-19.600000	-18.800000	-17.613000	-17.040000	-16.800000	-16.700000	-17.240000	-18.127000	-19.427000	-20.180000	-20.680000	-21.013000	-21.253000	-21.527000	-21.893000	-22.327000	-22.613000	-22.867000	-22.867000	-22.967000	-23.000000	-22.913000	-22.513000	-22.053000	-22.193000	-22.353000	-22.527000	-22.240000	-22.027000	-21.780000	-21.567000	-21.493000	-21.667000	-21.827000	-22.093000	-22.267000	-22.140000	-22.280000	-22.180000	-21.980000	-21.527000	-20.993000	-20.727000	-20.893000	-21.540000	-21.667000	-21.840000	-21.513000	-20.493000	-20.200000	-20.340000	-20.667000	-20.727000	-20.580000	-20.293000	-20.113000	-20.213000	-20.600000	-21.180000	-21.267000	-21.213000	-21.140000	-20.627000	-20.193000	-20.193000	-19.567000	-18.800000	-17.893000	-17.493000	-17.067000	-17.413000	-17.493000	-17.740000	-17.700000	-17.753000	-18.067000	-18.153000	-18.413000	-20.267000	-25.967000	-28.580000	-34.013000	-40.593000	-41.627000	-41.693000	-41.300000	-41.540000	-42.027000	-42.580000	-42.893000	-43.227000	-43.467000	-44.227000	-44.353000	-43.653000	-42.853000	-41.380000	-41.640000	-41.667000	-42.040000	-42.593000	-42.940000	
input5
32.060000	32.060000	32.060000	32.060000	32.060000	6.800000	6.800000	-0.707000	-8.860000	-6.100000	0.293000	3.727000	8.053000	11.527000	11.700000	10.980000	11.367000	11.667000	12.527000	13.280000	13.867000	14.753000	16.267000	17.967000	19.813000	21.580000	23.253000	24.480000	25.340000	25.713000	25.393000	25.027000	24.467000	20.293000	17.313000	15.667000	12.193000	7.700000	2.653000	-2.847000	-9.620000	-17.360000	-26.233000	-35.207000	-43.260000	-49.660000	-54.147000	-57.647000	-60.347000	-62.920000	-63.900000	-63.287000	-60.947000	-58.173000	-56.520000	-52.773000	-45.420000	-40.047000	-37.387000	-32.107000	-27.447000	-22.847000	-18.007000	-12.020000	-5.887000	-0.207000	4.667000	7.767000	10.480000	13.113000	15.840000	18.553000	23.600000	24.700000	24.567000	22.800000	19.600000	15.240000	4.827000	0.527000	-1.560000	-7.700000	-12.807000	-19.320000	-29.560000	-35.600000	-41.260000	-45.400000	-47.120000	-51.787000	-53.933000	-55.800000	-57.420000	-58.987000	-58.987000	-60.573000	-62.360000	-62.907000	-62.060000	-58.607000	-52.087000	-49.747000	-44.960000	-38.220000	-34.220000	-32.020000	-25.673000	-20.087000	-13.420000	-9.807000	1.480000	10.013000	13.740000	16.327000	19.113000	21.713000	23.740000	24.053000	22.313000	18.613000	11.113000	8.467000	3.453000	-0.700000	-8.187000	-12.160000	-17.033000	-22.620000	-29.060000	-35.847000	-42.133000	-47.573000	-49.887000	-53.633000	-56.847000	-60.000000	-62.200000	-63.120000	-62.520000	-55.047000	-55.047000	-46.500000	-40.520000	-35.347000	-32.973000	-28.273000	-19.073000	-15.220000	-2.420000	5.827000	9.313000	15.593000	17.040000	18.640000	18.967000	16.027000	14.300000	9.993000	-0.220000	-6.847000	-13.447000	-22.973000	-28.573000	-31.907000	-34.287000	-34.607000	-33.800000	-32.720000	-31.320000	-30.747000	-30.773000	-32.460000	-35.220000	-34.887000	-33.907000	-32.533000	-30.687000	-29.647000	
input6
-28.367000	-28.367000	-28.367000	-28.367000	-28.367000	-60.033000	-60.033000	-62.793000	-65.060000	-64.587000	-63.327000	-62.560000	-62.287000	-61.347000	-61.927000	-62.747000	-62.613000	-62.353000	-61.460000	-60.360000	-59.940000	-58.720000	-57.107000	-54.547000	-51.593000	-48.340000	-43.927000	-39.027000	-33.333000	-27.220000	-21.487000	-18.720000	-16.127000	-5.560000	-0.773000	1.293000	5.053000	8.253000	10.980000	13.460000	15.373000	16.027000	15.247000	12.900000	9.087000	4.833000	-0.133000	-5.373000	-10.447000	-19.193000	-24.807000	-34.933000	-44.040000	-50.533000	-53.193000	-58.087000	-65.073000	-68.313000	-69.613000	-71.693000	-73.007000	-73.360000	-73.547000	-72.453000	-70.973000	-69.240000	-66.480000	-64.647000	-62.180000	-59.553000	-56.587000	-52.367000	-40.420000	-32.260000	-23.400000	-14.407000	-5.760000	1.160000	10.640000	13.407000	14.440000	16.253000	16.980000	16.933000	15.180000	13.140000	10.407000	7.873000	6.620000	2.620000	0.007000	-2.447000	-5.060000	-5.060000	-8.373000	-12.360000	-20.467000	-26.967000	-37.653000	-48.233000	-57.940000	-60.380000	-64.447000	-68.713000	-70.440000	-71.273000	-72.847000	-73.193000	-72.427000	-71.467000	-67.053000	-61.933000	-58.633000	-55.453000	-50.387000	-44.247000	-35.500000	-24.907000	-15.013000	-5.773000	3.993000	6.300000	10.120000	12.727000	15.913000	16.673000	17.213000	16.980000	15.713000	13.580000	10.440000	6.707000	4.827000	0.647000	-4.627000	-11.307000	-19.520000	-28.140000	-36.880000	-49.200000	-53.073000	-62.487000	-67.167000	-69.940000	-70.887000	-72.173000	-72.833000	-72.507000	-68.953000	-65.073000	-62.960000	-57.453000	-56.033000	-54.000000	-52.860000	-52.820000	-53.153000	-53.933000	-56.613000	-58.707000	-60.553000	-62.007000	-61.187000	-59.560000	-58.240000	-57.727000	-58.280000	-58.747000	-58.200000	-57.873000	-58.620000	-59.333000	-59.847000	-60.960000	-61.627000	-61.580000	-61.353000	-61.247000	
input7
0.000000	0.000000	0.000000	0.000000	0.000000	0.000000	0.000000	0.000000	0.000000	0.000000	0.000000	0.000000	0.000000	0.000000	0.000000	0.000000	0.000000	0.000000	0.000000	0.000000	0.000000	0.000000	0.000000	0.000000	0.000000	0.000000	0.000000	0.000000	0.000000	0.000000	0.000000	0.000000	0.000000	0.000000	0.000000	0.000000	0.000000	0.000000	0.000000	0.000000	0.000000	0.000000	0.000000	0.000000	0.000000	0.000000	0.000000	0.000000	0.000000	0.000000	0.000000	0.000000	0.000000	0.000000	0.000000	0.000000	0.000000	0.000000	0.000000	0.000000	0.000000	0.000000	0.000000	0.000000	0.000000	0.000000	0.000000	0.000000	0.000000	0.000000	0.000000	0.000000	0.000000	0.000000	0.000000	0.000000	0.000000	0.000000	0.000000	0.000000	0.000000	0.000000	0.000000	0.000000	0.000000	0.000000	0.000000	0.000000	0.000000	0.000000	0.000000	0.000000	0.000000	0.000000	0.000000	0.000000	0.000000	0.000000	0.000000	0.000000	0.000000	0.000000	0.000000	0.000000	0.000000	0.000000	0.000000	0.000000	0.000000	0.000000	0.000000	0.000000	0.000000	0.000000	0.000000	0.000000	0.000000	0.000000	0.000000	0.000000	0.000000	0.000000	0.000000	0.000000	0.000000	0.000000	0.000000	0.000000	0.000000	0.000000	0.000000	0.000000	0.000000	0.000000	0.000000	0.000000	0.000000	0.000000	0.000000	0.000000	0.000000	0.000000	0.000000	0.000000	0.000000	0.000000	0.000000	0.000000	0.000000	0.000000	0.000000	0.000000	0.000000	0.000000	0.000000	0.000000	0.000000	0.000000	0.000000	0.000000	0.000000	0.000000	0.000000	0.000000	0.000000	0.000000	0.000000	0.000000	0.000000	0.000000	0.000000	0.000000	0.000000	0.000000	0.000000	0.000000	0.000000	0.000000	
input8
0.000000	0.000000	0.000000	0.000000	0.000000	0.000000	0.000000	0.000000	0.000000	0.000000	0.000000	0.000000	0.000000	0.000000	0.000000	0.000000	0.000000	0.000000	0.000000	0.000000	0.000000	0.000000	0.000000	0.000000	0.000000	0.000000	0.000000	0.000000	0.000000	0.000000	0.000000	0.000000	0.000000	0.000000	0.000000	0.000000	0.000000	0.000000	0.000000	0.000000	0.000000	0.000000	0.000000	0.000000	0.000000	0.000000	0.000000	0.000000	0.000000	0.000000	0.000000	0.000000	0.000000	0.000000	0.000000	0.000000	0.000000	0.000000	0.000000	0.000000	0.000000	0.000000	0.000000	0.000000	0.000000	0.000000	0.000000	0.000000	0.000000	0.000000	0.000000	0.000000	0.000000	0.000000	0.000000	0.000000	0.000000	0.000000	0.000000	0.000000	0.000000	0.000000	0.000000	0.000000	0.000000	0.000000	0.000000	0.000000	0.000000	0.000000	0.000000	0.000000	0.000000	0.000000	0.000000	0.000000	0.000000	0.000000	0.000000	0.000000	0.000000	0.000000	0.000000	0.000000	0.000000	0.000000	0.000000	0.000000	0.000000	0.000000	0.000000	0.000000	0.000000	0.000000	0.000000	0.000000	0.000000	0.000000	0.000000	0.000000	0.000000	0.000000	0.000000	0.000000	0.000000	0.000000	0.000000	0.000000	0.000000	0.000000	0.000000	0.000000	0.000000	0.000000	0.000000	0.000000	0.000000	0.000000	0.000000	0.000000	0.000000	0.000000	0.000000	0.000000	0.000000	0.000000	0.000000	0.000000	0.000000	0.000000	0.000000	0.000000	0.000000	0.000000	0.000000	0.000000	0.000000	0.000000	0.000000	0.000000	0.000000	0.000000	0.000000	0.000000	0.000000	0.000000	0.000000	0.000000	0.000000	0.000000	0.000000	0.000000	0.000000	0.000000	0.000000	0.000000	0.000000	0.000000	
input9
0.000000	0.000000	0.000000	0.000000	0.000000	0.000000	0.000000	0.000000	0.000000	0.000000	0.000000	0.000000	0.000000	0.000000	0.000000	0.000000	0.000000	0.000000	0.000000	0.000000	0.000000	0.000000	0.000000	0.000000	0.000000	0.000000	0.000000	0.000000	0.000000	0.000000	0.000000	0.000000	0.000000	0.000000	0.000000	0.000000	0.000000	0.000000	0.000000	0.000000	0.000000	0.000000	0.000000	0.000000	0.000000	0.000000	0.000000	0.000000	0.000000	0.000000	0.000000	0.000000	0.000000	0.000000	0.000000	0.000000	0.000000	0.000000	0.000000	0.000000	0.000000	0.000000	0.000000	0.000000	0.000000	0.000000	0.000000	0.000000	0.000000	0.000000	0.000000	0.000000	0.000000	0.000000	0.000000	0.000000	0.000000	0.000000	0.000000	0.000000	0.000000	0.000000	0.000000	0.000000	0.000000	0.000000	0.000000	0.000000	0.000000	0.000000	0.000000	0.000000	0.000000	0.000000	0.000000	0.000000	0.000000	0.000000	0.000000	0.000000	0.000000	0.000000	0.000000	0.000000	0.000000	0.000000	0.000000	0.000000	0.000000	0.000000	0.000000	0.000000	0.000000	0.000000	0.000000	0.000000	0.000000	0.000000	0.000000	0.000000	0.000000	0.000000	0.000000	0.000000	0.000000	0.000000	0.000000	0.000000	0.000000	0.000000	0.000000	0.000000	0.000000	0.000000	0.000000	0.000000	0.000000	0.000000	0.000000	0.000000	0.000000	0.000000	0.000000	0.000000	0.000000	0.000000	0.000000	0.000000	0.000000	0.000000	0.000000	0.000000	0.000000	0.000000	0.000000	0.000000	0.000000	0.000000	0.000000	0.000000	0.000000	0.000000	0.000000	0.000000	0.000000	0.000000	0.000000	0.000000	0.000000	0.000000	0.000000	0.000000	0.000000	0.000000	0.000000	0.000000	0.000000	0.000000	
input10
0.000000	0.000000	0.000000	0.000000	0.000000	0.000000	0.000000	0.000000	0.000000	0.000000	0.000000	0.000000	0.000000	0.000000	0.000000	0.000000	0.000000	0.000000	0.000000	0.000000	0.000000	0.000000	0.000000	0.000000	0.000000	0.000000	0.000000	0.000000	0.000000	0.000000	0.000000	0.000000	0.000000	0.000000	0.000000	0.000000	0.000000	0.000000	0.000000	0.000000	0.000000	0.000000	0.000000	0.000000	0.000000	0.000000	0.000000	0.000000	0.000000	0.000000	0.000000	0.000000	0.000000	0.000000	0.000000	0.000000	0.000000	0.000000	0.000000	0.000000	0.000000	0.000000	0.000000	0.000000	0.000000	0.000000	0.000000	0.000000	0.000000	0.000000	0.000000	0.000000	0.000000	0.000000	0.000000	0.000000	0.000000	0.000000	0.000000	0.000000	0.000000	0.000000	0.000000	0.000000	0.000000	0.000000	0.000000	0.000000	0.000000	0.000000	0.000000	0.000000	0.000000	0.000000	0.000000	0.000000	0.000000	0.000000	0.000000	0.000000	0.000000	0.000000	0.000000	0.000000	0.000000	0.000000	0.000000	0.000000	0.000000	0.000000	0.000000	0.000000	0.000000	0.000000	0.000000	0.000000	0.000000	0.000000	0.000000	0.000000	0.000000	0.000000	0.000000	0.000000	0.000000	0.000000	0.000000	0.000000	0.000000	0.000000	0.000000	0.000000	0.000000	0.000000	0.000000	0.000000	0.000000	0.000000	0.000000	0.000000	0.000000	0.000000	0.000000	0.000000	0.000000	0.000000	0.000000	0.000000	0.000000	0.000000	0.000000	0.000000	0.000000	0.000000	0.000000	0.000000	0.000000	0.000000	0.000000	0.000000	0.000000	0.000000	0.000000	0.000000	0.000000	0.000000	0.000000	0.000000	0.000000	0.000000	0.000000	0.000000	0.000000	0.000000	0.000000	0.000000	0.000000	0.000000	
input11
0.000000	0.000000	0.000000	0.000000	0.000000	0.000000	0.000000	0.000000	0.000000	0.000000	0.000000	0.000000	0.000000	0.000000	0.000000	0.000000	0.000000	0.000000	0.000000	0.000000	0.000000	0.000000	0.000000	0.000000	0.000000	0.000000	0.000000	0.000000	0.000000	0.000000	0.000000	0.000000	0.000000	0.000000	0.000000	0.000000	0.000000	0.000000	0.000000	0.000000	0.000000	0.000000	0.000000	0.000000	0.000000	0.000000	0.000000	0.000000	0.000000	0.000000	0.000000	0.000000	0.000000	0.000000	0.000000	0.000000	0.000000	0.000000	0.000000	0.000000	0.000000	0.000000	0.000000	0.000000	0.000000	0.000000	0.000000	0.000000	0.000000	0.000000	0.000000	0.000000	0.000000	0.000000	0.000000	0.000000	0.000000	0.000000	0.000000	0.000000	0.000000	0.000000	0.000000	0.000000	0.000000	0.000000	0.000000	0.000000	0.000000	0.000000	0.000000	0.000000	0.000000	0.000000	0.000000	0.000000	0.000000	0.000000	0.000000	0.000000	0.000000	0.000000	0.000000	0.000000	0.000000	0.000000	0.000000	0.000000	0.000000	0.000000	0.000000	0.000000	0.000000	0.000000	0.000000	0.000000	0.000000	0.000000	0.000000	0.000000	0.000000	0.000000	0.000000	0.000000	0.000000	0.000000	0.000000	0.000000	0.000000	0.000000	0.000000	0.000000	0.000000	0.000000	0.000000	0.000000	0.000000	0.000000	0.000000	0.000000	0.000000	0.000000	0.000000	0.000000	0.000000	0.000000	0.000000	0.000000	0.000000	0.000000	0.000000	0.000000	0.000000	0.000000	0.000000	0.000000	0.000000	0.000000	0.000000	0.000000	0.000000	0.000000	0.000000	0.000000	0.000000	0.000000	0.000000	0.000000	0.000000	0.000000	0.000000	0.000000	0.000000	0.000000	0.000000	0.000000	0.000000	0.000000	
input12
0.000000	0.000000	0.000000	0.000000	0.000000	0.000000	0.000000	0.000000	0.000000	0.000000	0.000000	0.000000	0.000000	0.000000	0.000000	0.000000	0.000000	0.000000	0.000000	0.000000	0.000000	0.000000	0.000000	0.000000	0.000000	0.000000	0.000000	0.000000	0.000000	0.000000	0.000000	0.000000	0.000000	0.000000	0.000000	0.000000	0.000000	0.000000	0.000000	0.000000	0.000000	0.000000	0.000000	0.000000	0.000000	0.000000	0.000000	0.000000	0.000000	0.000000	0.000000	0.000000	0.000000	0.000000	0.000000	0.000000	0.000000	0.000000	0.000000	0.000000	0.000000	0.000000	0.000000	0.000000	0.000000	0.000000	0.000000	0.000000	0.000000	0.000000	0.000000	0.000000	0.000000	0.000000	0.000000	0.000000	0.000000	0.000000	0.000000	0.000000	0.000000	0.000000	0.000000	0.000000	0.000000	0.000000	0.000000	0.000000	0.000000	0.000000	0.000000	0.000000	0.000000	0.000000	0.000000	0.000000	0.000000	0.000000	0.000000	0.000000	0.000000	0.000000	0.000000	0.000000	0.000000	0.000000	0.000000	0.000000	0.000000	0.000000	0.000000	0.000000	0.000000	0.000000	0.000000	0.000000	0.000000	0.000000	0.000000	0.000000	0.000000	0.000000	0.000000	0.000000	0.000000	0.000000	0.000000	0.000000	0.000000	0.000000	0.000000	0.000000	0.000000	0.000000	0.000000	0.000000	0.000000	0.000000	0.000000	0.000000	0.000000	0.000000	0.000000	0.000000	0.000000	0.000000	0.000000	0.000000	0.000000	0.000000	0.000000	0.000000	0.000000	0.000000	0.000000	0.000000	0.000000	0.000000	0.000000	0.000000	0.000000	0.000000	0.000000	0.000000	0.000000	0.000000	0.000000	0.000000	0.000000	0.000000	0.000000	0.000000	0.000000	0.000000	0.000000	0.000000	0.000000	0.000000	
input13
0.000000	0.000000	0.000000	0.000000	0.000000	0.000000	0.000000	0.000000	0.000000	0.000000	0.000000	0.000000	0.000000	0.000000	0.000000	0.000000	0.000000	0.000000	0.000000	0.000000	0.000000	0.000000	0.000000	0.000000	0.000000	0.000000	0.000000	0.000000	0.000000	0.000000	0.000000	0.000000	0.000000	0.000000	0.000000	0.000000	0.000000	0.000000	0.000000	0.000000	0.000000	0.000000	0.000000	0.000000	0.000000	0.000000	0.000000	0.000000	0.000000	0.000000	0.000000	0.000000	0.000000	0.000000	0.000000	0.000000	0.000000	0.000000	0.000000	0.000000	0.000000	0.000000	0.000000	0.000000	0.000000	0.000000	0.000000	0.000000	0.000000	0.000000	0.000000	0.000000	0.000000	0.000000	0.000000	0.000000	0.000000	0.000000	0.000000	0.000000	0.000000	0.000000	0.000000	0.000000	0.000000	0.000000	0.000000	0.000000	0.000000	0.000000	0.000000	0.000000	0.000000	0.000000	0.000000	0.000000	0.000000	0.000000	0.000000	0.000000	0.000000	0.000000	0.000000	0.000000	0.000000	0.000000	0.000000	0.000000	0.000000	0.000000	0.000000	0.000000	0.000000	0.000000	0.000000	0.000000	0.000000	0.000000	0.000000	0.000000	0.000000	0.000000	0.000000	0.000000	0.000000	0.000000	0.000000	0.000000	0.000000	0.000000	0.000000	0.000000	0.000000	0.000000	0.000000	0.000000	0.000000	0.000000	0.000000	0.000000	0.000000	0.000000	0.000000	0.000000	0.000000	0.000000	0.000000	0.000000	0.000000	0.000000	0.000000	0.000000	0.000000	0.000000	0.000000	0.000000	0.000000	0.000000	0.000000	0.000000	0.000000	0.000000	0.000000	0.000000	0.000000	0.000000	0.000000	0.000000	0.000000	0.000000	0.000000	0.000000	0.000000	0.000000	0.000000	0.000000	0.000000	0.000000	
input14
0.000000	0.000000	0.000000	0.000000	0.000000	0.000000	0.000000	0.000000	0.000000	0.000000	0.000000	0.000000	0.000000	0.000000	0.000000	0.000000	0.000000	0.000000	0.000000	0.000000	0.000000	0.000000	0.000000	0.000000	0.000000	0.000000	0.000000	0.000000	0.000000	0.000000	0.000000	0.000000	0.000000	0.000000	0.000000	0.000000	0.000000	0.000000	0.000000	0.000000	0.000000	0.000000	0.000000	0.000000	0.000000	0.000000	0.000000	0.000000	0.000000	0.000000	0.000000	0.000000	0.000000	0.000000	0.000000	0.000000	0.000000	0.000000	0.000000	0.000000	0.000000	0.000000	0.000000	0.000000	0.000000	0.000000	0.000000	0.000000	0.000000	0.000000	0.000000	0.000000	0.000000	0.000000	0.000000	0.000000	0.000000	0.000000	0.000000	0.000000	0.000000	0.000000	0.000000	0.000000	0.000000	0.000000	0.000000	0.000000	0.000000	0.000000	0.000000	0.000000	0.000000	0.000000	0.000000	0.000000	0.000000	0.000000	0.000000	0.000000	0.000000	0.000000	0.000000	0.000000	0.000000	0.000000	0.000000	0.000000	0.000000	0.000000	0.000000	0.000000	0.000000	0.000000	0.000000	0.000000	0.000000	0.000000	0.000000	0.000000	0.000000	0.000000	0.000000	0.000000	0.000000	0.000000	0.000000	0.000000	0.000000	0.000000	0.000000	0.000000	0.000000	0.000000	0.000000	0.000000	0.000000	0.000000	0.000000	0.000000	0.000000	0.000000	0.000000	0.000000	0.000000	0.000000	0.000000	0.000000	0.000000	0.000000	0.000000	0.000000	0.000000	0.000000	0.000000	0.000000	0.000000	0.000000	0.000000	0.000000	0.000000	0.000000	0.000000	0.000000	0.000000	0.000000	0.000000	0.000000	0.000000	0.000000	0.000000	0.000000	0.000000	0.000000	0.000000	0.000000	0.000000	0.000000	
input15
0.000000	0.000000	0.000000	0.000000	0.000000	0.000000	0.000000	0.000000	0.000000	0.000000	0.000000	0.000000	0.000000	0.000000	0.000000	0.000000	0.000000	0.000000	0.000000	3.000000	
output1
46.144337	46.144337	46.144337	46.144337	46.144337	67.805674	68.730469	70.831751	74.955604	73.508966	70.702676	69.210294	67.419644	65.615986	65.708013	66.194761	65.979518	65.906827	65.557668	64.670005	64.402010	63.546671	62.554993	60.797290	58.890646	56.819553	54.010952	50.952717	47.224888	43.277902	39.434604	37.538487	35.735688	28.832652	26.448779	25.459919	24.297367	23.876424	24.192132	25.592448	28.121568	31.464944	36.347785	42.294330	48.265781	53.507069	57.501773	61.058449	64.213630	68.506494	71.118306	74.674356	77.493522	79.249058	79.765692	80.535554	81.305067	81.111206	80.949453	80.494380	79.971762	78.873177	77.868178	75.737491	73.654602	71.824530	69.466044	68.053830	66.225678	64.427164	62.401876	59.518628	51.445962	45.871445	39.876380	33.772601	28.310733	24.228974	21.135924	21.688407	22.207818	24.542616	27.378043	31.441645	38.492003	42.979670	47.311263	50.642771	52.113423	56.144185	58.207147	60.150833	61.919365	63.466286	63.815931	65.949534	69.546155	72.176972	76.000179	79.041366	81.010051	81.364397	81.745233	81.712070	81.351034	81.114051	80.193041	78.883787	76.780373	75.366619	70.614417	66.571585	64.162262	61.951631	58.276144	53.966395	47.825196	40.492117	33.953920	28.570767	24.564495	24.100601	24.317138	25.005513	27.206867	28.877232	31.624770	35.030125	38.999878	43.508163	47.916481	52.083653	54.042373	57.456743	60.840636	64.653952	68.555538	72.269590	75.460970	76.541293	79.086489	80.310290	80.664219	80.381425	80.113610	79.369937	77.276373	76.124362	71.239597	67.688546	66.074674	62.212582	61.315496	60.020731	59.704924	61.000838	62.020543	64.540783	69.662557	72.292464	74.738169	77.963561	79.283270	79.572099	79.878360	79.811405	80.047311	80.069898	79.524901	79.131857	79.302373	80.065199	80.835736	81.652397	81.753964	81.350194	80.746803	80.461066	
output2
50.977265	50.977265	50.977265	50.977265	50.977265	45.163631	46.046698	44.492590	45.525154	44.982537	44.711257	44.818710	45.298387	45.744189	46.001309	46.056531	46.128593	46.190635	46.286331	46.012433	46.129585	45.977048	46.117901	45.940834	45.910541	45.928036	45.785588	45.621661	45.442245	45.472251	45.513060	45.562821	45.566427	45.662215	45.877758	45.902252	46.068171	45.822008	45.518834	45.518469	45.444438	45.051820	44.774064	44.914021	45.266077	45.902799	45.875195	45.839373	45.974556	45.838674	46.027764	45.793881	45.847792	46.058767	46.026605	45.979185	46.142861	46.029049	46.023587	46.094445	46.239980	45.951489	45.993172	45.435966	45.360767	45.748044	45.651240	45.863654	45.683250	45.656387	45.723496	45.481417	45.061267	44.586578	44.426247	44.465958	44.953592	45.285189	45.631048	45.981688	46.075618	45.910380	45.753772	45.466178	45.290077	45.392186	45.566241	45.813481	45.937266	46.285956	46.298095	46.438282	46.465282	47.842087	46.341759	46.255091	45.879875	45.770263	45.856359	46.042711	46.150292	46.193906	46.280807	46.416442	46.394071	46.418611	46.462664	46.265951	45.825795	45.490948	45.131783	45.637019	45.764195	45.682661	45.111473	44.687386	44.138663	43.802074	43.911260	44.366985	44.827252	44.888450	45.268749	45.634503	46.056225	46.005160	46.136236	46.121281	45.925161	45.961357	45.958748	46.058618	46.211173	46.190077	45.882090	45.714455	45.479013	45.556393	45.725076	43.033936	45.064456	45.057102	45.438671	45.572490	45.587780	45.520370	45.180848	44.992432	44.431221	44.788559	45.133856	45.571763	45.797857	45.911668	45.863996	44.963063	44.767110	44.655610	44.720886	44.560114	44.662095	45.392353	45.827925	45.849092	46.084399	46.073299	46.387180	46.517050	46.282946	46.005448	46.008283	46.411372	46.695005	47.508939	47.666659	47.448955	47.140759	47.040665	
output3
50.977265	50.977265	50.977265	50.977265	50.977265	45.163631	46.046698	44.492590	45.525154	44.982537	44.711257	44.818710	45.298387	45.744189	46.001309	46.056531	46.128593	46.190635	46.286331	46.012433	46.129585	45.977048	46.117901	45.940834	45.910541	45.928036	45.785588	45.621661	45.442245	45.472251	45.513060	45.562821	45.566427	45.662215	45.877758	45.902252	46.068171	45.822008	45.518834	45.518469	45.444438	45.051820	44.774064	44.914021	45.266077	45.902799	45.875195	45.839373	45.974556	45.838674	46.027764	45.793881	45.847792	46.058767	46.026605	45.979185	46.142861	46.029049	46.023587	46.094445	46.239980	45.951489	45.993172	45.435966	45.360767	45.748044	45.651240	45.863654	45.683250	45.656387	45.723496	45.481417	45.061267	44.586578	44.426247	44.465958	44.953592	45.285189	45.631048	45.981688	46.075618	45.910380	45.753772	45.466178	45.290077	45.392186	45.566241	45.813481	45.937266	46.285956	46.298095	46.438282	46.465282	47.842087	46.341759	46.255091	45.879875	45.770263	45.856359	46.042711	46.150292	46.193906	46.280807	46.416442	46.394071	46.418611	46.462664	46.265951	45.825795	45.490948	45.131783	45.637019	45.764195	45.682661	45.111473	44.687386	44.138663	43.802074	43.911260	44.366985	44.827252	44.888450	45.268749	45.634503	46.056225	46.005160	46.136236	46.121281	45.925161	45.961357	45.958748	46.058618	46.211173	46.190077	45.882090	45.714455	45.479013	45.556393	45.725076	43.033936	45.064456	45.057102	45.438671	45.572490	45.587780	45.520370	45.180848	44.992432	44.431221	44.788559	45.133856	45.571763	45.797857	45.911668	45.863996	44.963063	44.767110	44.655610	44.720886	44.560114	44.662095	45.392353	45.827925	45.849092	46.084399	46.073299	46.387180	46.517050	46.282946	46.005448	46.008283	46.411372	46.695005	47.508939	47.666659	47.448955	47.140759	47.040665	
output4
1.000000	0.000000	0.000000	1.000000	0.000000	1.000000	-11.505547	-18.594134	-28.042581	59.941094	15.621262	38.805170	45.841565	0.616525	5.135700	45.841565	0.616525	5.135700	0.000000	3.000000	