input0
40.000000
input1
0.000000	0.000000	0.000000	0.000000	0.000000	0.000000	0.000000	0.000000	0.000000	0.000000	0.000000	0.000000	0.000000	0.000000	0.000000	0.000000	0.000000	0.000000	0.000000	0.000000	0.000000	0.000000	0.000000	0.000000	0.000000	0.000000	0.000000	0.000000	0.000000	0.000000	0.000000	0.000000	0.000000	0.000000	0.000000	0.000000	0.000000	0.000000	0.000000	0.000000	
input2
0.000000	0.000000	0.000000	0.000000	0.000000	0.000000	0.000000	0.000000	0.000000	0.000000	0.000000	0.000000	0.000000	0.000000	0.000000	0.000000	0.000000	0.000000	0.000000	0.000000	0.000000	0.000000	0.000000	0.000000	0.000000	0.000000	0.000000	0.000000	0.000000	0.000000	0.000000	0.000000	0.000000	0.000000	0.000000	0.000000	0.000000	0.000000	0.000000	0.000000	
input3
0.000000	0.000000	0.000000	0.000000	0.000000	0.000000	0.000000	0.000000	0.000000	0.000000	0.000000	0.000000	0.000000	0.000000	0.000000	0.000000	0.000000	0.000000	0.000000	0.000000	0.000000	0.000000	0.000000	0.000000	0.000000	0.000000	0.000000	0.000000	0.000000	0.000000	0.000000	0.000000	0.000000	0.000000	0.000000	0.000000	0.000000	0.000000	0.000000	0.000000	
input4
27.747000	27.747000	27.747000	27.747000	17.060000	17.160000	17.547000	18.907000	18.547000	14.860000	6.660000	0.460000	-1.980000	-1.927000	-1.353000	-0.800000	-0.180000	0.487000	1.460000	1.907000	2.147000	2.573000	0.487000	-0.580000	0.087000	1.520000	-0.467000	-1.867000	-7.767000	-10.593000	-10.593000	-13.027000	-13.640000	-14.200000	-15.040000	-16.113000	-17.480000	-18.440000	-19.127000	-20.440000	
input5
-9.120000	-9.120000	-9.120000	-9.120000	-28.873000	-28.860000	-27.220000	-23.160000	-14.160000	-3.387000	8.553000	12.013000	11.840000	11.153000	11.480000	11.093000	10.927000	11.393000	12.127000	12.440000	12.827000	12.327000	11.840000	11.427000	10.353000	11.340000	14.540000	15.113000	13.853000	13.853000	11.727000	9.893000	9.567000	10.493000	11.927000	12.927000	13.880000	13.540000	13.180000	12.767000	
input6
-46.347000	-46.347000	-46.347000	-46.347000	-78.320000	-78.320000	-78.740000	-77.120000	-71.973000	-66.947000	-60.007000	-60.640000	-61.780000	-62.553000	-62.320000	-62.407000	-62.827000	-62.160000	-61.073000	-60.400000	-60.000000	-60.753000	-61.507000	-61.960000	-63.120000	-61.860000	-58.987000	-58.787000	-61.060000	-61.060000	-63.527000	-64.953000	-65.093000	-64.080000	-62.707000	-61.700000	-60.587000	-60.900000	-61.013000	-61.113000	
input7
0.000000	0.000000	0.000000	0.000000	0.000000	0.000000	0.000000	0.000000	0.000000	0.000000	0.000000	0.000000	0.000000	0.000000	0.000000	0.000000	0.000000	0.000000	0.000000	0.000000	0.000000	0.000000	0.000000	0.000000	0.000000	0.000000	0.000000	0.000000	0.000000	0.000000	0.000000	0.000000	0.000000	0.000000	0.000000	0.000000	0.000000	0.000000	0.000000	0.000000	
input8
0.000000	0.000000	0.000000	0.000000	0.000000	0.000000	0.000000	0.000000	0.000000	0.000000	0.000000	0.000000	0.000000	0.000000	0.000000	0.000000	0.000000	0.000000	0.000000	0.000000	0.000000	0.000000	0.000000	0.000000	0.000000	0.000000	0.000000	0.000000	0.000000	0.000000	0.000000	0.000000	0.000000	0.000000	0.000000	0.000000	0.000000	0.000000	0.000000	0.000000	
input9
0.000000	0.000000	0.000000	0.000000	0.000000	0.000000	0.000000	0.000000	0.000000	0.000000	0.000000	0.000000	0.000000	0.000000	0.000000	0.000000	0.000000	0.000000	0.000000	0.000000	0.000000	0.000000	0.000000	0.000000	0.000000	0.000000	0.000000	0.000000	0.000000	0.000000	0.000000	0.000000	0.000000	0.000000	0.000000	0.000000	0.000000	0.000000	0.000000	0.000000	
input10
0.000000	0.000000	0.000000	0.000000	0.000000	0.000000	0.000000	0.000000	0.000000	0.000000	0.000000	0.000000	0.000000	0.000000	0.000000	0.000000	0.000000	0.000000	0.000000	0.000000	0.000000	0.000000	0.000000	0.000000	0.000000	0.000000	0.000000	0.000000	0.000000	0.000000	0.000000	0.000000	0.000000	0.000000	0.000000	0.000000	0.000000	0.000000	0.000000	0.000000	
input11
0.000000	0.000000	0.000000	0.000000	0.000000	0.000000	0.000000	0.000000	0.000000	0.000000	0.000000	0.000000	0.000000	0.000000	0.000000	0.000000	0.000000	0.000000	0.000000	0.000000	0.000000	0.000000	0.000000	0.000000	0.000000	0.000000	0.000000	0.000000	0.000000	0.000000	0.000000	0.000000	0.000000	0.000000	0.000000	0.000000	0.000000	0.000000	0.000000	0.000000	
input12
0.000000	0.000000	0.000000	0.000000	0.000000	0.000000	0.000000	0.000000	0.000000	0.000000	0.000000	0.000000	0.000000	0.000000	0.000000	0.000000	0.000000	0.000000	0.000000	0.000000	0.000000	0.000000	0.000000	0.000000	0.000000	0.000000	0.000000	0.000000	0.000000	0.000000	0.000000	0.000000	0.000000	0.000000	0.000000	0.000000	0.000000	0.000000	0.000000	0.000000	
input13
0.000000	0.000000	0.000000	0.000000	0.000000	0.000000	0.000000	0.000000	0.000000	0.000000	0.000000	0.000000	0.000000	0.000000	0.000000	0.000000	0.000000	0.000000	0.000000	0.000000	0.000000	0.000000	0.000000	0.000000	0.000000	0.000000	0.000000	0.000000	0.000000	0.000000	0.000000	0.000000	0.000000	0.000000	0.000000	0.000000	0.000000	0.000000	0.000000	0.000000	
input14
0.000000	0.000000	0.000000	0.000000	0.000000	0.000000	0.000000	0.000000	0.000000	0.000000	0.000000	0.000000	0.000000	0.000000	0.000000	0.000000	0.000000	0.000000	0.000000	0.000000	0.000000	0.000000	0.000000	0.000000	0.000000	0.000000	0.000000	0.000000	0.000000	0.000000	0.000000	0.000000	0.000000	0.000000	0.000000	0.000000	0.000000	0.000000	0.000000	0.000000	
input15
0.000000	0.000000	0.000000	0.000000	0.000000	0.000000	0.000000	0.000000	0.000000	0.000000	0.000000	0.000000	0.000000	0.000000	0.000000	0.000000	0.000000	0.000000	0.000000	3.000000	
output1
54.782432	54.782432	54.782432	54.782432	85.198099	85.213776	85.139962	82.712482	75.661149	68.659975	60.978270	61.820170	62.935478	63.568707	63.382990	63.390286	63.770398	63.197336	62.282478	61.697247	61.393335	62.044357	62.638118	63.007574	63.963478	62.909185	60.754390	60.727258	63.091644	63.501503	65.463073	66.981090	67.191337	66.467958	65.579134	65.066321	64.567712	65.055170	65.285073	65.693140	
output2
42.138786	42.138786	42.138786	42.138786	42.762874	42.827306	43.322923	43.124903	40.968681	40.159097	41.242909	42.336163	42.008469	41.701086	42.027784	41.845400	42.017618	42.342191	42.865707	43.044874	43.331891	43.264859	42.496023	42.023708	41.701482	42.470423	43.881725	44.048795	42.782858	42.674015	41.666270	40.712543	40.528470	40.930277	41.724211	42.373705	43.051724	43.003567	42.839444	42.772534	
output3
42.138786	42.138786	42.138786	42.138786	42.762874	42.827306	43.322923	43.124903	40.968681	40.159097	41.242909	42.336163	42.008469	41.701086	42.027784	41.845400	42.017618	42.342191	42.865707	43.044874	43.331891	43.264859	42.496023	42.023708	41.701482	42.470423	43.881725	44.048795	42.782858	42.674015	41.666270	40.712543	40.528470	40.930277	41.724211	42.373705	43.051724	43.003567	42.839444	42.772534	
output4
1.000000	0.000000	0.000000	1.000000	0.000000	1.000000	-10.825675	-26.082294	-46.020394	65.252984	4.847873	19.960791	42.285791	0.680844	2.126694	42.285791	0.680844	2.126694	0.000000	3.000000	