input0
6.000000
input1
0.000000	0.000000	0.000000	0.000000	0.000000	0.000000	
input2
0.000000	0.000000	0.000000	0.000000	0.000000	0.000000	
input3
0.000000	0.000000	0.000000	0.000000	0.000000	0.000000	
input4
27.747000	27.747000	27.747000	27.747000	17.060000	17.160000	
input5
-9.120000	-9.120000	-9.120000	-9.120000	-28.873000	-28.860000	
input6
-46.347000	-46.347000	-46.347000	-46.347000	-78.320000	-78.320000	
input7
0.000000	0.000000	0.000000	0.000000	0.000000	0.000000	
input8
0.000000	0.000000	0.000000	0.000000	0.000000	0.000000	
input9
0.000000	0.000000	0.000000	0.000000	0.000000	0.000000	
input10
0.000000	0.000000	0.000000	0.000000	0.000000	0.000000	
input11
0.000000	0.000000	0.000000	0.000000	0.000000	0.000000	
input12
0.000000	0.000000	0.000000	0.000000	0.000000	0.000000	
input13
0.000000	0.000000	0.000000	0.000000	0.000000	0.000000	
input14
0.000000	0.000000	0.000000	0.000000	0.000000	0.000000	
input15
0.000000	0.000000	0.000000	0.000000	0.000000	0.000000	0.000000	0.000000	0.000000	0.000000	0.000000	0.000000	0.000000	0.000000	0.000000	0.000000	0.000000	0.000000	0.000000	3.000000	
output1
54.782432	54.782432	54.782432	54.782432	85.198099	85.213776	
output2
160.325863	160.325863	160.325863	160.325863	160.325863	160.325863	
output3
160.325863	160.325863	160.325863	160.325863	160.325863	160.325863	
output4
1.000000	0.000000	0.000000	1.000000	0.000000	1.000000	33.596528	-155.685947	18.372307	64.923600	13.521558	20.290176	160.325863	0.000000	0.000000	160.325863	0.000000	0.000000	0.000000	3.000000	