input0
16.000000
input1
0.000000	0.000000	0.000000	0.000000	0.000000	0.000000	0.000000	0.000000	0.000000	0.000000	0.000000	0.000000	0.000000	0.000000	0.000000	0.000000	
input2
0.000000	0.000000	0.000000	0.000000	0.000000	0.000000	0.000000	0.000000	0.000000	0.000000	0.000000	0.000000	0.000000	0.000000	0.000000	0.000000	
input3
0.000000	0.000000	0.000000	0.000000	0.000000	0.000000	0.000000	0.000000	0.000000	0.000000	0.000000	0.000000	0.000000	0.000000	0.000000	0.000000	
input4
27.747000	27.747000	27.747000	27.747000	17.060000	17.160000	17.547000	18.907000	18.547000	14.860000	6.660000	0.460000	-1.980000	-1.927000	-1.353000	-0.800000	
input5
-9.120000	-9.120000	-9.120000	-9.120000	-28.873000	-28.860000	-27.220000	-23.160000	-14.160000	-3.387000	8.553000	12.013000	11.840000	11.153000	11.480000	11.093000	
input6
-46.347000	-46.347000	-46.347000	-46.347000	-78.320000	-78.320000	-78.740000	-77.120000	-71.973000	-66.947000	-60.007000	-60.640000	-61.780000	-62.553000	-62.320000	-62.407000	
input7
0.000000	0.000000	0.000000	0.000000	0.000000	0.000000	0.000000	0.000000	0.000000	0.000000	0.000000	0.000000	0.000000	0.000000	0.000000	0.000000	
input8
0.000000	0.000000	0.000000	0.000000	0.000000	0.000000	0.000000	0.000000	0.000000	0.000000	0.000000	0.000000	0.000000	0.000000	0.000000	0.000000	
input9
0.000000	0.000000	0.000000	0.000000	0.000000	0.000000	0.000000	0.000000	0.000000	0.000000	0.000000	0.000000	0.000000	0.000000	0.000000	0.000000	
input10
0.000000	0.000000	0.000000	0.000000	0.000000	0.000000	0.000000	0.000000	0.000000	0.000000	0.000000	0.000000	0.000000	0.000000	0.000000	0.000000	
input11
0.000000	0.000000	0.000000	0.000000	0.000000	0.000000	0.000000	0.000000	0.000000	0.000000	0.000000	0.000000	0.000000	0.000000	0.000000	0.000000	
input12
0.000000	0.000000	0.000000	0.000000	0.000000	0.000000	0.000000	0.000000	0.000000	0.000000	0.000000	0.000000	0.000000	0.000000	0.000000	0.000000	
input13
0.000000	0.000000	0.000000	0.000000	0.000000	0.000000	0.000000	0.000000	0.000000	0.000000	0.000000	0.000000	0.000000	0.000000	0.000000	0.000000	
input14
0.000000	0.000000	0.000000	0.000000	0.000000	0.000000	0.000000	0.000000	0.000000	0.000000	0.000000	0.000000	0.000000	0.000000	0.000000	0.000000	
input15
0.000000	0.000000	0.000000	0.000000	0.000000	0.000000	0.000000	0.000000	0.000000	0.000000	0.000000	0.000000	0.000000	0.000000	0.000000	0.000000	0.000000	0.000000	0.000000	3.000000	
output1
54.782432	54.782432	54.782432	54.782432	85.198099	85.213776	85.139962	82.712482	75.661149	68.659975	60.978270	61.820170	62.935478	63.568707	63.382990	63.390286	
output2
52.955042	52.955042	52.955042	52.955042	52.523356	52.593003	53.328500	53.759565	52.695178	52.468054	52.965829	53.430699	52.898652	52.650707	53.017707	52.913151	
output3
52.955042	52.955042	52.955042	52.955042	52.523356	52.593003	53.328500	53.759565	52.695178	52.468054	52.965829	53.430699	52.898652	52.650707	53.017707	52.913151	
output4
1.000000	0.000000	0.000000	1.000000	0.000000	1.000000	-18.899657	-33.448897	-40.311223	67.361942	9.801724	17.851834	52.941535	0.231081	0.818029	52.941535	0.231081	0.818029	0.000000	3.000000	