input0
69.000000
input1
0.000000	0.000000	0.000000	0.000000	0.000000	0.000000	0.000000	0.000000	0.000000	0.000000	0.000000	0.000000	0.000000	0.000000	0.000000	0.000000	0.000000	0.000000	0.000000	0.000000	0.000000	0.000000	0.000000	0.000000	0.000000	0.000000	0.000000	0.000000	0.000000	0.000000	0.000000	0.000000	0.000000	0.000000	0.000000	0.000000	0.000000	0.000000	0.000000	0.000000	0.000000	0.000000	0.000000	0.000000	0.000000	0.000000	0.000000	0.000000	0.000000	0.000000	0.000000	0.000000	0.000000	0.000000	0.000000	0.000000	0.000000	0.000000	0.000000	0.000000	0.000000	0.000000	0.000000	0.000000	0.000000	0.000000	0.000000	0.000000	0.000000	
input2
0.000000	0.000000	0.000000	0.000000	0.000000	0.000000	0.000000	0.000000	0.000000	0.000000	0.000000	0.000000	0.000000	0.000000	0.000000	0.000000	0.000000	0.000000	0.000000	0.000000	0.000000	0.000000	0.000000	0.000000	0.000000	0.000000	0.000000	0.000000	0.000000	0.000000	0.000000	0.000000	0.000000	0.000000	0.000000	0.000000	0.000000	0.000000	0.000000	0.000000	0.000000	0.000000	0.000000	0.000000	0.000000	0.000000	0.000000	0.000000	0.000000	0.000000	0.000000	0.000000	0.000000	0.000000	0.000000	0.000000	0.000000	0.000000	0.000000	0.000000	0.000000	0.000000	0.000000	0.000000	0.000000	0.000000	0.000000	0.000000	0.000000	
input3
0.000000	0.000000	0.000000	0.000000	0.000000	0.000000	0.000000	0.000000	0.000000	0.000000	0.000000	0.000000	0.000000	0.000000	0.000000	0.000000	0.000000	0.000000	0.000000	0.000000	0.000000	0.000000	0.000000	0.000000	0.000000	0.000000	0.000000	0.000000	0.000000	0.000000	0.000000	0.000000	0.000000	0.000000	0.000000	0.000000	0.000000	0.000000	0.000000	0.000000	0.000000	0.000000	0.000000	0.000000	0.000000	0.000000	0.000000	0.000000	0.000000	0.000000	0.000000	0.000000	0.000000	0.000000	0.000000	0.000000	0.000000	0.000000	0.000000	0.000000	0.000000	0.000000	0.000000	0.000000	0.000000	0.000000	0.000000	0.000000	0.000000	
input4
27.747000	27.747000	27.747000	27.747000	17.060000	17.160000	17.547000	18.907000	18.547000	14.860000	6.660000	0.460000	-1.980000	-1.927000	-1.353000	-0.800000	-0.180000	0.487000	1.460000	1.907000	2.147000	2.573000	0.487000	-0.580000	0.087000	1.520000	-0.467000	-1.867000	-7.767000	-10.593000	-10.593000	-13.027000	-13.640000	-14.200000	-15.040000	-16.113000	-17.480000	-18.440000	-19.127000	-20.440000	-20.900000	-21.100000	-22.153000	-22.867000	-23.300000	-22.627000	-22.800000	-22.827000	-22.267000	-21.793000	-21.393000	-20.940000	-20.800000	-20.893000	-21.353000	-22.080000	-22.853000	-23.480000	-23.813000	-23.927000	-23.853000	-23.293000	-22.793000	-22.180000	-22.067000	-22.200000	-22.313000	-22.353000	-22.567000	
input5
-9.120000	-9.120000	-9.120000	-9.120000	-28.873000	-28.860000	-27.220000	-23.160000	-14.160000	-3.387000	8.553000	12.013000	11.840000	11.153000	11.480000	11.093000	10.927000	11.393000	12.127000	12.440000	12.827000	12.327000	11.840000	11.427000	10.353000	11.340000	14.540000	15.113000	13.853000	13.853000	11.727000	9.893000	9.567000	10.493000	11.927000	12.927000	13.880000	13.540000	13.180000	12.767000	12.200000	13.000000	13.280000	13.440000	13.627000	14.267000	14.867000	16.867000	20.400000	22.740000	24.953000	26.067000	26.500000	26.200000	24.367000	22.100000	19.127000	15.413000	11.493000	7.553000	2.593000	-1.047000	-5.633000	-15.547000	-19.307000	-26.500000	-35.047000	-39.073000	-42.520000	
input6
-46.347000	-46.347000	-46.347000	-46.347000	-78.320000	-78.320000	-78.740000	-77.120000	-71.973000	-66.947000	-60.007000	-60.640000	-61.780000	-62.553000	-62.320000	-62.407000	-62.827000	-62.160000	-61.073000	-60.400000	-60.000000	-60.753000	-61.507000	-61.960000	-63.120000	-61.860000	-58.987000	-58.787000	-61.060000	-61.060000	-63.527000	-64.953000	-65.093000	-64.080000	-62.707000	-61.700000	-60.587000	-60.900000	-61.013000	-61.113000	-61.447000	-60.153000	-59.713000	-59.267000	-58.747000	-58.873000	-58.127000	-55.100000	-48.713000	-43.407000	-37.373000	-32.560000	-28.680000	-22.240000	-14.993000	-9.760000	-4.647000	0.227000	4.153000	7.587000	10.880000	12.920000	14.700000	16.233000	16.380000	15.887000	13.847000	12.420000	10.513000	
input7
0.000000	0.000000	0.000000	0.000000	0.000000	0.000000	0.000000	0.000000	0.000000	0.000000	0.000000	0.000000	0.000000	0.000000	0.000000	0.000000	0.000000	0.000000	0.000000	0.000000	0.000000	0.000000	0.000000	0.000000	0.000000	0.000000	0.000000	0.000000	0.000000	0.000000	0.000000	0.000000	0.000000	0.000000	0.000000	0.000000	0.000000	0.000000	0.000000	0.000000	0.000000	0.000000	0.000000	0.000000	0.000000	0.000000	0.000000	0.000000	0.000000	0.000000	0.000000	0.000000	0.000000	0.000000	0.000000	0.000000	0.000000	0.000000	0.000000	0.000000	0.000000	0.000000	0.000000	0.000000	0.000000	0.000000	0.000000	0.000000	0.000000	
input8
0.000000	0.000000	0.000000	0.000000	0.000000	0.000000	0.000000	0.000000	0.000000	0.000000	0.000000	0.000000	0.000000	0.000000	0.000000	0.000000	0.000000	0.000000	0.000000	0.000000	0.000000	0.000000	0.000000	0.000000	0.000000	0.000000	0.000000	0.000000	0.000000	0.000000	0.000000	0.000000	0.000000	0.000000	0.000000	0.000000	0.000000	0.000000	0.000000	0.000000	0.000000	0.000000	0.000000	0.000000	0.000000	0.000000	0.000000	0.000000	0.000000	0.000000	0.000000	0.000000	0.000000	0.000000	0.000000	0.000000	0.000000	0.000000	0.000000	0.000000	0.000000	0.000000	0.000000	0.000000	0.000000	0.000000	0.000000	0.000000	0.000000	
input9
0.000000	0.000000	0.000000	0.000000	0.000000	0.000000	0.000000	0.000000	0.000000	0.000000	0.000000	0.000000	0.000000	0.000000	0.000000	0.000000	0.000000	0.000000	0.000000	0.000000	0.000000	0.000000	0.000000	0.000000	0.000000	0.000000	0.000000	0.000000	0.000000	0.000000	0.000000	0.000000	0.000000	0.000000	0.000000	0.000000	0.000000	0.000000	0.000000	0.000000	0.000000	0.000000	0.000000	0.000000	0.000000	0.000000	0.000000	0.000000	0.000000	0.000000	0.000000	0.000000	0.000000	0.000000	0.000000	0.000000	0.000000	0.000000	0.000000	0.000000	0.000000	0.000000	0.000000	0.000000	0.000000	0.000000	0.000000	0.000000	0.000000	
input10
0.000000	0.000000	0.000000	0.000000	0.000000	0.000000	0.000000	0.000000	0.000000	0.000000	0.000000	0.000000	0.000000	0.000000	0.000000	0.000000	0.000000	0.000000	0.000000	0.000000	0.000000	0.000000	0.000000	0.000000	0.000000	0.000000	0.000000	0.000000	0.000000	0.000000	0.000000	0.000000	0.000000	0.000000	0.000000	0.000000	0.000000	0.000000	0.000000	0.000000	0.000000	0.000000	0.000000	0.000000	0.000000	0.000000	0.000000	0.000000	0.000000	0.000000	0.000000	0.000000	0.000000	0.000000	0.000000	0.000000	0.000000	0.000000	0.000000	0.000000	0.000000	0.000000	0.000000	0.000000	0.000000	0.000000	0.000000	0.000000	0.000000	
input11
0.000000	0.000000	0.000000	0.000000	0.000000	0.000000	0.000000	0.000000	0.000000	0.000000	0.000000	0.000000	0.000000	0.000000	0.000000	0.000000	0.000000	0.000000	0.000000	0.000000	0.000000	0.000000	0.000000	0.000000	0.000000	0.000000	0.000000	0.000000	0.000000	0.000000	0.000000	0.000000	0.000000	0.000000	0.000000	0.000000	0.000000	0.000000	0.000000	0.000000	0.000000	0.000000	0.000000	0.000000	0.000000	0.000000	0.000000	0.000000	0.000000	0.000000	0.000000	0.000000	0.000000	0.000000	0.000000	0.000000	0.000000	0.000000	0.000000	0.000000	0.000000	0.000000	0.000000	0.000000	0.000000	0.000000	0.000000	0.000000	0.000000	
input12
0.000000	0.000000	0.000000	0.000000	0.000000	0.000000	0.000000	0.000000	0.000000	0.000000	0.000000	0.000000	0.000000	0.000000	0.000000	0.000000	0.000000	0.000000	0.000000	0.000000	0.000000	0.000000	0.000000	0.000000	0.000000	0.000000	0.000000	0.000000	0.000000	0.000000	0.000000	0.000000	0.000000	0.000000	0.000000	0.000000	0.000000	0.000000	0.000000	0.000000	0.000000	0.000000	0.000000	0.000000	0.000000	0.000000	0.000000	0.000000	0.000000	0.000000	0.000000	0.000000	0.000000	0.000000	0.000000	0.000000	0.000000	0.000000	0.000000	0.000000	0.000000	0.000000	0.000000	0.000000	0.000000	0.000000	0.000000	0.000000	0.000000	
input13
0.000000	0.000000	0.000000	0.000000	0.000000	0.000000	0.000000	0.000000	0.000000	0.000000	0.000000	0.000000	0.000000	0.000000	0.000000	0.000000	0.000000	0.000000	0.000000	0.000000	0.000000	0.000000	0.000000	0.000000	0.000000	0.000000	0.000000	0.000000	0.000000	0.000000	0.000000	0.000000	0.000000	0.000000	0.000000	0.000000	0.000000	0.000000	0.000000	0.000000	0.000000	0.000000	0.000000	0.000000	0.000000	0.000000	0.000000	0.000000	0.000000	0.000000	0.000000	0.000000	0.000000	0.000000	0.000000	0.000000	0.000000	0.000000	0.000000	0.000000	0.000000	0.000000	0.000000	0.000000	0.000000	0.000000	0.000000	0.000000	0.000000	
input14
0.000000	0.000000	0.000000	0.000000	0.000000	0.000000	0.000000	0.000000	0.000000	0.000000	0.000000	0.000000	0.000000	0.000000	0.000000	0.000000	0.000000	0.000000	0.000000	0.000000	0.000000	0.000000	0.000000	0.000000	0.000000	0.000000	0.000000	0.000000	0.000000	0.000000	0.000000	0.000000	0.000000	0.000000	0.000000	0.000000	0.000000	0.000000	0.000000	0.000000	0.000000	0.000000	0.000000	0.000000	0.000000	0.000000	0.000000	0.000000	0.000000	0.000000	0.000000	0.000000	0.000000	0.000000	0.000000	0.000000	0.000000	0.000000	0.000000	0.000000	0.000000	0.000000	0.000000	0.000000	0.000000	0.000000	0.000000	0.000000	0.000000	
input15
0.000000	0.000000	0.000000	0.000000	0.000000	0.000000	0.000000	0.000000	0.000000	0.000000	0.000000	0.000000	0.000000	0.000000	0.000000	0.000000	0.000000	0.000000	0.000000	3.000000	
output1
54.782432	54.782432	54.782432	54.782432	85.198099	85.213776	85.139962	82.712482	75.661149	68.659975	60.978270	61.820170	62.935478	63.568707	63.382990	63.390286	63.770398	63.197336	62.282478	61.697247	61.393335	62.044357	62.638118	63.007574	63.963478	62.909185	60.754390	60.727258	63.091644	63.501503	65.463073	66.981090	67.191337	66.467958	65.579134	65.066321	64.567712	65.055170	65.285073	65.693140	66.040774	65.058385	65.059636	64.931584	64.651335	64.664972	64.184233	61.980462	57.314358	53.630310	49.770009	46.670394	44.242880	40.219088	35.700019	32.729100	30.161173	28.087764	26.765564	26.212816	26.345088	26.656828	27.700930	31.578029	33.585966	38.045851	43.793853	46.697027	49.272133	
output2
45.784747	45.784747	45.784747	45.784747	55.647209	55.699386	56.173786	55.560253	52.296375	49.878955	48.183033	49.039798	49.024339	49.009926	49.230597	49.126970	49.422672	49.512980	49.656481	49.619881	49.750738	49.938817	49.441387	49.145505	49.262200	49.567985	49.814158	49.845964	49.247085	49.060271	48.978078	48.560765	48.435526	48.427663	48.629742	48.829966	49.022481	49.049778	48.924764	48.861628	48.707995	48.577862	48.737808	48.753575	48.700598	49.137327	49.244442	49.356335	49.701185	50.225964	51.205353	51.878072	52.331532	52.766087	52.831197	52.757761	52.662566	52.493092	52.188242	52.044251	51.715522	51.477108	50.993043	49.434170	48.968300	48.189608	47.257724	46.943490	46.402714	
output3
45.784747	45.784747	45.784747	45.784747	55.647209	55.699386	56.173786	55.560253	52.296375	49.878955	48.183033	49.039798	49.024339	49.009926	49.230597	49.126970	49.422672	49.512980	49.656481	49.619881	49.750738	49.938817	49.441387	49.145505	49.262200	49.567985	49.814158	49.845964	49.247085	49.060271	48.978078	48.560765	48.435526	48.427663	48.629742	48.829966	49.022481	49.049778	48.924764	48.861628	48.707995	48.577862	48.737808	48.753575	48.700598	49.137327	49.244442	49.356335	49.701185	50.225964	51.205353	51.878072	52.331532	52.766087	52.831197	52.757761	52.662566	52.493092	52.188242	52.044251	51.715522	51.477108	50.993043	49.434170	48.968300	48.189608	47.257724	46.943490	46.402714	
output4
1.000000	0.000000	0.000000	1.000000	0.000000	1.000000	-12.429327	-25.092224	-31.280685	56.838695	11.800989	30.625879	49.836218	1.629384	6.337568	49.836218	1.629384	6.337568	0.000000	3.000000	