input0
116.000000
input1
0.000000	0.000000	0.000000	0.000000	0.000000	0.000000	0.000000	0.000000	0.000000	0.000000	0.000000	0.000000	0.000000	0.000000	0.000000	0.000000	0.000000	0.000000	0.000000	0.000000	0.000000	0.000000	0.000000	0.000000	0.000000	0.000000	0.000000	0.000000	0.000000	0.000000	0.000000	0.000000	0.000000	0.000000	0.000000	0.000000	0.000000	0.000000	0.000000	0.000000	0.000000	0.000000	0.000000	0.000000	0.000000	0.000000	0.000000	0.000000	0.000000	0.000000	0.000000	0.000000	0.000000	0.000000	0.000000	0.000000	0.000000	0.000000	0.000000	0.000000	0.000000	0.000000	0.000000	0.000000	0.000000	0.000000	0.000000	0.000000	0.000000	0.000000	0.000000	0.000000	0.000000	0.000000	0.000000	0.000000	0.000000	0.000000	0.000000	0.000000	0.000000	0.000000	0.000000	0.000000	0.000000	0.000000	0.000000	0.000000	0.000000	0.000000	0.000000	0.000000	0.000000	0.000000	0.000000	0.000000	0.000000	0.000000	0.000000	0.000000	0.000000	0.000000	0.000000	0.000000	0.000000	0.000000	0.000000	0.000000	0.000000	0.000000	0.000000	0.000000	0.000000	0.000000	0.000000	0.000000	
input2
0.000000	0.000000	0.000000	0.000000	0.000000	0.000000	0.000000	0.000000	0.000000	0.000000	0.000000	0.000000	0.000000	0.000000	0.000000	0.000000	0.000000	0.000000	0.000000	0.000000	0.000000	0.000000	0.000000	0.000000	0.000000	0.000000	0.000000	0.000000	0.000000	0.000000	0.000000	0.000000	0.000000	0.000000	0.000000	0.000000	0.000000	0.000000	0.000000	0.000000	0.000000	0.000000	0.000000	0.000000	0.000000	0.000000	0.000000	0.000000	0.000000	0.000000	0.000000	0.000000	0.000000	0.000000	0.000000	0.000000	0.000000	0.000000	0.000000	0.000000	0.000000	0.000000	0.000000	0.000000	0.000000	0.000000	0.000000	0.000000	0.000000	0.000000	0.000000	0.000000	0.000000	0.000000	0.000000	0.000000	0.000000	0.000000	0.000000	0.000000	0.000000	0.000000	0.000000	0.000000	0.000000	0.000000	0.000000	0.000000	0.000000	0.000000	0.000000	0.000000	0.000000	0.000000	0.000000	0.000000	0.000000	0.000000	0.000000	0.000000	0.000000	0.000000	0.000000	0.000000	0.000000	0.000000	0.000000	0.000000	0.000000	0.000000	0.000000	0.000000	0.000000	0.000000	0.000000	0.000000	
input3
0.000000	0.000000	0.000000	0.000000	0.000000	0.000000	0.000000	0.000000	0.000000	0.000000	0.000000	0.000000	0.000000	0.000000	0.000000	0.000000	0.000000	0.000000	0.000000	0.000000	0.000000	0.000000	0.000000	0.000000	0.000000	0.000000	0.000000	0.000000	0.000000	0.000000	0.000000	0.000000	0.000000	0.000000	0.000000	0.000000	0.000000	0.000000	0.000000	0.000000	0.000000	0.000000	0.000000	0.000000	0.000000	0.000000	0.000000	0.000000	0.000000	0.000000	0.000000	0.000000	0.000000	0.000000	0.000000	0.000000	0.000000	0.000000	0.000000	0.000000	0.000000	0.000000	0.000000	0.000000	0.000000	0.000000	0.000000	0.000000	0.000000	0.000000	0.000000	0.000000	0.000000	0.000000	0.000000	0.000000	0.000000	0.000000	0.000000	0.000000	0.000000	0.000000	0.000000	0.000000	0.000000	0.000000	0.000000	0.000000	0.000000	0.000000	0.000000	0.000000	0.000000	0.000000	0.000000	0.000000	0.000000	0.000000	0.000000	0.000000	0.000000	0.000000	0.000000	0.000000	0.000000	0.000000	0.000000	0.000000	0.000000	0.000000	0.000000	0.000000	0.000000	0.000000	0.000000	0.000000	
input4
27.747000	27.747000	27.747000	27.747000	17.060000	17.160000	17.547000	18.907000	18.547000	14.860000	6.660000	0.460000	-1.980000	-1.927000	-1.353000	-0.800000	-0.180000	0.487000	1.460000	1.907000	2.147000	2.573000	0.487000	-0.580000	0.087000	1.520000	-0.467000	-1.867000	-7.767000	-10.593000	-10.593000	-13.027000	-13.640000	-14.200000	-15.040000	-16.113000	-17.480000	-18.440000	-19.127000	-20.440000	-20.900000	-21.100000	-22.153000	-22.867000	-23.300000	-22.627000	-22.800000	-22.827000	-22.267000	-21.793000	-21.393000	-20.940000	-20.800000	-20.893000	-21.353000	-22.080000	-22.853000	-23.480000	-23.813000	-23.927000	-23.853000	-23.293000	-22.793000	-22.180000	-22.067000	-22.200000	-22.313000	-22.353000	-22.567000	-23.000000	-23.200000	-23.980000	-24.367000	-24.853000	-25.113000	-25.127000	-25.200000	-25.127000	-25.053000	-25.440000	-25.527000	-25.353000	-24.453000	-22.800000	-22.500000	-21.913000	-21.780000	-22.427000	-22.653000	-23.367000	-23.167000	-23.067000	-22.853000	-22.953000	-23.280000	-23.953000	-24.393000	-24.413000	-23.993000	-23.653000	-22.953000	-22.027000	-21.467000	-21.367000	-20.867000	-20.680000	-20.440000	-21.113000	-21.400000	-22.640000	-22.640000	-23.500000	-24.880000	-25.627000	-26.053000	-26.227000	
input5
-9.120000	-9.120000	-9.120000	-9.120000	-28.873000	-28.860000	-27.220000	-23.160000	-14.160000	-3.387000	8.553000	12.013000	11.840000	11.153000	11.480000	11.093000	10.927000	11.393000	12.127000	12.440000	12.827000	12.327000	11.840000	11.427000	10.353000	11.340000	14.540000	15.113000	13.853000	13.853000	11.727000	9.893000	9.567000	10.493000	11.927000	12.927000	13.880000	13.540000	13.180000	12.767000	12.200000	13.000000	13.280000	13.440000	13.627000	14.267000	14.867000	16.867000	20.400000	22.740000	24.953000	26.067000	26.500000	26.200000	24.367000	22.100000	19.127000	15.413000	11.493000	7.553000	2.593000	-1.047000	-5.633000	-15.547000	-19.307000	-26.500000	-35.047000	-39.073000	-42.520000	-47.400000	-48.947000	-53.507000	-56.000000	-58.447000	-59.473000	-61.747000	-62.460000	-61.433000	-59.507000	-56.500000	-49.647000	-47.973000	-42.700000	-34.660000	-32.320000	-28.133000	-22.100000	-17.447000	-14.860000	-1.407000	1.093000	5.413000	10.893000	16.293000	18.000000	20.993000	23.693000	23.700000	21.593000	16.813000	13.840000	9.680000	5.893000	4.527000	-1.760000	-4.700000	-16.100000	-24.487000	-28.273000	-28.273000	-38.347000	-44.107000	-52.387000	-57.300000	-59.900000	-60.173000	
input6
-46.347000	-46.347000	-46.347000	-46.347000	-78.320000	-78.320000	-78.740000	-77.120000	-71.973000	-66.947000	-60.007000	-60.640000	-61.780000	-62.553000	-62.320000	-62.407000	-62.827000	-62.160000	-61.073000	-60.400000	-60.000000	-60.753000	-61.507000	-61.960000	-63.120000	-61.860000	-58.987000	-58.787000	-61.060000	-61.060000	-63.527000	-64.953000	-65.093000	-64.080000	-62.707000	-61.700000	-60.587000	-60.900000	-61.013000	-61.113000	-61.447000	-60.153000	-59.713000	-59.267000	-58.747000	-58.873000	-58.127000	-55.100000	-48.713000	-43.407000	-37.373000	-32.560000	-28.680000	-22.240000	-14.993000	-9.760000	-4.647000	0.227000	4.153000	7.587000	10.880000	12.920000	14.700000	16.233000	16.380000	15.887000	13.847000	12.420000	10.513000	6.447000	5.007000	-0.513000	-4.260000	-8.820000	-11.200000	-19.967000	-27.240000	-38.153000	-44.553000	-50.367000	-59.440000	-61.400000	-65.907000	-70.167000	-71.160000	-72.327000	-73.113000	-73.093000	-72.767000	-69.493000	-68.413000	-65.627000	-60.993000	-54.733000	-51.920000	-45.493000	-36.893000	-18.820000	-10.887000	-2.000000	2.313000	6.653000	9.473000	10.527000	13.667000	14.580000	16.280000	15.833000	15.227000	15.227000	11.520000	7.920000	-1.060000	-10.287000	-21.140000	-32.927000	
input7
0.000000	0.000000	0.000000	0.000000	0.000000	0.000000	0.000000	0.000000	0.000000	0.000000	0.000000	0.000000	0.000000	0.000000	0.000000	0.000000	0.000000	0.000000	0.000000	0.000000	0.000000	0.000000	0.000000	0.000000	0.000000	0.000000	0.000000	0.000000	0.000000	0.000000	0.000000	0.000000	0.000000	0.000000	0.000000	0.000000	0.000000	0.000000	0.000000	0.000000	0.000000	0.000000	0.000000	0.000000	0.000000	0.000000	0.000000	0.000000	0.000000	0.000000	0.000000	0.000000	0.000000	0.000000	0.000000	0.000000	0.000000	0.000000	0.000000	0.000000	0.000000	0.000000	0.000000	0.000000	0.000000	0.000000	0.000000	0.000000	0.000000	0.000000	0.000000	0.000000	0.000000	0.000000	0.000000	0.000000	0.000000	0.000000	0.000000	0.000000	0.000000	0.000000	0.000000	0.000000	0.000000	0.000000	0.000000	0.000000	0.000000	0.000000	0.000000	0.000000	0.000000	0.000000	0.000000	0.000000	0.000000	0.000000	0.000000	0.000000	0.000000	0.000000	0.000000	0.000000	0.000000	0.000000	0.000000	0.000000	0.000000	0.000000	0.000000	0.000000	0.000000	0.000000	0.000000	0.000000	
input8
0.000000	0.000000	0.000000	0.000000	0.000000	0.000000	0.000000	0.000000	0.000000	0.000000	0.000000	0.000000	0.000000	0.000000	0.000000	0.000000	0.000000	0.000000	0.000000	0.000000	0.000000	0.000000	0.000000	0.000000	0.000000	0.000000	0.000000	0.000000	0.000000	0.000000	0.000000	0.000000	0.000000	0.000000	0.000000	0.000000	0.000000	0.000000	0.000000	0.000000	0.000000	0.000000	0.000000	0.000000	0.000000	0.000000	0.000000	0.000000	0.000000	0.000000	0.000000	0.000000	0.000000	0.000000	0.000000	0.000000	0.000000	0.000000	0.000000	0.000000	0.000000	0.000000	0.000000	0.000000	0.000000	0.000000	0.000000	0.000000	0.000000	0.000000	0.000000	0.000000	0.000000	0.000000	0.000000	0.000000	0.000000	0.000000	0.000000	0.000000	0.000000	0.000000	0.000000	0.000000	0.000000	0.000000	0.000000	0.000000	0.000000	0.000000	0.000000	0.000000	0.000000	0.000000	0.000000	0.000000	0.000000	0.000000	0.000000	0.000000	0.000000	0.000000	0.000000	0.000000	0.000000	0.000000	0.000000	0.000000	0.000000	0.000000	0.000000	0.000000	0.000000	0.000000	0.000000	0.000000	
input9
0.000000	0.000000	0.000000	0.000000	0.000000	0.000000	0.000000	0.000000	0.000000	0.000000	0.000000	0.000000	0.000000	0.000000	0.000000	0.000000	0.000000	0.000000	0.000000	0.000000	0.000000	0.000000	0.000000	0.000000	0.000000	0.000000	0.000000	0.000000	0.000000	0.000000	0.000000	0.000000	0.000000	0.000000	0.000000	0.000000	0.000000	0.000000	0.000000	0.000000	0.000000	0.000000	0.000000	0.000000	0.000000	0.000000	0.000000	0.000000	0.000000	0.000000	0.000000	0.000000	0.000000	0.000000	0.000000	0.000000	0.000000	0.000000	0.000000	0.000000	0.000000	0.000000	0.000000	0.000000	0.000000	0.000000	0.000000	0.000000	0.000000	0.000000	0.000000	0.000000	0.000000	0.000000	0.000000	0.000000	0.000000	0.000000	0.000000	0.000000	0.000000	0.000000	0.000000	0.000000	0.000000	0.000000	0.000000	0.000000	0.000000	0.000000	0.000000	0.000000	0.000000	0.000000	0.000000	0.000000	0.000000	0.000000	0.000000	0.000000	0.000000	0.000000	0.000000	0.000000	0.000000	0.000000	0.000000	0.000000	0.000000	0.000000	0.000000	0.000000	0.000000	0.000000	0.000000	0.000000	
input10
0.000000	0.000000	0.000000	0.000000	0.000000	0.000000	0.000000	0.000000	0.000000	0.000000	0.000000	0.000000	0.000000	0.000000	0.000000	0.000000	0.000000	0.000000	0.000000	0.000000	0.000000	0.000000	0.000000	0.000000	0.000000	0.000000	0.000000	0.000000	0.000000	0.000000	0.000000	0.000000	0.000000	0.000000	0.000000	0.000000	0.000000	0.000000	0.000000	0.000000	0.000000	0.000000	0.000000	0.000000	0.000000	0.000000	0.000000	0.000000	0.000000	0.000000	0.000000	0.000000	0.000000	0.000000	0.000000	0.000000	0.000000	0.000000	0.000000	0.000000	0.000000	0.000000	0.000000	0.000000	0.000000	0.000000	0.000000	0.000000	0.000000	0.000000	0.000000	0.000000	0.000000	0.000000	0.000000	0.000000	0.000000	0.000000	0.000000	0.000000	0.000000	0.000000	0.000000	0.000000	0.000000	0.000000	0.000000	0.000000	0.000000	0.000000	0.000000	0.000000	0.000000	0.000000	0.000000	0.000000	0.000000	0.000000	0.000000	0.000000	0.000000	0.000000	0.000000	0.000000	0.000000	0.000000	0.000000	0.000000	0.000000	0.000000	0.000000	0.000000	0.000000	0.000000	0.000000	0.000000	
input11
0.000000	0.000000	0.000000	0.000000	0.000000	0.000000	0.000000	0.000000	0.000000	0.000000	0.000000	0.000000	0.000000	0.000000	0.000000	0.000000	0.000000	0.000000	0.000000	0.000000	0.000000	0.000000	0.000000	0.000000	0.000000	0.000000	0.000000	0.000000	0.000000	0.000000	0.000000	0.000000	0.000000	0.000000	0.000000	0.000000	0.000000	0.000000	0.000000	0.000000	0.000000	0.000000	0.000000	0.000000	0.000000	0.000000	0.000000	0.000000	0.000000	0.000000	0.000000	0.000000	0.000000	0.000000	0.000000	0.000000	0.000000	0.000000	0.000000	0.000000	0.000000	0.000000	0.000000	0.000000	0.000000	0.000000	0.000000	0.000000	0.000000	0.000000	0.000000	0.000000	0.000000	0.000000	0.000000	0.000000	0.000000	0.000000	0.000000	0.000000	0.000000	0.000000	0.000000	0.000000	0.000000	0.000000	0.000000	0.000000	0.000000	0.000000	0.000000	0.000000	0.000000	0.000000	0.000000	0.000000	0.000000	0.000000	0.000000	0.000000	0.000000	0.000000	0.000000	0.000000	0.000000	0.000000	0.000000	0.000000	0.000000	0.000000	0.000000	0.000000	0.000000	0.000000	0.000000	0.000000	
input12
0.000000	0.000000	0.000000	0.000000	0.000000	0.000000	0.000000	0.000000	0.000000	0.000000	0.000000	0.000000	0.000000	0.000000	0.000000	0.000000	0.000000	0.000000	0.000000	0.000000	0.000000	0.000000	0.000000	0.000000	0.000000	0.000000	0.000000	0.000000	0.000000	0.000000	0.000000	0.000000	0.000000	0.000000	0.000000	0.000000	0.000000	0.000000	0.000000	0.000000	0.000000	0.000000	0.000000	0.000000	0.000000	0.000000	0.000000	0.000000	0.000000	0.000000	0.000000	0.000000	0.000000	0.000000	0.000000	0.000000	0.000000	0.000000	0.000000	0.000000	0.000000	0.000000	0.000000	0.000000	0.000000	0.000000	0.000000	0.000000	0.000000	0.000000	0.000000	0.000000	0.000000	0.000000	0.000000	0.000000	0.000000	0.000000	0.000000	0.000000	0.000000	0.000000	0.000000	0.000000	0.000000	0.000000	0.000000	0.000000	0.000000	0.000000	0.000000	0.000000	0.000000	0.000000	0.000000	0.000000	0.000000	0.000000	0.000000	0.000000	0.000000	0.000000	0.000000	0.000000	0.000000	0.000000	0.000000	0.000000	0.000000	0.000000	0.000000	0.000000	0.000000	0.000000	0.000000	0.000000	
input13
0.000000	0.000000	0.000000	0.000000	0.000000	0.000000	0.000000	0.000000	0.000000	0.000000	0.000000	0.000000	0.000000	0.000000	0.000000	0.000000	0.000000	0.000000	0.000000	0.000000	0.000000	0.000000	0.000000	0.000000	0.000000	0.000000	0.000000	0.000000	0.000000	0.000000	0.000000	0.000000	0.000000	0.000000	0.000000	0.000000	0.000000	0.000000	0.000000	0.000000	0.000000	0.000000	0.000000	0.000000	0.000000	0.000000	0.000000	0.000000	0.000000	0.000000	0.000000	0.000000	0.000000	0.000000	0.000000	0.000000	0.000000	0.000000	0.000000	0.000000	0.000000	0.000000	0.000000	0.000000	0.000000	0.000000	0.000000	0.000000	0.000000	0.000000	0.000000	0.000000	0.000000	0.000000	0.000000	0.000000	0.000000	0.000000	0.000000	0.000000	0.000000	0.000000	0.000000	0.000000	0.000000	0.000000	0.000000	0.000000	0.000000	0.000000	0.000000	0.000000	0.000000	0.000000	0.000000	0.000000	0.000000	0.000000	0.000000	0.000000	0.000000	0.000000	0.000000	0.000000	0.000000	0.000000	0.000000	0.000000	0.000000	0.000000	0.000000	0.000000	0.000000	0.000000	0.000000	0.000000	
input14
0.000000	0.000000	0.000000	0.000000	0.000000	0.000000	0.000000	0.000000	0.000000	0.000000	0.000000	0.000000	0.000000	0.000000	0.000000	0.000000	0.000000	0.000000	0.000000	0.000000	0.000000	0.000000	0.000000	0.000000	0.000000	0.000000	0.000000	0.000000	0.000000	0.000000	0.000000	0.000000	0.000000	0.000000	0.000000	0.000000	0.000000	0.000000	0.000000	0.000000	0.000000	0.000000	0.000000	0.000000	0.000000	0.000000	0.000000	0.000000	0.000000	0.000000	0.000000	0.000000	0.000000	0.000000	0.000000	0.000000	0.000000	0.000000	0.000000	0.000000	0.000000	0.000000	0.000000	0.000000	0.000000	0.000000	0.000000	0.000000	0.000000	0.000000	0.000000	0.000000	0.000000	0.000000	0.000000	0.000000	0.000000	0.000000	0.000000	0.000000	0.000000	0.000000	0.000000	0.000000	0.000000	0.000000	0.000000	0.000000	0.000000	0.000000	0.000000	0.000000	0.000000	0.000000	0.000000	0.000000	0.000000	0.000000	0.000000	0.000000	0.000000	0.000000	0.000000	0.000000	0.000000	0.000000	0.000000	0.000000	0.000000	0.000000	0.000000	0.000000	0.000000	0.000000	0.000000	0.000000	
input15
0.000000	0.000000	0.000000	0.000000	0.000000	0.000000	0.000000	0.000000	0.000000	0.000000	0.000000	0.000000	0.000000	0.000000	0.000000	0.000000	0.000000	0.000000	0.000000	3.000000	
output1
54.782432	54.782432	54.782432	54.782432	85.198099	85.213776	85.139962	82.712482	75.661149	68.659975	60.978270	61.820170	62.935478	63.568707	63.382990	63.390286	63.770398	63.197336	62.282478	61.697247	61.393335	62.044357	62.638118	63.007574	63.963478	62.909185	60.754390	60.727258	63.091644	63.501503	65.463073	66.981090	67.191337	66.467958	65.579134	65.066321	64.567712	65.055170	65.285073	65.693140	66.040774	65.058385	65.059636	64.931584	64.651335	64.664972	64.184233	61.980462	57.314358	53.630310	49.770009	46.670394	44.242880	40.219088	35.700019	32.729100	30.161173	28.087764	26.765564	26.212816	26.345088	26.656828	27.700930	31.578029	33.585966	38.045851	43.793853	46.697027	49.272133	53.078468	54.397784	58.637041	61.220081	64.121103	65.522061	69.589793	72.651973	76.557371	78.445559	79.851602	81.544871	81.939876	82.249449	81.514192	81.330056	80.640190	79.424739	78.421647	77.646728	73.329894	72.237408	69.773134	66.038346	61.546757	59.679517	55.534361	50.174397	38.882862	34.065356	29.088509	26.902338	24.963043	24.192918	24.245827	25.006323	25.735749	30.692703	36.000775	38.589948	39.291140	45.997526	50.600433	58.004619	63.607040	68.656161	73.435909	
output2
40.851988	40.851988	40.851988	40.851988	55.997628	56.039686	56.340058	55.148260	50.711514	47.121480	44.401769	45.607945	45.926301	46.025591	46.151011	46.032522	46.324649	46.263838	46.175779	46.018757	46.069222	46.324824	46.101569	45.967332	46.207509	46.206468	46.157634	46.260227	46.492242	46.585839	46.869352	46.966180	46.943723	46.835451	46.896676	47.048584	47.222686	47.402486	47.389153	47.508396	47.477787	47.208635	47.425854	47.473694	47.415794	47.731188	47.754306	47.496330	47.078638	47.052587	47.507952	47.824332	48.062279	48.261198	48.224941	48.211107	48.262676	48.313224	48.258270	48.382982	48.411613	48.405501	48.264562	47.604429	47.528118	47.582597	47.725204	47.942494	47.917909	47.450384	47.392082	47.056321	46.936482	46.894528	46.890246	46.385167	46.232943	46.162699	46.160782	46.152087	46.344804	46.559787	46.689116	46.428808	46.531077	46.476709	46.477158	46.654265	46.616811	47.227596	47.281337	47.101684	46.889948	46.893212	46.878229	46.896700	47.218972	47.631338	47.949884	48.116914	48.327660	48.331136	48.168640	48.284045	48.061825	47.818462	47.101335	46.963481	47.009861	47.387687	46.966717	46.925849	46.253042	45.629573	44.871169	44.696688	
output3
40.851988	40.851988	40.851988	40.851988	55.997628	56.039686	56.340058	55.148260	50.711514	47.121480	44.401769	45.607945	45.926301	46.025591	46.151011	46.032522	46.324649	46.263838	46.175779	46.018757	46.069222	46.324824	46.101569	45.967332	46.207509	46.206468	46.157634	46.260227	46.492242	46.585839	46.869352	46.966180	46.943723	46.835451	46.896676	47.048584	47.222686	47.402486	47.389153	47.508396	47.477787	47.208635	47.425854	47.473694	47.415794	47.731188	47.754306	47.496330	47.078638	47.052587	47.507952	47.824332	48.062279	48.261198	48.224941	48.211107	48.262676	48.313224	48.258270	48.382982	48.411613	48.405501	48.264562	47.604429	47.528118	47.582597	47.725204	47.942494	47.917909	47.450384	47.392082	47.056321	46.936482	46.894528	46.890246	46.385167	46.232943	46.162699	46.160782	46.152087	46.344804	46.559787	46.689116	46.428808	46.531077	46.476709	46.477158	46.654265	46.616811	47.227596	47.281337	47.101684	46.889948	46.893212	46.878229	46.896700	47.218972	47.631338	47.949884	48.116914	48.327660	48.331136	48.168640	48.284045	48.061825	47.818462	47.101335	46.963481	47.009861	47.387687	46.966717	46.925849	46.253042	45.629573	44.871169	44.696688	
output4
1.000000	0.000000	0.000000	1.000000	0.000000	1.000000	-7.638624	-19.724572	-28.903216	57.301099	13.784694	33.108182	47.149412	1.180393	9.190647	47.149412	1.180393	9.190647	0.000000	3.000000	