input0
27.000000
input1
0.000000	0.000000	0.000000	0.000000	0.000000	0.000000	0.000000	0.000000	0.000000	0.000000	0.000000	0.000000	0.000000	0.000000	0.000000	0.000000	0.000000	0.000000	0.000000	0.000000	0.000000	0.000000	0.000000	0.000000	0.000000	0.000000	0.000000	
input2
0.000000	0.000000	0.000000	0.000000	0.000000	0.000000	0.000000	0.000000	0.000000	0.000000	0.000000	0.000000	0.000000	0.000000	0.000000	0.000000	0.000000	0.000000	0.000000	0.000000	0.000000	0.000000	0.000000	0.000000	0.000000	0.000000	0.000000	
input3
0.000000	0.000000	0.000000	0.000000	0.000000	0.000000	0.000000	0.000000	0.000000	0.000000	0.000000	0.000000	0.000000	0.000000	0.000000	0.000000	0.000000	0.000000	0.000000	0.000000	0.000000	0.000000	0.000000	0.000000	0.000000	0.000000	0.000000	
input4
27.747000	27.747000	27.747000	27.747000	17.060000	17.160000	17.547000	18.907000	18.547000	14.860000	6.660000	0.460000	-1.980000	-1.927000	-1.353000	-0.800000	-0.180000	0.487000	1.460000	1.907000	2.147000	2.573000	0.487000	-0.580000	0.087000	1.520000	-0.467000	
input5
-9.120000	-9.120000	-9.120000	-9.120000	-28.873000	-28.860000	-27.220000	-23.160000	-14.160000	-3.387000	8.553000	12.013000	11.840000	11.153000	11.480000	11.093000	10.927000	11.393000	12.127000	12.440000	12.827000	12.327000	11.840000	11.427000	10.353000	11.340000	14.540000	
input6
-46.347000	-46.347000	-46.347000	-46.347000	-78.320000	-78.320000	-78.740000	-77.120000	-71.973000	-66.947000	-60.007000	-60.640000	-61.780000	-62.553000	-62.320000	-62.407000	-62.827000	-62.160000	-61.073000	-60.400000	-60.000000	-60.753000	-61.507000	-61.960000	-63.120000	-61.860000	-58.987000	
input7
0.000000	0.000000	0.000000	0.000000	0.000000	0.000000	0.000000	0.000000	0.000000	0.000000	0.000000	0.000000	0.000000	0.000000	0.000000	0.000000	0.000000	0.000000	0.000000	0.000000	0.000000	0.000000	0.000000	0.000000	0.000000	0.000000	0.000000	
input8
0.000000	0.000000	0.000000	0.000000	0.000000	0.000000	0.000000	0.000000	0.000000	0.000000	0.000000	0.000000	0.000000	0.000000	0.000000	0.000000	0.000000	0.000000	0.000000	0.000000	0.000000	0.000000	0.000000	0.000000	0.000000	0.000000	0.000000	
input9
0.000000	0.000000	0.000000	0.000000	0.000000	0.000000	0.000000	0.000000	0.000000	0.000000	0.000000	0.000000	0.000000	0.000000	0.000000	0.000000	0.000000	0.000000	0.000000	0.000000	0.000000	0.000000	0.000000	0.000000	0.000000	0.000000	0.000000	
input10
0.000000	0.000000	0.000000	0.000000	0.000000	0.000000	0.000000	0.000000	0.000000	0.000000	0.000000	0.000000	0.000000	0.000000	0.000000	0.000000	0.000000	0.000000	0.000000	0.000000	0.000000	0.000000	0.000000	0.000000	0.000000	0.000000	0.000000	
input11
0.000000	0.000000	0.000000	0.000000	0.000000	0.000000	0.000000	0.000000	0.000000	0.000000	0.000000	0.000000	0.000000	0.000000	0.000000	0.000000	0.000000	0.000000	0.000000	0.000000	0.000000	0.000000	0.000000	0.000000	0.000000	0.000000	0.000000	
input12
0.000000	0.000000	0.000000	0.000000	0.000000	0.000000	0.000000	0.000000	0.000000	0.000000	0.000000	0.000000	0.000000	0.000000	0.000000	0.000000	0.000000	0.000000	0.000000	0.000000	0.000000	0.000000	0.000000	0.000000	0.000000	0.000000	0.000000	
input13
0.000000	0.000000	0.000000	0.000000	0.000000	0.000000	0.000000	0.000000	0.000000	0.000000	0.000000	0.000000	0.000000	0.000000	0.000000	0.000000	0.000000	0.000000	0.000000	0.000000	0.000000	0.000000	0.000000	0.000000	0.000000	0.000000	0.000000	
input14
0.000000	0.000000	0.000000	0.000000	0.000000	0.000000	0.000000	0.000000	0.000000	0.000000	0.000000	0.000000	0.000000	0.000000	0.000000	0.000000	0.000000	0.000000	0.000000	0.000000	0.000000	0.000000	0.000000	0.000000	0.000000	0.000000	0.000000	
input15
0.000000	0.000000	0.000000	0.000000	0.000000	0.000000	0.000000	0.000000	0.000000	0.000000	0.000000	0.000000	0.000000	0.000000	0.000000	0.000000	0.000000	0.000000	0.000000	3.000000	
output1
54.782432	54.782432	54.782432	54.782432	85.198099	85.213776	85.139962	82.712482	75.661149	68.659975	60.978270	61.820170	62.935478	63.568707	63.382990	63.390286	63.770398	63.197336	62.282478	61.697247	61.393335	62.044357	62.638118	63.007574	63.963478	62.909185	60.754390	
output2
49.820851	49.820851	49.820851	49.820851	49.699503	49.768410	50.428760	50.675776	49.261903	48.767444	49.241754	49.782275	49.277502	49.018187	49.379882	49.262963	49.503137	49.851881	50.398774	50.581925	50.860089	50.865797	49.973440	49.437919	49.236506	50.057949	51.098788	
output3
49.820851	49.820851	49.820851	49.820851	49.699503	49.768410	50.428760	50.675776	49.261903	48.767444	49.241754	49.782275	49.277502	49.018187	49.379882	49.262963	49.503137	49.851881	50.398774	50.581925	50.860089	50.865797	49.973440	49.437919	49.236506	50.057949	51.098788	
output4
1.000000	0.000000	0.000000	1.000000	0.000000	1.000000	-16.909317	-30.795561	-42.092526	65.386999	6.686182	19.826777	49.841258	0.472637	1.257530	49.841258	0.472637	1.257530	0.000000	3.000000	