input0
319.000000
input1
0.000000	0.000000	0.000000	0.000000	0.000000	0.000000	0.000000	0.000000	0.000000	0.000000	0.000000	0.000000	0.000000	0.000000	0.000000	0.000000	0.000000	0.000000	0.000000	0.000000	0.000000	0.000000	0.000000	0.000000	0.000000	0.000000	0.000000	0.000000	0.000000	0.000000	0.000000	0.000000	0.000000	0.000000	0.000000	0.000000	0.000000	0.000000	0.000000	0.000000	0.000000	0.000000	0.000000	0.000000	0.000000	0.000000	0.000000	0.000000	0.000000	0.000000	0.000000	0.000000	0.000000	0.000000	0.000000	0.000000	0.000000	0.000000	0.000000	0.000000	0.000000	0.000000	0.000000	0.000000	0.000000	0.000000	0.000000	0.000000	0.000000	0.000000	0.000000	0.000000	0.000000	0.000000	0.000000	0.000000	0.000000	0.000000	0.000000	0.000000	0.000000	0.000000	0.000000	0.000000	0.000000	0.000000	0.000000	0.000000	0.000000	0.000000	0.000000	0.000000	0.000000	0.000000	0.000000	0.000000	0.000000	0.000000	0.000000	0.000000	0.000000	0.000000	0.000000	0.000000	0.000000	0.000000	0.000000	0.000000	0.000000	0.000000	0.000000	0.000000	0.000000	0.000000	0.000000	0.000000	0.000000	0.000000	0.000000	0.000000	0.000000	0.000000	0.000000	0.000000	0.000000	0.000000	0.000000	0.000000	0.000000	0.000000	0.000000	0.000000	0.000000	0.000000	0.000000	0.000000	0.000000	0.000000	0.000000	0.000000	0.000000	0.000000	0.000000	0.000000	0.000000	0.000000	0.000000	0.000000	0.000000	0.000000	0.000000	0.000000	0.000000	0.000000	0.000000	0.000000	0.000000	0.000000	0.000000	0.000000	0.000000	0.000000	0.000000	0.000000	0.000000	0.000000	0.000000	0.000000	0.000000	0.000000	0.000000	0.000000	0.000000	0.000000	0.000000	0.000000	0.000000	0.000000	0.000000	0.000000	0.000000	0.000000	0.000000	0.000000	0.000000	0.000000	0.000000	0.000000	0.000000	0.000000	0.000000	0.000000	0.000000	0.000000	0.000000	0.000000	0.000000	0.000000	0.000000	0.000000	0.000000	0.000000	0.000000	0.000000	0.000000	0.000000	0.000000	0.000000	0.000000	0.000000	0.000000	0.000000	0.000000	0.000000	0.000000	0.000000	0.000000	0.000000	0.000000	0.000000	0.000000	0.000000	0.000000	0.000000	0.000000	0.000000	0.000000	0.000000	0.000000	0.000000	0.000000	0.000000	0.000000	0.000000	0.000000	0.000000	0.000000	0.000000	0.000000	0.000000	0.000000	0.000000	0.000000	0.000000	0.000000	0.000000	0.000000	0.000000	0.000000	0.000000	0.000000	0.000000	0.000000	0.000000	0.000000	0.000000	0.000000	0.000000	0.000000	0.000000	0.000000	0.000000	0.000000	0.000000	0.000000	0.000000	0.000000	0.000000	0.000000	0.000000	0.000000	0.000000	0.000000	0.000000	0.000000	0.000000	0.000000	0.000000	0.000000	0.000000	0.000000	0.000000	0.000000	0.000000	0.000000	0.000000	0.000000	0.000000	0.000000	0.000000	0.000000	0.000000	0.000000	0.000000	0.000000	0.000000	0.000000	0.000000	0.000000	0.000000	0.000000	0.000000	0.000000	0.000000	0.000000	0.000000	0.000000	0.000000	0.000000	0.000000	0.000000	0.000000	0.000000	0.000000	0.000000	0.000000	0.000000	0.000000	0.000000	
input2
0.000000	0.000000	0.000000	0.000000	0.000000	0.000000	0.000000	0.000000	0.000000	0.000000	0.000000	0.000000	0.000000	0.000000	0.000000	0.000000	0.000000	0.000000	0.000000	0.000000	0.000000	0.000000	0.000000	0.000000	0.000000	0.000000	0.000000	0.000000	0.000000	0.000000	0.000000	0.000000	0.000000	0.000000	0.000000	0.000000	0.000000	0.000000	0.000000	0.000000	0.000000	0.000000	0.000000	0.000000	0.000000	0.000000	0.000000	0.000000	0.000000	0.000000	0.000000	0.000000	0.000000	0.000000	0.000000	0.000000	0.000000	0.000000	0.000000	0.000000	0.000000	0.000000	0.000000	0.000000	0.000000	0.000000	0.000000	0.000000	0.000000	0.000000	0.000000	0.000000	0.000000	0.000000	0.000000	0.000000	0.000000	0.000000	0.000000	0.000000	0.000000	0.000000	0.000000	0.000000	0.000000	0.000000	0.000000	0.000000	0.000000	0.000000	0.000000	0.000000	0.000000	0.000000	0.000000	0.000000	0.000000	0.000000	0.000000	0.000000	0.000000	0.000000	0.000000	0.000000	0.000000	0.000000	0.000000	0.000000	0.000000	0.000000	0.000000	0.000000	0.000000	0.000000	0.000000	0.000000	0.000000	0.000000	0.000000	0.000000	0.000000	0.000000	0.000000	0.000000	0.000000	0.000000	0.000000	0.000000	0.000000	0.000000	0.000000	0.000000	0.000000	0.000000	0.000000	0.000000	0.000000	0.000000	0.000000	0.000000	0.000000	0.000000	0.000000	0.000000	0.000000	0.000000	0.000000	0.000000	0.000000	0.000000	0.000000	0.000000	0.000000	0.000000	0.000000	0.000000	0.000000	0.000000	0.000000	0.000000	0.000000	0.000000	0.000000	0.000000	0.000000	0.000000	0.000000	0.000000	0.000000	0.000000	0.000000	0.000000	0.000000	0.000000	0.000000	0.000000	0.000000	0.000000	0.000000	0.000000	0.000000	0.000000	0.000000	0.000000	0.000000	0.000000	0.000000	0.000000	0.000000	0.000000	0.000000	0.000000	0.000000	0.000000	0.000000	0.000000	0.000000	0.000000	0.000000	0.000000	0.000000	0.000000	0.000000	0.000000	0.000000	0.000000	0.000000	0.000000	0.000000	0.000000	0.000000	0.000000	0.000000	0.000000	0.000000	0.000000	0.000000	0.000000	0.000000	0.000000	0.000000	0.000000	0.000000	0.000000	0.000000	0.000000	0.000000	0.000000	0.000000	0.000000	0.000000	0.000000	0.000000	0.000000	0.000000	0.000000	0.000000	0.000000	0.000000	0.000000	0.000000	0.000000	0.000000	0.000000	0.000000	0.000000	0.000000	0.000000	0.000000	0.000000	0.000000	0.000000	0.000000	0.000000	0.000000	0.000000	0.000000	0.000000	0.000000	0.000000	0.000000	0.000000	0.000000	0.000000	0.000000	0.000000	0.000000	0.000000	0.000000	0.000000	0.000000	0.000000	0.000000	0.000000	0.000000	0.000000	0.000000	0.000000	0.000000	0.000000	0.000000	0.000000	0.000000	0.000000	0.000000	0.000000	0.000000	0.000000	0.000000	0.000000	0.000000	0.000000	0.000000	0.000000	0.000000	0.000000	0.000000	0.000000	0.000000	0.000000	0.000000	0.000000	0.000000	0.000000	0.000000	0.000000	0.000000	0.000000	0.000000	0.000000	0.000000	0.000000	0.000000	0.000000	0.000000	0.000000	0.000000	0.000000	0.000000	
input3
0.000000	0.000000	0.000000	0.000000	0.000000	0.000000	0.000000	0.000000	0.000000	0.000000	0.000000	0.000000	0.000000	0.000000	0.000000	0.000000	0.000000	0.000000	0.000000	0.000000	0.000000	0.000000	0.000000	0.000000	0.000000	0.000000	0.000000	0.000000	0.000000	0.000000	0.000000	0.000000	0.000000	0.000000	0.000000	0.000000	0.000000	0.000000	0.000000	0.000000	0.000000	0.000000	0.000000	0.000000	0.000000	0.000000	0.000000	0.000000	0.000000	0.000000	0.000000	0.000000	0.000000	0.000000	0.000000	0.000000	0.000000	0.000000	0.000000	0.000000	0.000000	0.000000	0.000000	0.000000	0.000000	0.000000	0.000000	0.000000	0.000000	0.000000	0.000000	0.000000	0.000000	0.000000	0.000000	0.000000	0.000000	0.000000	0.000000	0.000000	0.000000	0.000000	0.000000	0.000000	0.000000	0.000000	0.000000	0.000000	0.000000	0.000000	0.000000	0.000000	0.000000	0.000000	0.000000	0.000000	0.000000	0.000000	0.000000	0.000000	0.000000	0.000000	0.000000	0.000000	0.000000	0.000000	0.000000	0.000000	0.000000	0.000000	0.000000	0.000000	0.000000	0.000000	0.000000	0.000000	0.000000	0.000000	0.000000	0.000000	0.000000	0.000000	0.000000	0.000000	0.000000	0.000000	0.000000	0.000000	0.000000	0.000000	0.000000	0.000000	0.000000	0.000000	0.000000	0.000000	0.000000	0.000000	0.000000	0.000000	0.000000	0.000000	0.000000	0.000000	0.000000	0.000000	0.000000	0.000000	0.000000	0.000000	0.000000	0.000000	0.000000	0.000000	0.000000	0.000000	0.000000	0.000000	0.000000	0.000000	0.000000	0.000000	0.000000	0.000000	0.000000	0.000000	0.000000	0.000000	0.000000	0.000000	0.000000	0.000000	0.000000	0.000000	0.000000	0.000000	0.000000	0.000000	0.000000	0.000000	0.000000	0.000000	0.000000	0.000000	0.000000	0.000000	0.000000	0.000000	0.000000	0.000000	0.000000	0.000000	0.000000	0.000000	0.000000	0.000000	0.000000	0.000000	0.000000	0.000000	0.000000	0.000000	0.000000	0.000000	0.000000	0.000000	0.000000	0.000000	0.000000	0.000000	0.000000	0.000000	0.000000	0.000000	0.000000	0.000000	0.000000	0.000000	0.000000	0.000000	0.000000	0.000000	0.000000	0.000000	0.000000	0.000000	0.000000	0.000000	0.000000	0.000000	0.000000	0.000000	0.000000	0.000000	0.000000	0.000000	0.000000	0.000000	0.000000	0.000000	0.000000	0.000000	0.000000	0.000000	0.000000	0.000000	0.000000	0.000000	0.000000	0.000000	0.000000	0.000000	0.000000	0.000000	0.000000	0.000000	0.000000	0.000000	0.000000	0.000000	0.000000	0.000000	0.000000	0.000000	0.000000	0.000000	0.000000	0.000000	0.000000	0.000000	0.000000	0.000000	0.000000	0.000000	0.000000	0.000000	0.000000	0.000000	0.000000	0.000000	0.000000	0.000000	0.000000	0.000000	0.000000	0.000000	0.000000	0.000000	0.000000	0.000000	0.000000	0.000000	0.000000	0.000000	0.000000	0.000000	0.000000	0.000000	0.000000	0.000000	0.000000	0.000000	0.000000	0.000000	0.000000	0.000000	0.000000	0.000000	0.000000	0.000000	0.000000	0.000000	0.000000	0.000000	0.000000	0.000000	0.000000	0.000000	0.000000	
input4
27.747000	27.747000	27.747000	27.747000	17.060000	17.160000	17.547000	18.907000	18.547000	14.860000	6.660000	0.460000	-1.980000	-1.927000	-1.353000	-0.800000	-0.180000	0.487000	1.460000	1.907000	2.147000	2.573000	0.487000	-0.580000	0.087000	1.520000	-0.467000	-1.867000	-7.767000	-10.593000	-10.593000	-13.027000	-13.640000	-14.200000	-15.040000	-16.113000	-17.480000	-18.440000	-19.127000	-20.440000	-20.900000	-21.100000	-22.153000	-22.867000	-23.300000	-22.627000	-22.800000	-22.827000	-22.267000	-21.793000	-21.393000	-20.940000	-20.800000	-20.893000	-21.353000	-22.080000	-22.853000	-23.480000	-23.813000	-23.927000	-23.853000	-23.293000	-22.793000	-22.180000	-22.067000	-22.200000	-22.313000	-22.353000	-22.567000	-23.000000	-23.200000	-23.980000	-24.367000	-24.853000	-25.113000	-25.127000	-25.200000	-25.127000	-25.053000	-25.440000	-25.527000	-25.353000	-24.453000	-22.800000	-22.500000	-21.913000	-21.780000	-22.427000	-22.653000	-23.367000	-23.167000	-23.067000	-22.853000	-22.953000	-23.280000	-23.953000	-24.393000	-24.413000	-23.993000	-23.653000	-22.953000	-22.027000	-21.467000	-21.367000	-20.867000	-20.680000	-20.440000	-21.113000	-21.400000	-22.640000	-22.640000	-23.500000	-24.880000	-25.627000	-26.053000	-26.227000	-24.980000	-24.567000	-23.813000	-22.313000	-21.827000	-21.467000	-21.353000	-21.667000	-21.827000	-22.367000	-25.093000	-25.913000	-26.000000	-25.767000	-25.340000	-25.327000	-24.140000	-22.853000	-20.253000	-19.653000	-19.727000	-20.153000	-21.253000	-22.553000	-23.567000	-24.513000	-24.453000	-24.227000	-24.100000	-24.127000	-24.053000	-22.940000	-20.680000	-21.227000	-21.213000	-21.040000	-21.440000	-25.380000	-29.880000	-35.267000	-37.727000	-41.540000	-44.213000	-44.480000	-44.827000	-45.667000	-46.993000	-50.440000	-54.380000	-55.867000	-56.440000	-54.500000	-53.613000	-49.780000	-49.780000	-47.840000	-36.280000	-28.993000	-20.967000	-8.900000	-0.913000	10.700000	17.700000	23.860000	30.747000	33.860000	34.220000	34.007000	32.687000	30.073000	26.200000	26.200000	18.107000	9.560000	3.273000	-3.713000	-15.680000	-15.680000	-22.993000	-36.227000	-42.227000	-45.040000	-53.627000	-55.480000	-55.753000	-55.013000	-46.893000	-40.127000	-32.293000	-15.800000	-6.740000	2.673000	15.533000	21.860000	27.000000	27.000000	32.887000	33.920000	34.047000	32.787000	26.407000	23.460000	12.973000	5.233000	-3.213000	-11.727000	-24.527000	-32.140000	-35.413000	-35.413000	-48.100000	-52.393000	-55.900000	-56.100000	-55.780000	-53.327000	-50.227000	-46.193000	-41.453000	-33.000000	-25.893000	-17.353000	-17.353000	-3.293000	5.607000	9.960000	20.587000	26.060000	30.107000	32.247000	33.547000	33.047000	30.547000	23.673000	20.787000	11.007000	11.007000	-0.240000	-8.493000	-21.813000	-29.240000	-34.893000	-34.893000	-40.940000	-44.140000	-47.540000	-49.240000	-50.667000	-50.667000	-52.013000	-53.180000	-53.180000	-53.200000	-52.313000	-52.667000	-53.513000	-55.453000	-55.840000	-55.413000	-53.167000	-49.953000	-44.113000	-40.113000	-35.893000	-27.767000	-24.040000	-11.140000	3.660000	12.120000	21.987000	21.987000	29.200000	30.300000	33.060000	32.960000	31.873000	31.873000	27.247000	22.947000	22.947000	15.533000	6.707000	-1.693000	-6.640000	-26.900000	-35.740000	-47.700000	-51.380000	-53.693000	-54.667000	-54.800000	-52.513000	-48.813000	-43.480000	-33.980000	-27.667000	-20.013000	-12.600000	0.107000	4.473000	18.787000	23.987000	27.747000	
input5
-9.120000	-9.120000	-9.120000	-9.120000	-28.873000	-28.860000	-27.220000	-23.160000	-14.160000	-3.387000	8.553000	12.013000	11.840000	11.153000	11.480000	11.093000	10.927000	11.393000	12.127000	12.440000	12.827000	12.327000	11.840000	11.427000	10.353000	11.340000	14.540000	15.113000	13.853000	13.853000	11.727000	9.893000	9.567000	10.493000	11.927000	12.927000	13.880000	13.540000	13.180000	12.767000	12.200000	13.000000	13.280000	13.440000	13.627000	14.267000	14.867000	16.867000	20.400000	22.740000	24.953000	26.067000	26.500000	26.200000	24.367000	22.100000	19.127000	15.413000	11.493000	7.553000	2.593000	-1.047000	-5.633000	-15.547000	-19.307000	-26.500000	-35.047000	-39.073000	-42.520000	-47.400000	-48.947000	-53.507000	-56.000000	-58.447000	-59.473000	-61.747000	-62.460000	-61.433000	-59.507000	-56.500000	-49.647000	-47.973000	-42.700000	-34.660000	-32.320000	-28.133000	-22.100000	-17.447000	-14.860000	-1.407000	1.093000	5.413000	10.893000	16.293000	18.000000	20.993000	23.693000	23.700000	21.593000	16.813000	13.840000	9.680000	5.893000	4.527000	-1.760000	-4.700000	-16.100000	-24.487000	-28.273000	-28.273000	-38.347000	-44.107000	-52.387000	-57.300000	-59.900000	-60.173000	-51.360000	-48.900000	-44.907000	-36.760000	-31.833000	-28.487000	-20.820000	-9.807000	-3.807000	0.893000	13.713000	18.900000	22.553000	24.113000	23.267000	19.753000	12.500000	6.867000	-3.087000	-10.860000	-18.673000	-26.960000	-34.673000	-43.147000	-48.360000	-57.360000	-60.333000	-61.807000	-60.360000	-56.500000	-50.807000	-40.900000	-19.533000	-12.600000	11.513000	14.593000	16.053000	14.680000	11.480000	5.940000	2.167000	-6.800000	-18.707000	-25.673000	-26.960000	-28.107000	-28.733000	-29.060000	-28.807000	-28.360000	-28.233000	-28.300000	-28.200000	-28.200000	-27.687000	-27.587000	-27.300000	-27.160000	-27.307000	-27.887000	-28.233000	-28.660000	-28.320000	-27.820000	-27.247000	-26.787000	-26.533000	-26.387000	-26.273000	-26.500000	-26.500000	-26.547000	-26.933000	-26.947000	-27.273000	-27.587000	-27.587000	-28.173000	-28.833000	-29.587000	-29.720000	-29.747000	-29.460000	-28.933000	-28.807000	-28.400000	-28.747000	-28.547000	-28.547000	-27.900000	-27.807000	-27.500000	-27.487000	-27.300000	-27.300000	-27.447000	-27.607000	-27.847000	-27.947000	-28.007000	-28.507000	-28.660000	-28.920000	-28.747000	-28.620000	-28.620000	-28.600000	-28.507000	-28.507000	-28.487000	-28.200000	-28.033000	-27.720000	-27.947000	-28.120000	-28.700000	-28.747000	-28.507000	-28.387000	-28.033000	-28.507000	-28.507000	-28.820000	-29.233000	-29.160000	-28.887000	-28.287000	-27.833000	-27.600000	-27.520000	-27.360000	-27.333000	-27.300000	-27.187000	-27.220000	-27.220000	-26.920000	-26.660000	-26.707000	-27.147000	-27.200000	-27.200000	-27.320000	-27.820000	-28.247000	-28.533000	-26.473000	-26.473000	-22.700000	-17.407000	-17.407000	-8.700000	-2.607000	0.613000	0.667000	-1.000000	-7.387000	-11.033000	-24.987000	-34.760000	-43.047000	-50.747000	-54.007000	-56.833000	-60.307000	-61.247000	-62.307000	-59.673000	-55.773000	-55.773000	-48.287000	-39.107000	-37.187000	-25.587000	-17.147000	-17.147000	-7.600000	4.913000	4.913000	11.040000	17.927000	22.713000	24.640000	25.067000	22.067000	17.627000	7.027000	1.540000	-4.073000	-11.100000	-19.260000	-33.007000	-41.433000	-48.520000	-56.587000	-59.787000	-61.773000	-62.447000	-60.987000	-59.773000	-51.387000	-46.087000	-41.100000	
input6
-46.347000	-46.347000	-46.347000	-46.347000	-78.320000	-78.320000	-78.740000	-77.120000	-71.973000	-66.947000	-60.007000	-60.640000	-61.780000	-62.553000	-62.320000	-62.407000	-62.827000	-62.160000	-61.073000	-60.400000	-60.000000	-60.753000	-61.507000	-61.960000	-63.120000	-61.860000	-58.987000	-58.787000	-61.060000	-61.060000	-63.527000	-64.953000	-65.093000	-64.080000	-62.707000	-61.700000	-60.587000	-60.900000	-61.013000	-61.113000	-61.447000	-60.153000	-59.713000	-59.267000	-58.747000	-58.873000	-58.127000	-55.100000	-48.713000	-43.407000	-37.373000	-32.560000	-28.680000	-22.240000	-14.993000	-9.760000	-4.647000	0.227000	4.153000	7.587000	10.880000	12.920000	14.700000	16.233000	16.380000	15.887000	13.847000	12.420000	10.513000	6.447000	5.007000	-0.513000	-4.260000	-8.820000	-11.200000	-19.967000	-27.240000	-38.153000	-44.553000	-50.367000	-59.440000	-61.400000	-65.907000	-70.167000	-71.160000	-72.327000	-73.113000	-73.093000	-72.767000	-69.493000	-68.413000	-65.627000	-60.993000	-54.733000	-51.920000	-45.493000	-36.893000	-18.820000	-10.887000	-2.000000	2.313000	6.653000	9.473000	10.527000	13.667000	14.580000	16.280000	15.833000	15.227000	15.227000	11.520000	7.920000	-1.060000	-10.287000	-21.140000	-32.927000	-57.200000	-60.393000	-64.867000	-69.867000	-71.207000	-71.940000	-72.813000	-71.967000	-70.273000	-68.207000	-55.253000	-47.253000	-38.227000	-29.860000	-18.407000	-8.167000	2.140000	7.360000	13.873000	15.873000	16.527000	16.073000	13.980000	9.060000	4.740000	-7.807000	-17.067000	-26.533000	-37.767000	-48.267000	-56.720000	-66.407000	-73.313000	-72.287000	-61.593000	-58.787000	-57.227000	-56.247000	-56.547000	-56.727000	-56.900000	-58.313000	-59.693000	-59.573000	-58.800000	-57.653000	-55.653000	-49.567000	-40.853000	-34.867000	-29.400000	-14.420000	-11.547000	-11.547000	-3.140000	-0.527000	9.260000	13.560000	15.867000	16.187000	14.780000	10.113000	5.400000	-1.287000	-11.840000	-21.607000	-27.867000	-33.620000	-42.100000	-47.540000	-47.540000	-53.367000	-62.353000	-68.573000	-70.987000	-72.147000	-72.147000	-72.620000	-71.427000	-64.947000	-59.340000	-55.940000	-41.900000	-33.120000	-28.980000	-17.140000	-1.727000	4.793000	10.967000	16.267000	15.660000	13.500000	7.353000	1.913000	1.913000	-4.307000	-17.727000	-25.087000	-32.060000	-39.753000	-51.333000	-55.007000	-65.347000	-69.700000	-71.733000	-71.733000	-70.860000	-68.060000	-68.060000	-66.040000	-52.600000	-44.853000	-33.140000	-26.487000	-19.927000	-11.127000	-5.253000	0.467000	5.607000	11.547000	14.040000	14.040000	15.320000	15.393000	12.460000	10.427000	2.780000	-3.413000	-11.073000	-18.600000	-30.680000	-37.753000	-45.140000	-55.987000	-59.640000	-59.640000	-68.153000	-72.080000	-72.560000	-71.360000	-69.540000	-69.540000	-66.953000	-62.533000	-59.520000	-55.387000	-53.513000	-53.513000	-51.133000	-47.927000	-47.927000	-42.467000	-38.100000	-36.420000	-35.367000	-34.667000	-33.960000	-33.773000	-34.373000	-35.067000	-35.720000	-36.920000	-37.493000	-38.180000	-38.647000	-38.413000	-38.440000	-38.273000	-37.627000	-37.627000	-36.967000	-37.247000	-37.527000	-38.707000	-39.307000	-39.307000	-39.807000	-39.987000	-39.987000	-40.227000	-40.173000	-39.987000	-39.360000	-38.993000	-38.407000	-37.760000	-36.193000	-35.633000	-35.867000	-37.140000	-38.600000	-40.033000	-40.633000	-40.807000	-40.913000	-40.640000	-40.113000	-39.113000	-38.067000	-37.567000	-36.813000	-36.700000	-36.900000	
input7
0.000000	0.000000	0.000000	0.000000	0.000000	0.000000	0.000000	0.000000	0.000000	0.000000	0.000000	0.000000	0.000000	0.000000	0.000000	0.000000	0.000000	0.000000	0.000000	0.000000	0.000000	0.000000	0.000000	0.000000	0.000000	0.000000	0.000000	0.000000	0.000000	0.000000	0.000000	0.000000	0.000000	0.000000	0.000000	0.000000	0.000000	0.000000	0.000000	0.000000	0.000000	0.000000	0.000000	0.000000	0.000000	0.000000	0.000000	0.000000	0.000000	0.000000	0.000000	0.000000	0.000000	0.000000	0.000000	0.000000	0.000000	0.000000	0.000000	0.000000	0.000000	0.000000	0.000000	0.000000	0.000000	0.000000	0.000000	0.000000	0.000000	0.000000	0.000000	0.000000	0.000000	0.000000	0.000000	0.000000	0.000000	0.000000	0.000000	0.000000	0.000000	0.000000	0.000000	0.000000	0.000000	0.000000	0.000000	0.000000	0.000000	0.000000	0.000000	0.000000	0.000000	0.000000	0.000000	0.000000	0.000000	0.000000	0.000000	0.000000	0.000000	0.000000	0.000000	0.000000	0.000000	0.000000	0.000000	0.000000	0.000000	0.000000	0.000000	0.000000	0.000000	0.000000	0.000000	0.000000	0.000000	0.000000	0.000000	0.000000	0.000000	0.000000	0.000000	0.000000	0.000000	0.000000	0.000000	0.000000	0.000000	0.000000	0.000000	0.000000	0.000000	0.000000	0.000000	0.000000	0.000000	0.000000	0.000000	0.000000	0.000000	0.000000	0.000000	0.000000	0.000000	0.000000	0.000000	0.000000	0.000000	0.000000	0.000000	0.000000	0.000000	0.000000	0.000000	0.000000	0.000000	0.000000	0.000000	0.000000	0.000000	0.000000	0.000000	0.000000	0.000000	0.000000	0.000000	0.000000	0.000000	0.000000	0.000000	0.000000	0.000000	0.000000	0.000000	0.000000	0.000000	0.000000	0.000000	0.000000	0.000000	0.000000	0.000000	0.000000	0.000000	0.000000	0.000000	0.000000	0.000000	0.000000	0.000000	0.000000	0.000000	0.000000	0.000000	0.000000	0.000000	0.000000	0.000000	0.000000	0.000000	0.000000	0.000000	0.000000	0.000000	0.000000	0.000000	0.000000	0.000000	0.000000	0.000000	0.000000	0.000000	0.000000	0.000000	0.000000	0.000000	0.000000	0.000000	0.000000	0.000000	0.000000	0.000000	0.000000	0.000000	0.000000	0.000000	0.000000	0.000000	0.000000	0.000000	0.000000	0.000000	0.000000	0.000000	0.000000	0.000000	0.000000	0.000000	0.000000	0.000000	0.000000	0.000000	0.000000	0.000000	0.000000	0.000000	0.000000	0.000000	0.000000	0.000000	0.000000	0.000000	0.000000	0.000000	0.000000	0.000000	0.000000	0.000000	0.000000	0.000000	0.000000	0.000000	0.000000	0.000000	0.000000	0.000000	0.000000	0.000000	0.000000	0.000000	0.000000	0.000000	0.000000	0.000000	0.000000	0.000000	0.000000	0.000000	0.000000	0.000000	0.000000	0.000000	0.000000	0.000000	0.000000	0.000000	0.000000	0.000000	0.000000	0.000000	0.000000	0.000000	0.000000	0.000000	0.000000	0.000000	0.000000	0.000000	0.000000	0.000000	0.000000	0.000000	0.000000	0.000000	0.000000	0.000000	0.000000	0.000000	0.000000	0.000000	0.000000	0.000000	0.000000	0.000000	0.000000	0.000000	0.000000	0.000000	
input8
0.000000	0.000000	0.000000	0.000000	0.000000	0.000000	0.000000	0.000000	0.000000	0.000000	0.000000	0.000000	0.000000	0.000000	0.000000	0.000000	0.000000	0.000000	0.000000	0.000000	0.000000	0.000000	0.000000	0.000000	0.000000	0.000000	0.000000	0.000000	0.000000	0.000000	0.000000	0.000000	0.000000	0.000000	0.000000	0.000000	0.000000	0.000000	0.000000	0.000000	0.000000	0.000000	0.000000	0.000000	0.000000	0.000000	0.000000	0.000000	0.000000	0.000000	0.000000	0.000000	0.000000	0.000000	0.000000	0.000000	0.000000	0.000000	0.000000	0.000000	0.000000	0.000000	0.000000	0.000000	0.000000	0.000000	0.000000	0.000000	0.000000	0.000000	0.000000	0.000000	0.000000	0.000000	0.000000	0.000000	0.000000	0.000000	0.000000	0.000000	0.000000	0.000000	0.000000	0.000000	0.000000	0.000000	0.000000	0.000000	0.000000	0.000000	0.000000	0.000000	0.000000	0.000000	0.000000	0.000000	0.000000	0.000000	0.000000	0.000000	0.000000	0.000000	0.000000	0.000000	0.000000	0.000000	0.000000	0.000000	0.000000	0.000000	0.000000	0.000000	0.000000	0.000000	0.000000	0.000000	0.000000	0.000000	0.000000	0.000000	0.000000	0.000000	0.000000	0.000000	0.000000	0.000000	0.000000	0.000000	0.000000	0.000000	0.000000	0.000000	0.000000	0.000000	0.000000	0.000000	0.000000	0.000000	0.000000	0.000000	0.000000	0.000000	0.000000	0.000000	0.000000	0.000000	0.000000	0.000000	0.000000	0.000000	0.000000	0.000000	0.000000	0.000000	0.000000	0.000000	0.000000	0.000000	0.000000	0.000000	0.000000	0.000000	0.000000	0.000000	0.000000	0.000000	0.000000	0.000000	0.000000	0.000000	0.000000	0.000000	0.000000	0.000000	0.000000	0.000000	0.000000	0.000000	0.000000	0.000000	0.000000	0.000000	0.000000	0.000000	0.000000	0.000000	0.000000	0.000000	0.000000	0.000000	0.000000	0.000000	0.000000	0.000000	0.000000	0.000000	0.000000	0.000000	0.000000	0.000000	0.000000	0.000000	0.000000	0.000000	0.000000	0.000000	0.000000	0.000000	0.000000	0.000000	0.000000	0.000000	0.000000	0.000000	0.000000	0.000000	0.000000	0.000000	0.000000	0.000000	0.000000	0.000000	0.000000	0.000000	0.000000	0.000000	0.000000	0.000000	0.000000	0.000000	0.000000	0.000000	0.000000	0.000000	0.000000	0.000000	0.000000	0.000000	0.000000	0.000000	0.000000	0.000000	0.000000	0.000000	0.000000	0.000000	0.000000	0.000000	0.000000	0.000000	0.000000	0.000000	0.000000	0.000000	0.000000	0.000000	0.000000	0.000000	0.000000	0.000000	0.000000	0.000000	0.000000	0.000000	0.000000	0.000000	0.000000	0.000000	0.000000	0.000000	0.000000	0.000000	0.000000	0.000000	0.000000	0.000000	0.000000	0.000000	0.000000	0.000000	0.000000	0.000000	0.000000	0.000000	0.000000	0.000000	0.000000	0.000000	0.000000	0.000000	0.000000	0.000000	0.000000	0.000000	0.000000	0.000000	0.000000	0.000000	0.000000	0.000000	0.000000	0.000000	0.000000	0.000000	0.000000	0.000000	0.000000	0.000000	0.000000	0.000000	0.000000	0.000000	0.000000	0.000000	0.000000	0.000000	0.000000	0.000000	0.000000	
input9
0.000000	0.000000	0.000000	0.000000	0.000000	0.000000	0.000000	0.000000	0.000000	0.000000	0.000000	0.000000	0.000000	0.000000	0.000000	0.000000	0.000000	0.000000	0.000000	0.000000	0.000000	0.000000	0.000000	0.000000	0.000000	0.000000	0.000000	0.000000	0.000000	0.000000	0.000000	0.000000	0.000000	0.000000	0.000000	0.000000	0.000000	0.000000	0.000000	0.000000	0.000000	0.000000	0.000000	0.000000	0.000000	0.000000	0.000000	0.000000	0.000000	0.000000	0.000000	0.000000	0.000000	0.000000	0.000000	0.000000	0.000000	0.000000	0.000000	0.000000	0.000000	0.000000	0.000000	0.000000	0.000000	0.000000	0.000000	0.000000	0.000000	0.000000	0.000000	0.000000	0.000000	0.000000	0.000000	0.000000	0.000000	0.000000	0.000000	0.000000	0.000000	0.000000	0.000000	0.000000	0.000000	0.000000	0.000000	0.000000	0.000000	0.000000	0.000000	0.000000	0.000000	0.000000	0.000000	0.000000	0.000000	0.000000	0.000000	0.000000	0.000000	0.000000	0.000000	0.000000	0.000000	0.000000	0.000000	0.000000	0.000000	0.000000	0.000000	0.000000	0.000000	0.000000	0.000000	0.000000	0.000000	0.000000	0.000000	0.000000	0.000000	0.000000	0.000000	0.000000	0.000000	0.000000	0.000000	0.000000	0.000000	0.000000	0.000000	0.000000	0.000000	0.000000	0.000000	0.000000	0.000000	0.000000	0.000000	0.000000	0.000000	0.000000	0.000000	0.000000	0.000000	0.000000	0.000000	0.000000	0.000000	0.000000	0.000000	0.000000	0.000000	0.000000	0.000000	0.000000	0.000000	0.000000	0.000000	0.000000	0.000000	0.000000	0.000000	0.000000	0.000000	0.000000	0.000000	0.000000	0.000000	0.000000	0.000000	0.000000	0.000000	0.000000	0.000000	0.000000	0.000000	0.000000	0.000000	0.000000	0.000000	0.000000	0.000000	0.000000	0.000000	0.000000	0.000000	0.000000	0.000000	0.000000	0.000000	0.000000	0.000000	0.000000	0.000000	0.000000	0.000000	0.000000	0.000000	0.000000	0.000000	0.000000	0.000000	0.000000	0.000000	0.000000	0.000000	0.000000	0.000000	0.000000	0.000000	0.000000	0.000000	0.000000	0.000000	0.000000	0.000000	0.000000	0.000000	0.000000	0.000000	0.000000	0.000000	0.000000	0.000000	0.000000	0.000000	0.000000	0.000000	0.000000	0.000000	0.000000	0.000000	0.000000	0.000000	0.000000	0.000000	0.000000	0.000000	0.000000	0.000000	0.000000	0.000000	0.000000	0.000000	0.000000	0.000000	0.000000	0.000000	0.000000	0.000000	0.000000	0.000000	0.000000	0.000000	0.000000	0.000000	0.000000	0.000000	0.000000	0.000000	0.000000	0.000000	0.000000	0.000000	0.000000	0.000000	0.000000	0.000000	0.000000	0.000000	0.000000	0.000000	0.000000	0.000000	0.000000	0.000000	0.000000	0.000000	0.000000	0.000000	0.000000	0.000000	0.000000	0.000000	0.000000	0.000000	0.000000	0.000000	0.000000	0.000000	0.000000	0.000000	0.000000	0.000000	0.000000	0.000000	0.000000	0.000000	0.000000	0.000000	0.000000	0.000000	0.000000	0.000000	0.000000	0.000000	0.000000	0.000000	0.000000	0.000000	0.000000	0.000000	0.000000	0.000000	0.000000	0.000000	0.000000	0.000000	
input10
0.000000	0.000000	0.000000	0.000000	0.000000	0.000000	0.000000	0.000000	0.000000	0.000000	0.000000	0.000000	0.000000	0.000000	0.000000	0.000000	0.000000	0.000000	0.000000	0.000000	0.000000	0.000000	0.000000	0.000000	0.000000	0.000000	0.000000	0.000000	0.000000	0.000000	0.000000	0.000000	0.000000	0.000000	0.000000	0.000000	0.000000	0.000000	0.000000	0.000000	0.000000	0.000000	0.000000	0.000000	0.000000	0.000000	0.000000	0.000000	0.000000	0.000000	0.000000	0.000000	0.000000	0.000000	0.000000	0.000000	0.000000	0.000000	0.000000	0.000000	0.000000	0.000000	0.000000	0.000000	0.000000	0.000000	0.000000	0.000000	0.000000	0.000000	0.000000	0.000000	0.000000	0.000000	0.000000	0.000000	0.000000	0.000000	0.000000	0.000000	0.000000	0.000000	0.000000	0.000000	0.000000	0.000000	0.000000	0.000000	0.000000	0.000000	0.000000	0.000000	0.000000	0.000000	0.000000	0.000000	0.000000	0.000000	0.000000	0.000000	0.000000	0.000000	0.000000	0.000000	0.000000	0.000000	0.000000	0.000000	0.000000	0.000000	0.000000	0.000000	0.000000	0.000000	0.000000	0.000000	0.000000	0.000000	0.000000	0.000000	0.000000	0.000000	0.000000	0.000000	0.000000	0.000000	0.000000	0.000000	0.000000	0.000000	0.000000	0.000000	0.000000	0.000000	0.000000	0.000000	0.000000	0.000000	0.000000	0.000000	0.000000	0.000000	0.000000	0.000000	0.000000	0.000000	0.000000	0.000000	0.000000	0.000000	0.000000	0.000000	0.000000	0.000000	0.000000	0.000000	0.000000	0.000000	0.000000	0.000000	0.000000	0.000000	0.000000	0.000000	0.000000	0.000000	0.000000	0.000000	0.000000	0.000000	0.000000	0.000000	0.000000	0.000000	0.000000	0.000000	0.000000	0.000000	0.000000	0.000000	0.000000	0.000000	0.000000	0.000000	0.000000	0.000000	0.000000	0.000000	0.000000	0.000000	0.000000	0.000000	0.000000	0.000000	0.000000	0.000000	0.000000	0.000000	0.000000	0.000000	0.000000	0.000000	0.000000	0.000000	0.000000	0.000000	0.000000	0.000000	0.000000	0.000000	0.000000	0.000000	0.000000	0.000000	0.000000	0.000000	0.000000	0.000000	0.000000	0.000000	0.000000	0.000000	0.000000	0.000000	0.000000	0.000000	0.000000	0.000000	0.000000	0.000000	0.000000	0.000000	0.000000	0.000000	0.000000	0.000000	0.000000	0.000000	0.000000	0.000000	0.000000	0.000000	0.000000	0.000000	0.000000	0.000000	0.000000	0.000000	0.000000	0.000000	0.000000	0.000000	0.000000	0.000000	0.000000	0.000000	0.000000	0.000000	0.000000	0.000000	0.000000	0.000000	0.000000	0.000000	0.000000	0.000000	0.000000	0.000000	0.000000	0.000000	0.000000	0.000000	0.000000	0.000000	0.000000	0.000000	0.000000	0.000000	0.000000	0.000000	0.000000	0.000000	0.000000	0.000000	0.000000	0.000000	0.000000	0.000000	0.000000	0.000000	0.000000	0.000000	0.000000	0.000000	0.000000	0.000000	0.000000	0.000000	0.000000	0.000000	0.000000	0.000000	0.000000	0.000000	0.000000	0.000000	0.000000	0.000000	0.000000	0.000000	0.000000	0.000000	0.000000	0.000000	0.000000	0.000000	0.000000	0.000000	0.000000	
input11
0.000000	0.000000	0.000000	0.000000	0.000000	0.000000	0.000000	0.000000	0.000000	0.000000	0.000000	0.000000	0.000000	0.000000	0.000000	0.000000	0.000000	0.000000	0.000000	0.000000	0.000000	0.000000	0.000000	0.000000	0.000000	0.000000	0.000000	0.000000	0.000000	0.000000	0.000000	0.000000	0.000000	0.000000	0.000000	0.000000	0.000000	0.000000	0.000000	0.000000	0.000000	0.000000	0.000000	0.000000	0.000000	0.000000	0.000000	0.000000	0.000000	0.000000	0.000000	0.000000	0.000000	0.000000	0.000000	0.000000	0.000000	0.000000	0.000000	0.000000	0.000000	0.000000	0.000000	0.000000	0.000000	0.000000	0.000000	0.000000	0.000000	0.000000	0.000000	0.000000	0.000000	0.000000	0.000000	0.000000	0.000000	0.000000	0.000000	0.000000	0.000000	0.000000	0.000000	0.000000	0.000000	0.000000	0.000000	0.000000	0.000000	0.000000	0.000000	0.000000	0.000000	0.000000	0.000000	0.000000	0.000000	0.000000	0.000000	0.000000	0.000000	0.000000	0.000000	0.000000	0.000000	0.000000	0.000000	0.000000	0.000000	0.000000	0.000000	0.000000	0.000000	0.000000	0.000000	0.000000	0.000000	0.000000	0.000000	0.000000	0.000000	0.000000	0.000000	0.000000	0.000000	0.000000	0.000000	0.000000	0.000000	0.000000	0.000000	0.000000	0.000000	0.000000	0.000000	0.000000	0.000000	0.000000	0.000000	0.000000	0.000000	0.000000	0.000000	0.000000	0.000000	0.000000	0.000000	0.000000	0.000000	0.000000	0.000000	0.000000	0.000000	0.000000	0.000000	0.000000	0.000000	0.000000	0.000000	0.000000	0.000000	0.000000	0.000000	0.000000	0.000000	0.000000	0.000000	0.000000	0.000000	0.000000	0.000000	0.000000	0.000000	0.000000	0.000000	0.000000	0.000000	0.000000	0.000000	0.000000	0.000000	0.000000	0.000000	0.000000	0.000000	0.000000	0.000000	0.000000	0.000000	0.000000	0.000000	0.000000	0.000000	0.000000	0.000000	0.000000	0.000000	0.000000	0.000000	0.000000	0.000000	0.000000	0.000000	0.000000	0.000000	0.000000	0.000000	0.000000	0.000000	0.000000	0.000000	0.000000	0.000000	0.000000	0.000000	0.000000	0.000000	0.000000	0.000000	0.000000	0.000000	0.000000	0.000000	0.000000	0.000000	0.000000	0.000000	0.000000	0.000000	0.000000	0.000000	0.000000	0.000000	0.000000	0.000000	0.000000	0.000000	0.000000	0.000000	0.000000	0.000000	0.000000	0.000000	0.000000	0.000000	0.000000	0.000000	0.000000	0.000000	0.000000	0.000000	0.000000	0.000000	0.000000	0.000000	0.000000	0.000000	0.000000	0.000000	0.000000	0.000000	0.000000	0.000000	0.000000	0.000000	0.000000	0.000000	0.000000	0.000000	0.000000	0.000000	0.000000	0.000000	0.000000	0.000000	0.000000	0.000000	0.000000	0.000000	0.000000	0.000000	0.000000	0.000000	0.000000	0.000000	0.000000	0.000000	0.000000	0.000000	0.000000	0.000000	0.000000	0.000000	0.000000	0.000000	0.000000	0.000000	0.000000	0.000000	0.000000	0.000000	0.000000	0.000000	0.000000	0.000000	0.000000	0.000000	0.000000	0.000000	0.000000	0.000000	0.000000	0.000000	0.000000	0.000000	0.000000	0.000000	0.000000	0.000000	
input12
0.000000	0.000000	0.000000	0.000000	0.000000	0.000000	0.000000	0.000000	0.000000	0.000000	0.000000	0.000000	0.000000	0.000000	0.000000	0.000000	0.000000	0.000000	0.000000	0.000000	0.000000	0.000000	0.000000	0.000000	0.000000	0.000000	0.000000	0.000000	0.000000	0.000000	0.000000	0.000000	0.000000	0.000000	0.000000	0.000000	0.000000	0.000000	0.000000	0.000000	0.000000	0.000000	0.000000	0.000000	0.000000	0.000000	0.000000	0.000000	0.000000	0.000000	0.000000	0.000000	0.000000	0.000000	0.000000	0.000000	0.000000	0.000000	0.000000	0.000000	0.000000	0.000000	0.000000	0.000000	0.000000	0.000000	0.000000	0.000000	0.000000	0.000000	0.000000	0.000000	0.000000	0.000000	0.000000	0.000000	0.000000	0.000000	0.000000	0.000000	0.000000	0.000000	0.000000	0.000000	0.000000	0.000000	0.000000	0.000000	0.000000	0.000000	0.000000	0.000000	0.000000	0.000000	0.000000	0.000000	0.000000	0.000000	0.000000	0.000000	0.000000	0.000000	0.000000	0.000000	0.000000	0.000000	0.000000	0.000000	0.000000	0.000000	0.000000	0.000000	0.000000	0.000000	0.000000	0.000000	0.000000	0.000000	0.000000	0.000000	0.000000	0.000000	0.000000	0.000000	0.000000	0.000000	0.000000	0.000000	0.000000	0.000000	0.000000	0.000000	0.000000	0.000000	0.000000	0.000000	0.000000	0.000000	0.000000	0.000000	0.000000	0.000000	0.000000	0.000000	0.000000	0.000000	0.000000	0.000000	0.000000	0.000000	0.000000	0.000000	0.000000	0.000000	0.000000	0.000000	0.000000	0.000000	0.000000	0.000000	0.000000	0.000000	0.000000	0.000000	0.000000	0.000000	0.000000	0.000000	0.000000	0.000000	0.000000	0.000000	0.000000	0.000000	0.000000	0.000000	0.000000	0.000000	0.000000	0.000000	0.000000	0.000000	0.000000	0.000000	0.000000	0.000000	0.000000	0.000000	0.000000	0.000000	0.000000	0.000000	0.000000	0.000000	0.000000	0.000000	0.000000	0.000000	0.000000	0.000000	0.000000	0.000000	0.000000	0.000000	0.000000	0.000000	0.000000	0.000000	0.000000	0.000000	0.000000	0.000000	0.000000	0.000000	0.000000	0.000000	0.000000	0.000000	0.000000	0.000000	0.000000	0.000000	0.000000	0.000000	0.000000	0.000000	0.000000	0.000000	0.000000	0.000000	0.000000	0.000000	0.000000	0.000000	0.000000	0.000000	0.000000	0.000000	0.000000	0.000000	0.000000	0.000000	0.000000	0.000000	0.000000	0.000000	0.000000	0.000000	0.000000	0.000000	0.000000	0.000000	0.000000	0.000000	0.000000	0.000000	0.000000	0.000000	0.000000	0.000000	0.000000	0.000000	0.000000	0.000000	0.000000	0.000000	0.000000	0.000000	0.000000	0.000000	0.000000	0.000000	0.000000	0.000000	0.000000	0.000000	0.000000	0.000000	0.000000	0.000000	0.000000	0.000000	0.000000	0.000000	0.000000	0.000000	0.000000	0.000000	0.000000	0.000000	0.000000	0.000000	0.000000	0.000000	0.000000	0.000000	0.000000	0.000000	0.000000	0.000000	0.000000	0.000000	0.000000	0.000000	0.000000	0.000000	0.000000	0.000000	0.000000	0.000000	0.000000	0.000000	0.000000	0.000000	0.000000	0.000000	0.000000	0.000000	0.000000	
input13
0.000000	0.000000	0.000000	0.000000	0.000000	0.000000	0.000000	0.000000	0.000000	0.000000	0.000000	0.000000	0.000000	0.000000	0.000000	0.000000	0.000000	0.000000	0.000000	0.000000	0.000000	0.000000	0.000000	0.000000	0.000000	0.000000	0.000000	0.000000	0.000000	0.000000	0.000000	0.000000	0.000000	0.000000	0.000000	0.000000	0.000000	0.000000	0.000000	0.000000	0.000000	0.000000	0.000000	0.000000	0.000000	0.000000	0.000000	0.000000	0.000000	0.000000	0.000000	0.000000	0.000000	0.000000	0.000000	0.000000	0.000000	0.000000	0.000000	0.000000	0.000000	0.000000	0.000000	0.000000	0.000000	0.000000	0.000000	0.000000	0.000000	0.000000	0.000000	0.000000	0.000000	0.000000	0.000000	0.000000	0.000000	0.000000	0.000000	0.000000	0.000000	0.000000	0.000000	0.000000	0.000000	0.000000	0.000000	0.000000	0.000000	0.000000	0.000000	0.000000	0.000000	0.000000	0.000000	0.000000	0.000000	0.000000	0.000000	0.000000	0.000000	0.000000	0.000000	0.000000	0.000000	0.000000	0.000000	0.000000	0.000000	0.000000	0.000000	0.000000	0.000000	0.000000	0.000000	0.000000	0.000000	0.000000	0.000000	0.000000	0.000000	0.000000	0.000000	0.000000	0.000000	0.000000	0.000000	0.000000	0.000000	0.000000	0.000000	0.000000	0.000000	0.000000	0.000000	0.000000	0.000000	0.000000	0.000000	0.000000	0.000000	0.000000	0.000000	0.000000	0.000000	0.000000	0.000000	0.000000	0.000000	0.000000	0.000000	0.000000	0.000000	0.000000	0.000000	0.000000	0.000000	0.000000	0.000000	0.000000	0.000000	0.000000	0.000000	0.000000	0.000000	0.000000	0.000000	0.000000	0.000000	0.000000	0.000000	0.000000	0.000000	0.000000	0.000000	0.000000	0.000000	0.000000	0.000000	0.000000	0.000000	0.000000	0.000000	0.000000	0.000000	0.000000	0.000000	0.000000	0.000000	0.000000	0.000000	0.000000	0.000000	0.000000	0.000000	0.000000	0.000000	0.000000	0.000000	0.000000	0.000000	0.000000	0.000000	0.000000	0.000000	0.000000	0.000000	0.000000	0.000000	0.000000	0.000000	0.000000	0.000000	0.000000	0.000000	0.000000	0.000000	0.000000	0.000000	0.000000	0.000000	0.000000	0.000000	0.000000	0.000000	0.000000	0.000000	0.000000	0.000000	0.000000	0.000000	0.000000	0.000000	0.000000	0.000000	0.000000	0.000000	0.000000	0.000000	0.000000	0.000000	0.000000	0.000000	0.000000	0.000000	0.000000	0.000000	0.000000	0.000000	0.000000	0.000000	0.000000	0.000000	0.000000	0.000000	0.000000	0.000000	0.000000	0.000000	0.000000	0.000000	0.000000	0.000000	0.000000	0.000000	0.000000	0.000000	0.000000	0.000000	0.000000	0.000000	0.000000	0.000000	0.000000	0.000000	0.000000	0.000000	0.000000	0.000000	0.000000	0.000000	0.000000	0.000000	0.000000	0.000000	0.000000	0.000000	0.000000	0.000000	0.000000	0.000000	0.000000	0.000000	0.000000	0.000000	0.000000	0.000000	0.000000	0.000000	0.000000	0.000000	0.000000	0.000000	0.000000	0.000000	0.000000	0.000000	0.000000	0.000000	0.000000	0.000000	0.000000	0.000000	0.000000	0.000000	0.000000	0.000000	0.000000	0.000000	
input14
0.000000	0.000000	0.000000	0.000000	0.000000	0.000000	0.000000	0.000000	0.000000	0.000000	0.000000	0.000000	0.000000	0.000000	0.000000	0.000000	0.000000	0.000000	0.000000	0.000000	0.000000	0.000000	0.000000	0.000000	0.000000	0.000000	0.000000	0.000000	0.000000	0.000000	0.000000	0.000000	0.000000	0.000000	0.000000	0.000000	0.000000	0.000000	0.000000	0.000000	0.000000	0.000000	0.000000	0.000000	0.000000	0.000000	0.000000	0.000000	0.000000	0.000000	0.000000	0.000000	0.000000	0.000000	0.000000	0.000000	0.000000	0.000000	0.000000	0.000000	0.000000	0.000000	0.000000	0.000000	0.000000	0.000000	0.000000	0.000000	0.000000	0.000000	0.000000	0.000000	0.000000	0.000000	0.000000	0.000000	0.000000	0.000000	0.000000	0.000000	0.000000	0.000000	0.000000	0.000000	0.000000	0.000000	0.000000	0.000000	0.000000	0.000000	0.000000	0.000000	0.000000	0.000000	0.000000	0.000000	0.000000	0.000000	0.000000	0.000000	0.000000	0.000000	0.000000	0.000000	0.000000	0.000000	0.000000	0.000000	0.000000	0.000000	0.000000	0.000000	0.000000	0.000000	0.000000	0.000000	0.000000	0.000000	0.000000	0.000000	0.000000	0.000000	0.000000	0.000000	0.000000	0.000000	0.000000	0.000000	0.000000	0.000000	0.000000	0.000000	0.000000	0.000000	0.000000	0.000000	0.000000	0.000000	0.000000	0.000000	0.000000	0.000000	0.000000	0.000000	0.000000	0.000000	0.000000	0.000000	0.000000	0.000000	0.000000	0.000000	0.000000	0.000000	0.000000	0.000000	0.000000	0.000000	0.000000	0.000000	0.000000	0.000000	0.000000	0.000000	0.000000	0.000000	0.000000	0.000000	0.000000	0.000000	0.000000	0.000000	0.000000	0.000000	0.000000	0.000000	0.000000	0.000000	0.000000	0.000000	0.000000	0.000000	0.000000	0.000000	0.000000	0.000000	0.000000	0.000000	0.000000	0.000000	0.000000	0.000000	0.000000	0.000000	0.000000	0.000000	0.000000	0.000000	0.000000	0.000000	0.000000	0.000000	0.000000	0.000000	0.000000	0.000000	0.000000	0.000000	0.000000	0.000000	0.000000	0.000000	0.000000	0.000000	0.000000	0.000000	0.000000	0.000000	0.000000	0.000000	0.000000	0.000000	0.000000	0.000000	0.000000	0.000000	0.000000	0.000000	0.000000	0.000000	0.000000	0.000000	0.000000	0.000000	0.000000	0.000000	0.000000	0.000000	0.000000	0.000000	0.000000	0.000000	0.000000	0.000000	0.000000	0.000000	0.000000	0.000000	0.000000	0.000000	0.000000	0.000000	0.000000	0.000000	0.000000	0.000000	0.000000	0.000000	0.000000	0.000000	0.000000	0.000000	0.000000	0.000000	0.000000	0.000000	0.000000	0.000000	0.000000	0.000000	0.000000	0.000000	0.000000	0.000000	0.000000	0.000000	0.000000	0.000000	0.000000	0.000000	0.000000	0.000000	0.000000	0.000000	0.000000	0.000000	0.000000	0.000000	0.000000	0.000000	0.000000	0.000000	0.000000	0.000000	0.000000	0.000000	0.000000	0.000000	0.000000	0.000000	0.000000	0.000000	0.000000	0.000000	0.000000	0.000000	0.000000	0.000000	0.000000	0.000000	0.000000	0.000000	0.000000	0.000000	0.000000	0.000000	0.000000	0.000000	0.000000	
input15
0.000000	0.000000	0.000000	0.000000	0.000000	0.000000	0.000000	0.000000	0.000000	0.000000	0.000000	0.000000	0.000000	0.000000	0.000000	0.000000	0.000000	0.000000	0.000000	3.000000	
output1
54.782432	54.782432	54.782432	54.782432	85.198099	85.213776	85.139962	82.712482	75.661149	68.659975	60.978270	61.820170	62.935478	63.568707	63.382990	63.390286	63.770398	63.197336	62.282478	61.697247	61.393335	62.044357	62.638118	63.007574	63.963478	62.909185	60.754390	60.727258	63.091644	63.501503	65.463073	66.981090	67.191337	66.467958	65.579134	65.066321	64.567712	65.055170	65.285073	65.693140	66.040774	65.058385	65.059636	64.931584	64.651335	64.664972	64.184233	61.980462	57.314358	53.630310	49.770009	46.670394	44.242880	40.219088	35.700019	32.729100	30.161173	28.087764	26.765564	26.212816	26.345088	26.656828	27.700930	31.578029	33.585966	38.045851	43.793853	46.697027	49.272133	53.078468	54.397784	58.637041	61.220081	64.121103	65.522061	69.589793	72.651973	76.557371	78.445559	79.851602	81.544871	81.939876	82.249449	81.514192	81.330056	80.640190	79.424739	78.421647	77.646728	73.329894	72.237408	69.773134	66.038346	61.546757	59.679517	55.534361	50.174397	38.882862	34.065356	29.088509	26.902338	24.963043	24.192918	24.245827	25.006323	25.735749	30.692703	36.000775	38.589948	39.291140	45.997526	50.600433	58.004619	63.607040	68.656161	73.435909	80.831244	81.498846	82.410104	82.040022	80.995029	80.297602	78.683899	75.795021	73.683144	71.786315	62.214138	57.109890	51.438714	46.227640	39.016491	33.141180	27.268465	24.971682	24.742144	27.497857	31.795867	37.300487	43.004039	49.521561	54.005191	62.864982	67.300094	71.491628	75.169714	78.128519	79.856474	81.295407	78.638390	76.385574	66.153142	64.121359	63.184665	63.430054	64.978212	67.059656	68.305435	71.918131	76.602842	78.654406	78.700327	78.735930	78.301876	76.456293	73.864709	71.701597	69.619939	63.079921	61.667876	58.366271	57.048032	55.226677	46.338710	41.977771	37.908429	33.450168	31.880782	32.220465	33.830052	36.672992	42.754679	48.279451	51.493477	54.617344	59.423232	62.182690	60.404814	65.109292	70.293289	74.295294	76.116248	77.330580	78.816842	79.455929	80.385548	80.036860	78.661512	77.735251	74.157648	70.796068	69.123662	64.239939	55.030228	49.478078	44.475208	35.953655	32.617364	30.751340	32.417216	35.025836	38.444110	38.741297	46.453716	50.550760	54.480057	58.648789	64.382106	66.313930	72.628476	75.576877	77.298454	78.116901	80.253806	80.484733	81.846767	80.167770	76.652528	74.449091	70.650322	68.042678	65.568500	61.573282	58.109685	54.283150	50.553056	44.812747	40.990464	36.206315	36.965138	33.201756	32.202417	32.285952	35.095688	38.281171	42.317878	46.294486	53.058771	57.135682	60.959239	66.588949	68.774686	66.475650	74.099068	76.852714	77.783986	79.404132	80.191204	82.420708	80.290772	79.752192	79.302352	78.370297	77.388878	78.304571	75.478597	72.837855	73.675731	68.609391	65.487758	63.745134	63.443538	63.768660	65.443751	66.184955	69.831611	72.558128	74.995099	76.709199	77.016452	77.304655	76.821424	76.188419	74.053328	70.986513	68.361634	70.780271	64.665459	61.394922	60.903520	56.972713	54.087165	53.431713	51.558175	48.636373	46.364453	47.609431	46.653203	46.473911	46.467251	46.828390	51.823355	54.898783	60.287660	62.545877	64.699067	67.015450	69.742007	73.822207	75.831676	76.875952	77.656954	77.405154	76.324809	74.754362	71.892434	70.739655	65.945221	63.610359	61.811941	
output2
43.461966	43.461966	43.461966	43.461966	57.739754	57.785818	58.072665	56.921878	52.438534	48.513361	45.036308	45.729401	45.885526	46.004896	46.162450	46.090215	46.428927	46.402435	46.363120	46.229050	46.286682	46.582393	46.229639	46.032112	46.342847	46.416048	46.157729	46.152000	46.012013	45.911858	46.250037	46.222928	46.165088	45.994486	45.965564	46.023308	46.084641	46.210884	46.157716	46.198814	46.148290	45.837266	45.981391	45.976943	45.881880	46.241230	46.238836	45.920595	45.435311	45.377076	45.813488	46.135781	46.371866	46.559059	46.506194	46.472994	46.519157	46.589889	46.578140	46.769082	46.893939	46.992621	46.968184	46.528192	46.533567	46.726806	47.041699	47.343692	47.378479	46.985947	46.948748	46.664855	46.578960	46.566330	46.571974	46.134596	46.012472	45.957958	45.940474	45.860406	45.934656	46.135072	46.233057	45.931932	46.010995	45.914102	45.802152	45.841665	45.733691	46.023198	46.037817	45.763170	45.432895	45.298523	45.216171	45.106457	45.329060	45.703542	46.084159	46.352508	46.666412	46.804117	46.742565	46.892654	46.815344	46.634967	46.144212	46.129970	46.236443	46.536138	46.323544	46.350879	45.771024	45.218495	44.510731	44.364094	45.502455	45.787236	46.418912	46.310319	45.746773	45.514606	45.335188	45.437906	45.478824	45.564746	44.288286	44.607260	45.043059	45.441998	45.680196	46.045404	45.952538	45.915218	46.409165	46.193255	46.164844	46.528565	46.786578	46.502809	46.479906	45.993272	45.271484	45.123538	44.568003	44.499150	44.522698	45.310310	45.631645	45.173601	45.864420	46.040670	46.221764	45.685396	45.290191	44.621822	44.213961	44.281865	45.521275	46.153644	46.108701	46.220830	46.163768	45.922103	46.313830	46.466683	46.603691	46.961253	47.089734	43.634835	47.485087	47.395979	46.555983	46.824256	46.563349	45.907474	45.647313	45.518535	45.510216	45.153286	45.662899	45.941951	45.699920	45.714687	46.105730	45.642866	42.209005	45.111518	45.061088	45.453018	45.308048	44.828504	44.530554	45.109783	45.488905	45.516189	45.181420	45.058789	46.041719	46.016018	46.048919	46.708753	46.179776	45.620626	46.214591	46.219036	45.517613	45.214471	45.545555	45.619452	49.430663	45.857729	45.925027	45.786335	45.900701	45.895091	44.595519	44.276388	44.792397	45.078255	44.726404	44.086236	45.346351	45.754006	47.368501	45.702599	45.246761	45.536007	46.175699	46.265224	46.773388	47.088750	46.968442	46.917894	47.042029	46.939561	46.417970	44.383819	45.687372	45.998951	45.573344	45.493991	45.511757	45.652029	45.441994	45.094827	45.218060	45.576060	45.286805	44.726973	44.972912	38.732353	45.752797	45.273310	44.563287	44.778561	45.529133	48.096156	45.945769	46.147831	46.327233	46.398340	46.350817	47.540687	45.871560	45.461320	46.521649	45.657730	46.322137	46.447093	46.625468	46.633240	46.367136	45.966345	45.380974	45.707311	46.576235	46.875724	46.643394	46.536246	45.928626	45.511585	44.587239	44.403953	44.412826	50.222863	44.869799	45.669276	45.884419	45.492435	45.049540	43.994193	45.482465	46.212558	42.741194	46.477513	46.600081	46.417250	45.615963	45.218598	44.950268	45.034176	45.631350	45.892815	45.889141	45.306108	45.078922	45.480322	45.805274	45.789115	45.973518	45.896529	45.404732	44.908774	44.573889	44.622461	44.762488	44.935471	45.285196	
output3
43.461966	43.461966	43.461966	43.461966	57.739754	57.785818	58.072665	56.921878	52.438534	48.513361	45.036308	45.729401	45.885526	46.004896	46.162450	46.090215	46.428927	46.402435	46.363120	46.229050	46.286682	46.582393	46.229639	46.032112	46.342847	46.416048	46.157729	46.152000	46.012013	45.911858	46.250037	46.222928	46.165088	45.994486	45.965564	46.023308	46.084641	46.210884	46.157716	46.198814	46.148290	45.837266	45.981391	45.976943	45.881880	46.241230	46.238836	45.920595	45.435311	45.377076	45.813488	46.135781	46.371866	46.559059	46.506194	46.472994	46.519157	46.589889	46.578140	46.769082	46.893939	46.992621	46.968184	46.528192	46.533567	46.726806	47.041699	47.343692	47.378479	46.985947	46.948748	46.664855	46.578960	46.566330	46.571974	46.134596	46.012472	45.957958	45.940474	45.860406	45.934656	46.135072	46.233057	45.931932	46.010995	45.914102	45.802152	45.841665	45.733691	46.023198	46.037817	45.763170	45.432895	45.298523	45.216171	45.106457	45.329060	45.703542	46.084159	46.352508	46.666412	46.804117	46.742565	46.892654	46.815344	46.634967	46.144212	46.129970	46.236443	46.536138	46.323544	46.350879	45.771024	45.218495	44.510731	44.364094	45.502455	45.787236	46.418912	46.310319	45.746773	45.514606	45.335188	45.437906	45.478824	45.564746	44.288286	44.607260	45.043059	45.441998	45.680196	46.045404	45.952538	45.915218	46.409165	46.193255	46.164844	46.528565	46.786578	46.502809	46.479906	45.993272	45.271484	45.123538	44.568003	44.499150	44.522698	45.310310	45.631645	45.173601	45.864420	46.040670	46.221764	45.685396	45.290191	44.621822	44.213961	44.281865	45.521275	46.153644	46.108701	46.220830	46.163768	45.922103	46.313830	46.466683	46.603691	46.961253	47.089734	43.634835	47.485087	47.395979	46.555983	46.824256	46.563349	45.907474	45.647313	45.518535	45.510216	45.153286	45.662899	45.941951	45.699920	45.714687	46.105730	45.642866	42.209005	45.111518	45.061088	45.453018	45.308048	44.828504	44.530554	45.109783	45.488905	45.516189	45.181420	45.058789	46.041719	46.016018	46.048919	46.708753	46.179776	45.620626	46.214591	46.219036	45.517613	45.214471	45.545555	45.619452	49.430663	45.857729	45.925027	45.786335	45.900701	45.895091	44.595519	44.276388	44.792397	45.078255	44.726404	44.086236	45.346351	45.754006	47.368501	45.702599	45.246761	45.536007	46.175699	46.265224	46.773388	47.088750	46.968442	46.917894	47.042029	46.939561	46.417970	44.383819	45.687372	45.998951	45.573344	45.493991	45.511757	45.652029	45.441994	45.094827	45.218060	45.576060	45.286805	44.726973	44.972912	38.732353	45.752797	45.273310	44.563287	44.778561	45.529133	48.096156	45.945769	46.147831	46.327233	46.398340	46.350817	47.540687	45.871560	45.461320	46.521649	45.657730	46.322137	46.447093	46.625468	46.633240	46.367136	45.966345	45.380974	45.707311	46.576235	46.875724	46.643394	46.536246	45.928626	45.511585	44.587239	44.403953	44.412826	50.222863	44.869799	45.669276	45.884419	45.492435	45.049540	43.994193	45.482465	46.212558	42.741194	46.477513	46.600081	46.417250	45.615963	45.218598	44.950268	45.034176	45.631350	45.892815	45.889141	45.306108	45.078922	45.480322	45.805274	45.789115	45.973518	45.896529	45.404732	44.908774	44.573889	44.622461	44.762488	44.935471	45.285196	
output4
1.000000	0.000000	0.000000	1.000000	0.000000	1.000000	-10.808914	-18.782672	-28.768127	60.446209	13.419923	36.253291	45.994854	0.807837	12.077811	45.994854	0.807837	12.077811	0.000000	3.000000	