input0
185.000000
input1
0.000000	0.000000	0.000000	0.000000	0.000000	0.000000	0.000000	0.000000	0.000000	0.000000	0.000000	0.000000	0.000000	0.000000	0.000000	0.000000	0.000000	0.000000	0.000000	0.000000	0.000000	0.000000	0.000000	0.000000	0.000000	0.000000	0.000000	0.000000	0.000000	0.000000	0.000000	0.000000	0.000000	0.000000	0.000000	0.000000	0.000000	0.000000	0.000000	0.000000	0.000000	0.000000	0.000000	0.000000	0.000000	0.000000	0.000000	0.000000	0.000000	0.000000	0.000000	0.000000	0.000000	0.000000	0.000000	0.000000	0.000000	0.000000	0.000000	0.000000	0.000000	0.000000	0.000000	0.000000	0.000000	0.000000	0.000000	0.000000	0.000000	0.000000	0.000000	0.000000	0.000000	0.000000	0.000000	0.000000	0.000000	0.000000	0.000000	0.000000	0.000000	0.000000	0.000000	0.000000	0.000000	0.000000	0.000000	0.000000	0.000000	0.000000	0.000000	0.000000	0.000000	0.000000	0.000000	0.000000	0.000000	0.000000	0.000000	0.000000	0.000000	0.000000	0.000000	0.000000	0.000000	0.000000	0.000000	0.000000	0.000000	0.000000	0.000000	0.000000	0.000000	0.000000	0.000000	0.000000	0.000000	0.000000	0.000000	0.000000	0.000000	0.000000	0.000000	0.000000	0.000000	0.000000	0.000000	0.000000	0.000000	0.000000	0.000000	0.000000	0.000000	0.000000	0.000000	0.000000	0.000000	0.000000	0.000000	0.000000	0.000000	0.000000	0.000000	0.000000	0.000000	0.000000	0.000000	0.000000	0.000000	0.000000	0.000000	0.000000	0.000000	0.000000	0.000000	0.000000	0.000000	0.000000	0.000000	0.000000	0.000000	0.000000	0.000000	0.000000	0.000000	0.000000	0.000000	0.000000	0.000000	0.000000	0.000000	0.000000	0.000000	0.000000	0.000000	0.000000	0.000000	0.000000	0.000000	0.000000	0.000000	0.000000	0.000000	0.000000	0.000000	
input2
0.000000	0.000000	0.000000	0.000000	0.000000	0.000000	0.000000	0.000000	0.000000	0.000000	0.000000	0.000000	0.000000	0.000000	0.000000	0.000000	0.000000	0.000000	0.000000	0.000000	0.000000	0.000000	0.000000	0.000000	0.000000	0.000000	0.000000	0.000000	0.000000	0.000000	0.000000	0.000000	0.000000	0.000000	0.000000	0.000000	0.000000	0.000000	0.000000	0.000000	0.000000	0.000000	0.000000	0.000000	0.000000	0.000000	0.000000	0.000000	0.000000	0.000000	0.000000	0.000000	0.000000	0.000000	0.000000	0.000000	0.000000	0.000000	0.000000	0.000000	0.000000	0.000000	0.000000	0.000000	0.000000	0.000000	0.000000	0.000000	0.000000	0.000000	0.000000	0.000000	0.000000	0.000000	0.000000	0.000000	0.000000	0.000000	0.000000	0.000000	0.000000	0.000000	0.000000	0.000000	0.000000	0.000000	0.000000	0.000000	0.000000	0.000000	0.000000	0.000000	0.000000	0.000000	0.000000	0.000000	0.000000	0.000000	0.000000	0.000000	0.000000	0.000000	0.000000	0.000000	0.000000	0.000000	0.000000	0.000000	0.000000	0.000000	0.000000	0.000000	0.000000	0.000000	0.000000	0.000000	0.000000	0.000000	0.000000	0.000000	0.000000	0.000000	0.000000	0.000000	0.000000	0.000000	0.000000	0.000000	0.000000	0.000000	0.000000	0.000000	0.000000	0.000000	0.000000	0.000000	0.000000	0.000000	0.000000	0.000000	0.000000	0.000000	0.000000	0.000000	0.000000	0.000000	0.000000	0.000000	0.000000	0.000000	0.000000	0.000000	0.000000	0.000000	0.000000	0.000000	0.000000	0.000000	0.000000	0.000000	0.000000	0.000000	0.000000	0.000000	0.000000	0.000000	0.000000	0.000000	0.000000	0.000000	0.000000	0.000000	0.000000	0.000000	0.000000	0.000000	0.000000	0.000000	0.000000	0.000000	0.000000	0.000000	0.000000	0.000000	0.000000	
input3
0.000000	0.000000	0.000000	0.000000	0.000000	0.000000	0.000000	0.000000	0.000000	0.000000	0.000000	0.000000	0.000000	0.000000	0.000000	0.000000	0.000000	0.000000	0.000000	0.000000	0.000000	0.000000	0.000000	0.000000	0.000000	0.000000	0.000000	0.000000	0.000000	0.000000	0.000000	0.000000	0.000000	0.000000	0.000000	0.000000	0.000000	0.000000	0.000000	0.000000	0.000000	0.000000	0.000000	0.000000	0.000000	0.000000	0.000000	0.000000	0.000000	0.000000	0.000000	0.000000	0.000000	0.000000	0.000000	0.000000	0.000000	0.000000	0.000000	0.000000	0.000000	0.000000	0.000000	0.000000	0.000000	0.000000	0.000000	0.000000	0.000000	0.000000	0.000000	0.000000	0.000000	0.000000	0.000000	0.000000	0.000000	0.000000	0.000000	0.000000	0.000000	0.000000	0.000000	0.000000	0.000000	0.000000	0.000000	0.000000	0.000000	0.000000	0.000000	0.000000	0.000000	0.000000	0.000000	0.000000	0.000000	0.000000	0.000000	0.000000	0.000000	0.000000	0.000000	0.000000	0.000000	0.000000	0.000000	0.000000	0.000000	0.000000	0.000000	0.000000	0.000000	0.000000	0.000000	0.000000	0.000000	0.000000	0.000000	0.000000	0.000000	0.000000	0.000000	0.000000	0.000000	0.000000	0.000000	0.000000	0.000000	0.000000	0.000000	0.000000	0.000000	0.000000	0.000000	0.000000	0.000000	0.000000	0.000000	0.000000	0.000000	0.000000	0.000000	0.000000	0.000000	0.000000	0.000000	0.000000	0.000000	0.000000	0.000000	0.000000	0.000000	0.000000	0.000000	0.000000	0.000000	0.000000	0.000000	0.000000	0.000000	0.000000	0.000000	0.000000	0.000000	0.000000	0.000000	0.000000	0.000000	0.000000	0.000000	0.000000	0.000000	0.000000	0.000000	0.000000	0.000000	0.000000	0.000000	0.000000	0.000000	0.000000	0.000000	0.000000	0.000000	
input4
27.747000	27.747000	27.747000	27.747000	17.060000	17.160000	17.547000	18.907000	18.547000	14.860000	6.660000	0.460000	-1.980000	-1.927000	-1.353000	-0.800000	-0.180000	0.487000	1.460000	1.907000	2.147000	2.573000	0.487000	-0.580000	0.087000	1.520000	-0.467000	-1.867000	-7.767000	-10.593000	-10.593000	-13.027000	-13.640000	-14.200000	-15.040000	-16.113000	-17.480000	-18.440000	-19.127000	-20.440000	-20.900000	-21.100000	-22.153000	-22.867000	-23.300000	-22.627000	-22.800000	-22.827000	-22.267000	-21.793000	-21.393000	-20.940000	-20.800000	-20.893000	-21.353000	-22.080000	-22.853000	-23.480000	-23.813000	-23.927000	-23.853000	-23.293000	-22.793000	-22.180000	-22.067000	-22.200000	-22.313000	-22.353000	-22.567000	-23.000000	-23.200000	-23.980000	-24.367000	-24.853000	-25.113000	-25.127000	-25.200000	-25.127000	-25.053000	-25.440000	-25.527000	-25.353000	-24.453000	-22.800000	-22.500000	-21.913000	-21.780000	-22.427000	-22.653000	-23.367000	-23.167000	-23.067000	-22.853000	-22.953000	-23.280000	-23.953000	-24.393000	-24.413000	-23.993000	-23.653000	-22.953000	-22.027000	-21.467000	-21.367000	-20.867000	-20.680000	-20.440000	-21.113000	-21.400000	-22.640000	-22.640000	-23.500000	-24.880000	-25.627000	-26.053000	-26.227000	-24.980000	-24.567000	-23.813000	-22.313000	-21.827000	-21.467000	-21.353000	-21.667000	-21.827000	-22.367000	-25.093000	-25.913000	-26.000000	-25.767000	-25.340000	-25.327000	-24.140000	-22.853000	-20.253000	-19.653000	-19.727000	-20.153000	-21.253000	-22.553000	-23.567000	-24.513000	-24.453000	-24.227000	-24.100000	-24.127000	-24.053000	-22.940000	-20.680000	-21.227000	-21.213000	-21.040000	-21.440000	-25.380000	-29.880000	-35.267000	-37.727000	-41.540000	-44.213000	-44.480000	-44.827000	-45.667000	-46.993000	-50.440000	-54.380000	-55.867000	-56.440000	-54.500000	-53.613000	-49.780000	-49.780000	-47.840000	-36.280000	-28.993000	-20.967000	-8.900000	-0.913000	10.700000	17.700000	23.860000	30.747000	33.860000	34.220000	34.007000	32.687000	
input5
-9.120000	-9.120000	-9.120000	-9.120000	-28.873000	-28.860000	-27.220000	-23.160000	-14.160000	-3.387000	8.553000	12.013000	11.840000	11.153000	11.480000	11.093000	10.927000	11.393000	12.127000	12.440000	12.827000	12.327000	11.840000	11.427000	10.353000	11.340000	14.540000	15.113000	13.853000	13.853000	11.727000	9.893000	9.567000	10.493000	11.927000	12.927000	13.880000	13.540000	13.180000	12.767000	12.200000	13.000000	13.280000	13.440000	13.627000	14.267000	14.867000	16.867000	20.400000	22.740000	24.953000	26.067000	26.500000	26.200000	24.367000	22.100000	19.127000	15.413000	11.493000	7.553000	2.593000	-1.047000	-5.633000	-15.547000	-19.307000	-26.500000	-35.047000	-39.073000	-42.520000	-47.400000	-48.947000	-53.507000	-56.000000	-58.447000	-59.473000	-61.747000	-62.460000	-61.433000	-59.507000	-56.500000	-49.647000	-47.973000	-42.700000	-34.660000	-32.320000	-28.133000	-22.100000	-17.447000	-14.860000	-1.407000	1.093000	5.413000	10.893000	16.293000	18.000000	20.993000	23.693000	23.700000	21.593000	16.813000	13.840000	9.680000	5.893000	4.527000	-1.760000	-4.700000	-16.100000	-24.487000	-28.273000	-28.273000	-38.347000	-44.107000	-52.387000	-57.300000	-59.900000	-60.173000	-51.360000	-48.900000	-44.907000	-36.760000	-31.833000	-28.487000	-20.820000	-9.807000	-3.807000	0.893000	13.713000	18.900000	22.553000	24.113000	23.267000	19.753000	12.500000	6.867000	-3.087000	-10.860000	-18.673000	-26.960000	-34.673000	-43.147000	-48.360000	-57.360000	-60.333000	-61.807000	-60.360000	-56.500000	-50.807000	-40.900000	-19.533000	-12.600000	11.513000	14.593000	16.053000	14.680000	11.480000	5.940000	2.167000	-6.800000	-18.707000	-25.673000	-26.960000	-28.107000	-28.733000	-29.060000	-28.807000	-28.360000	-28.233000	-28.300000	-28.200000	-28.200000	-27.687000	-27.587000	-27.300000	-27.160000	-27.307000	-27.887000	-28.233000	-28.660000	-28.320000	-27.820000	-27.247000	-26.787000	-26.533000	-26.387000	-26.273000	
input6
-46.347000	-46.347000	-46.347000	-46.347000	-78.320000	-78.320000	-78.740000	-77.120000	-71.973000	-66.947000	-60.007000	-60.640000	-61.780000	-62.553000	-62.320000	-62.407000	-62.827000	-62.160000	-61.073000	-60.400000	-60.000000	-60.753000	-61.507000	-61.960000	-63.120000	-61.860000	-58.987000	-58.787000	-61.060000	-61.060000	-63.527000	-64.953000	-65.093000	-64.080000	-62.707000	-61.700000	-60.587000	-60.900000	-61.013000	-61.113000	-61.447000	-60.153000	-59.713000	-59.267000	-58.747000	-58.873000	-58.127000	-55.100000	-48.713000	-43.407000	-37.373000	-32.560000	-28.680000	-22.240000	-14.993000	-9.760000	-4.647000	0.227000	4.153000	7.587000	10.880000	12.920000	14.700000	16.233000	16.380000	15.887000	13.847000	12.420000	10.513000	6.447000	5.007000	-0.513000	-4.260000	-8.820000	-11.200000	-19.967000	-27.240000	-38.153000	-44.553000	-50.367000	-59.440000	-61.400000	-65.907000	-70.167000	-71.160000	-72.327000	-73.113000	-73.093000	-72.767000	-69.493000	-68.413000	-65.627000	-60.993000	-54.733000	-51.920000	-45.493000	-36.893000	-18.820000	-10.887000	-2.000000	2.313000	6.653000	9.473000	10.527000	13.667000	14.580000	16.280000	15.833000	15.227000	15.227000	11.520000	7.920000	-1.060000	-10.287000	-21.140000	-32.927000	-57.200000	-60.393000	-64.867000	-69.867000	-71.207000	-71.940000	-72.813000	-71.967000	-70.273000	-68.207000	-55.253000	-47.253000	-38.227000	-29.860000	-18.407000	-8.167000	2.140000	7.360000	13.873000	15.873000	16.527000	16.073000	13.980000	9.060000	4.740000	-7.807000	-17.067000	-26.533000	-37.767000	-48.267000	-56.720000	-66.407000	-73.313000	-72.287000	-61.593000	-58.787000	-57.227000	-56.247000	-56.547000	-56.727000	-56.900000	-58.313000	-59.693000	-59.573000	-58.800000	-57.653000	-55.653000	-49.567000	-40.853000	-34.867000	-29.400000	-14.420000	-11.547000	-11.547000	-3.140000	-0.527000	9.260000	13.560000	15.867000	16.187000	14.780000	10.113000	5.400000	-1.287000	-11.840000	-21.607000	-27.867000	-33.620000	-42.100000	
input7
0.000000	0.000000	0.000000	0.000000	0.000000	0.000000	0.000000	0.000000	0.000000	0.000000	0.000000	0.000000	0.000000	0.000000	0.000000	0.000000	0.000000	0.000000	0.000000	0.000000	0.000000	0.000000	0.000000	0.000000	0.000000	0.000000	0.000000	0.000000	0.000000	0.000000	0.000000	0.000000	0.000000	0.000000	0.000000	0.000000	0.000000	0.000000	0.000000	0.000000	0.000000	0.000000	0.000000	0.000000	0.000000	0.000000	0.000000	0.000000	0.000000	0.000000	0.000000	0.000000	0.000000	0.000000	0.000000	0.000000	0.000000	0.000000	0.000000	0.000000	0.000000	0.000000	0.000000	0.000000	0.000000	0.000000	0.000000	0.000000	0.000000	0.000000	0.000000	0.000000	0.000000	0.000000	0.000000	0.000000	0.000000	0.000000	0.000000	0.000000	0.000000	0.000000	0.000000	0.000000	0.000000	0.000000	0.000000	0.000000	0.000000	0.000000	0.000000	0.000000	0.000000	0.000000	0.000000	0.000000	0.000000	0.000000	0.000000	0.000000	0.000000	0.000000	0.000000	0.000000	0.000000	0.000000	0.000000	0.000000	0.000000	0.000000	0.000000	0.000000	0.000000	0.000000	0.000000	0.000000	0.000000	0.000000	0.000000	0.000000	0.000000	0.000000	0.000000	0.000000	0.000000	0.000000	0.000000	0.000000	0.000000	0.000000	0.000000	0.000000	0.000000	0.000000	0.000000	0.000000	0.000000	0.000000	0.000000	0.000000	0.000000	0.000000	0.000000	0.000000	0.000000	0.000000	0.000000	0.000000	0.000000	0.000000	0.000000	0.000000	0.000000	0.000000	0.000000	0.000000	0.000000	0.000000	0.000000	0.000000	0.000000	0.000000	0.000000	0.000000	0.000000	0.000000	0.000000	0.000000	0.000000	0.000000	0.000000	0.000000	0.000000	0.000000	0.000000	0.000000	0.000000	0.000000	0.000000	0.000000	0.000000	0.000000	0.000000	0.000000	0.000000	
input8
0.000000	0.000000	0.000000	0.000000	0.000000	0.000000	0.000000	0.000000	0.000000	0.000000	0.000000	0.000000	0.000000	0.000000	0.000000	0.000000	0.000000	0.000000	0.000000	0.000000	0.000000	0.000000	0.000000	0.000000	0.000000	0.000000	0.000000	0.000000	0.000000	0.000000	0.000000	0.000000	0.000000	0.000000	0.000000	0.000000	0.000000	0.000000	0.000000	0.000000	0.000000	0.000000	0.000000	0.000000	0.000000	0.000000	0.000000	0.000000	0.000000	0.000000	0.000000	0.000000	0.000000	0.000000	0.000000	0.000000	0.000000	0.000000	0.000000	0.000000	0.000000	0.000000	0.000000	0.000000	0.000000	0.000000	0.000000	0.000000	0.000000	0.000000	0.000000	0.000000	0.000000	0.000000	0.000000	0.000000	0.000000	0.000000	0.000000	0.000000	0.000000	0.000000	0.000000	0.000000	0.000000	0.000000	0.000000	0.000000	0.000000	0.000000	0.000000	0.000000	0.000000	0.000000	0.000000	0.000000	0.000000	0.000000	0.000000	0.000000	0.000000	0.000000	0.000000	0.000000	0.000000	0.000000	0.000000	0.000000	0.000000	0.000000	0.000000	0.000000	0.000000	0.000000	0.000000	0.000000	0.000000	0.000000	0.000000	0.000000	0.000000	0.000000	0.000000	0.000000	0.000000	0.000000	0.000000	0.000000	0.000000	0.000000	0.000000	0.000000	0.000000	0.000000	0.000000	0.000000	0.000000	0.000000	0.000000	0.000000	0.000000	0.000000	0.000000	0.000000	0.000000	0.000000	0.000000	0.000000	0.000000	0.000000	0.000000	0.000000	0.000000	0.000000	0.000000	0.000000	0.000000	0.000000	0.000000	0.000000	0.000000	0.000000	0.000000	0.000000	0.000000	0.000000	0.000000	0.000000	0.000000	0.000000	0.000000	0.000000	0.000000	0.000000	0.000000	0.000000	0.000000	0.000000	0.000000	0.000000	0.000000	0.000000	0.000000	0.000000	0.000000	
input9
0.000000	0.000000	0.000000	0.000000	0.000000	0.000000	0.000000	0.000000	0.000000	0.000000	0.000000	0.000000	0.000000	0.000000	0.000000	0.000000	0.000000	0.000000	0.000000	0.000000	0.000000	0.000000	0.000000	0.000000	0.000000	0.000000	0.000000	0.000000	0.000000	0.000000	0.000000	0.000000	0.000000	0.000000	0.000000	0.000000	0.000000	0.000000	0.000000	0.000000	0.000000	0.000000	0.000000	0.000000	0.000000	0.000000	0.000000	0.000000	0.000000	0.000000	0.000000	0.000000	0.000000	0.000000	0.000000	0.000000	0.000000	0.000000	0.000000	0.000000	0.000000	0.000000	0.000000	0.000000	0.000000	0.000000	0.000000	0.000000	0.000000	0.000000	0.000000	0.000000	0.000000	0.000000	0.000000	0.000000	0.000000	0.000000	0.000000	0.000000	0.000000	0.000000	0.000000	0.000000	0.000000	0.000000	0.000000	0.000000	0.000000	0.000000	0.000000	0.000000	0.000000	0.000000	0.000000	0.000000	0.000000	0.000000	0.000000	0.000000	0.000000	0.000000	0.000000	0.000000	0.000000	0.000000	0.000000	0.000000	0.000000	0.000000	0.000000	0.000000	0.000000	0.000000	0.000000	0.000000	0.000000	0.000000	0.000000	0.000000	0.000000	0.000000	0.000000	0.000000	0.000000	0.000000	0.000000	0.000000	0.000000	0.000000	0.000000	0.000000	0.000000	0.000000	0.000000	0.000000	0.000000	0.000000	0.000000	0.000000	0.000000	0.000000	0.000000	0.000000	0.000000	0.000000	0.000000	0.000000	0.000000	0.000000	0.000000	0.000000	0.000000	0.000000	0.000000	0.000000	0.000000	0.000000	0.000000	0.000000	0.000000	0.000000	0.000000	0.000000	0.000000	0.000000	0.000000	0.000000	0.000000	0.000000	0.000000	0.000000	0.000000	0.000000	0.000000	0.000000	0.000000	0.000000	0.000000	0.000000	0.000000	0.000000	0.000000	0.000000	0.000000	
input10
0.000000	0.000000	0.000000	0.000000	0.000000	0.000000	0.000000	0.000000	0.000000	0.000000	0.000000	0.000000	0.000000	0.000000	0.000000	0.000000	0.000000	0.000000	0.000000	0.000000	0.000000	0.000000	0.000000	0.000000	0.000000	0.000000	0.000000	0.000000	0.000000	0.000000	0.000000	0.000000	0.000000	0.000000	0.000000	0.000000	0.000000	0.000000	0.000000	0.000000	0.000000	0.000000	0.000000	0.000000	0.000000	0.000000	0.000000	0.000000	0.000000	0.000000	0.000000	0.000000	0.000000	0.000000	0.000000	0.000000	0.000000	0.000000	0.000000	0.000000	0.000000	0.000000	0.000000	0.000000	0.000000	0.000000	0.000000	0.000000	0.000000	0.000000	0.000000	0.000000	0.000000	0.000000	0.000000	0.000000	0.000000	0.000000	0.000000	0.000000	0.000000	0.000000	0.000000	0.000000	0.000000	0.000000	0.000000	0.000000	0.000000	0.000000	0.000000	0.000000	0.000000	0.000000	0.000000	0.000000	0.000000	0.000000	0.000000	0.000000	0.000000	0.000000	0.000000	0.000000	0.000000	0.000000	0.000000	0.000000	0.000000	0.000000	0.000000	0.000000	0.000000	0.000000	0.000000	0.000000	0.000000	0.000000	0.000000	0.000000	0.000000	0.000000	0.000000	0.000000	0.000000	0.000000	0.000000	0.000000	0.000000	0.000000	0.000000	0.000000	0.000000	0.000000	0.000000	0.000000	0.000000	0.000000	0.000000	0.000000	0.000000	0.000000	0.000000	0.000000	0.000000	0.000000	0.000000	0.000000	0.000000	0.000000	0.000000	0.000000	0.000000	0.000000	0.000000	0.000000	0.000000	0.000000	0.000000	0.000000	0.000000	0.000000	0.000000	0.000000	0.000000	0.000000	0.000000	0.000000	0.000000	0.000000	0.000000	0.000000	0.000000	0.000000	0.000000	0.000000	0.000000	0.000000	0.000000	0.000000	0.000000	0.000000	0.000000	0.000000	0.000000	
input11
0.000000	0.000000	0.000000	0.000000	0.000000	0.000000	0.000000	0.000000	0.000000	0.000000	0.000000	0.000000	0.000000	0.000000	0.000000	0.000000	0.000000	0.000000	0.000000	0.000000	0.000000	0.000000	0.000000	0.000000	0.000000	0.000000	0.000000	0.000000	0.000000	0.000000	0.000000	0.000000	0.000000	0.000000	0.000000	0.000000	0.000000	0.000000	0.000000	0.000000	0.000000	0.000000	0.000000	0.000000	0.000000	0.000000	0.000000	0.000000	0.000000	0.000000	0.000000	0.000000	0.000000	0.000000	0.000000	0.000000	0.000000	0.000000	0.000000	0.000000	0.000000	0.000000	0.000000	0.000000	0.000000	0.000000	0.000000	0.000000	0.000000	0.000000	0.000000	0.000000	0.000000	0.000000	0.000000	0.000000	0.000000	0.000000	0.000000	0.000000	0.000000	0.000000	0.000000	0.000000	0.000000	0.000000	0.000000	0.000000	0.000000	0.000000	0.000000	0.000000	0.000000	0.000000	0.000000	0.000000	0.000000	0.000000	0.000000	0.000000	0.000000	0.000000	0.000000	0.000000	0.000000	0.000000	0.000000	0.000000	0.000000	0.000000	0.000000	0.000000	0.000000	0.000000	0.000000	0.000000	0.000000	0.000000	0.000000	0.000000	0.000000	0.000000	0.000000	0.000000	0.000000	0.000000	0.000000	0.000000	0.000000	0.000000	0.000000	0.000000	0.000000	0.000000	0.000000	0.000000	0.000000	0.000000	0.000000	0.000000	0.000000	0.000000	0.000000	0.000000	0.000000	0.000000	0.000000	0.000000	0.000000	0.000000	0.000000	0.000000	0.000000	0.000000	0.000000	0.000000	0.000000	0.000000	0.000000	0.000000	0.000000	0.000000	0.000000	0.000000	0.000000	0.000000	0.000000	0.000000	0.000000	0.000000	0.000000	0.000000	0.000000	0.000000	0.000000	0.000000	0.000000	0.000000	0.000000	0.000000	0.000000	0.000000	0.000000	0.000000	0.000000	
input12
0.000000	0.000000	0.000000	0.000000	0.000000	0.000000	0.000000	0.000000	0.000000	0.000000	0.000000	0.000000	0.000000	0.000000	0.000000	0.000000	0.000000	0.000000	0.000000	0.000000	0.000000	0.000000	0.000000	0.000000	0.000000	0.000000	0.000000	0.000000	0.000000	0.000000	0.000000	0.000000	0.000000	0.000000	0.000000	0.000000	0.000000	0.000000	0.000000	0.000000	0.000000	0.000000	0.000000	0.000000	0.000000	0.000000	0.000000	0.000000	0.000000	0.000000	0.000000	0.000000	0.000000	0.000000	0.000000	0.000000	0.000000	0.000000	0.000000	0.000000	0.000000	0.000000	0.000000	0.000000	0.000000	0.000000	0.000000	0.000000	0.000000	0.000000	0.000000	0.000000	0.000000	0.000000	0.000000	0.000000	0.000000	0.000000	0.000000	0.000000	0.000000	0.000000	0.000000	0.000000	0.000000	0.000000	0.000000	0.000000	0.000000	0.000000	0.000000	0.000000	0.000000	0.000000	0.000000	0.000000	0.000000	0.000000	0.000000	0.000000	0.000000	0.000000	0.000000	0.000000	0.000000	0.000000	0.000000	0.000000	0.000000	0.000000	0.000000	0.000000	0.000000	0.000000	0.000000	0.000000	0.000000	0.000000	0.000000	0.000000	0.000000	0.000000	0.000000	0.000000	0.000000	0.000000	0.000000	0.000000	0.000000	0.000000	0.000000	0.000000	0.000000	0.000000	0.000000	0.000000	0.000000	0.000000	0.000000	0.000000	0.000000	0.000000	0.000000	0.000000	0.000000	0.000000	0.000000	0.000000	0.000000	0.000000	0.000000	0.000000	0.000000	0.000000	0.000000	0.000000	0.000000	0.000000	0.000000	0.000000	0.000000	0.000000	0.000000	0.000000	0.000000	0.000000	0.000000	0.000000	0.000000	0.000000	0.000000	0.000000	0.000000	0.000000	0.000000	0.000000	0.000000	0.000000	0.000000	0.000000	0.000000	0.000000	0.000000	0.000000	0.000000	
input13
0.000000	0.000000	0.000000	0.000000	0.000000	0.000000	0.000000	0.000000	0.000000	0.000000	0.000000	0.000000	0.000000	0.000000	0.000000	0.000000	0.000000	0.000000	0.000000	0.000000	0.000000	0.000000	0.000000	0.000000	0.000000	0.000000	0.000000	0.000000	0.000000	0.000000	0.000000	0.000000	0.000000	0.000000	0.000000	0.000000	0.000000	0.000000	0.000000	0.000000	0.000000	0.000000	0.000000	0.000000	0.000000	0.000000	0.000000	0.000000	0.000000	0.000000	0.000000	0.000000	0.000000	0.000000	0.000000	0.000000	0.000000	0.000000	0.000000	0.000000	0.000000	0.000000	0.000000	0.000000	0.000000	0.000000	0.000000	0.000000	0.000000	0.000000	0.000000	0.000000	0.000000	0.000000	0.000000	0.000000	0.000000	0.000000	0.000000	0.000000	0.000000	0.000000	0.000000	0.000000	0.000000	0.000000	0.000000	0.000000	0.000000	0.000000	0.000000	0.000000	0.000000	0.000000	0.000000	0.000000	0.000000	0.000000	0.000000	0.000000	0.000000	0.000000	0.000000	0.000000	0.000000	0.000000	0.000000	0.000000	0.000000	0.000000	0.000000	0.000000	0.000000	0.000000	0.000000	0.000000	0.000000	0.000000	0.000000	0.000000	0.000000	0.000000	0.000000	0.000000	0.000000	0.000000	0.000000	0.000000	0.000000	0.000000	0.000000	0.000000	0.000000	0.000000	0.000000	0.000000	0.000000	0.000000	0.000000	0.000000	0.000000	0.000000	0.000000	0.000000	0.000000	0.000000	0.000000	0.000000	0.000000	0.000000	0.000000	0.000000	0.000000	0.000000	0.000000	0.000000	0.000000	0.000000	0.000000	0.000000	0.000000	0.000000	0.000000	0.000000	0.000000	0.000000	0.000000	0.000000	0.000000	0.000000	0.000000	0.000000	0.000000	0.000000	0.000000	0.000000	0.000000	0.000000	0.000000	0.000000	0.000000	0.000000	0.000000	0.000000	0.000000	
input14
0.000000	0.000000	0.000000	0.000000	0.000000	0.000000	0.000000	0.000000	0.000000	0.000000	0.000000	0.000000	0.000000	0.000000	0.000000	0.000000	0.000000	0.000000	0.000000	0.000000	0.000000	0.000000	0.000000	0.000000	0.000000	0.000000	0.000000	0.000000	0.000000	0.000000	0.000000	0.000000	0.000000	0.000000	0.000000	0.000000	0.000000	0.000000	0.000000	0.000000	0.000000	0.000000	0.000000	0.000000	0.000000	0.000000	0.000000	0.000000	0.000000	0.000000	0.000000	0.000000	0.000000	0.000000	0.000000	0.000000	0.000000	0.000000	0.000000	0.000000	0.000000	0.000000	0.000000	0.000000	0.000000	0.000000	0.000000	0.000000	0.000000	0.000000	0.000000	0.000000	0.000000	0.000000	0.000000	0.000000	0.000000	0.000000	0.000000	0.000000	0.000000	0.000000	0.000000	0.000000	0.000000	0.000000	0.000000	0.000000	0.000000	0.000000	0.000000	0.000000	0.000000	0.000000	0.000000	0.000000	0.000000	0.000000	0.000000	0.000000	0.000000	0.000000	0.000000	0.000000	0.000000	0.000000	0.000000	0.000000	0.000000	0.000000	0.000000	0.000000	0.000000	0.000000	0.000000	0.000000	0.000000	0.000000	0.000000	0.000000	0.000000	0.000000	0.000000	0.000000	0.000000	0.000000	0.000000	0.000000	0.000000	0.000000	0.000000	0.000000	0.000000	0.000000	0.000000	0.000000	0.000000	0.000000	0.000000	0.000000	0.000000	0.000000	0.000000	0.000000	0.000000	0.000000	0.000000	0.000000	0.000000	0.000000	0.000000	0.000000	0.000000	0.000000	0.000000	0.000000	0.000000	0.000000	0.000000	0.000000	0.000000	0.000000	0.000000	0.000000	0.000000	0.000000	0.000000	0.000000	0.000000	0.000000	0.000000	0.000000	0.000000	0.000000	0.000000	0.000000	0.000000	0.000000	0.000000	0.000000	0.000000	0.000000	0.000000	0.000000	0.000000	
input15
0.000000	0.000000	0.000000	0.000000	0.000000	0.000000	0.000000	0.000000	0.000000	0.000000	0.000000	0.000000	0.000000	0.000000	0.000000	0.000000	0.000000	0.000000	0.000000	3.000000	
output1
54.782432	54.782432	54.782432	54.782432	85.198099	85.213776	85.139962	82.712482	75.661149	68.659975	60.978270	61.820170	62.935478	63.568707	63.382990	63.390286	63.770398	63.197336	62.282478	61.697247	61.393335	62.044357	62.638118	63.007574	63.963478	62.909185	60.754390	60.727258	63.091644	63.501503	65.463073	66.981090	67.191337	66.467958	65.579134	65.066321	64.567712	65.055170	65.285073	65.693140	66.040774	65.058385	65.059636	64.931584	64.651335	64.664972	64.184233	61.980462	57.314358	53.630310	49.770009	46.670394	44.242880	40.219088	35.700019	32.729100	30.161173	28.087764	26.765564	26.212816	26.345088	26.656828	27.700930	31.578029	33.585966	38.045851	43.793853	46.697027	49.272133	53.078468	54.397784	58.637041	61.220081	64.121103	65.522061	69.589793	72.651973	76.557371	78.445559	79.851602	81.544871	81.939876	82.249449	81.514192	81.330056	80.640190	79.424739	78.421647	77.646728	73.329894	72.237408	69.773134	66.038346	61.546757	59.679517	55.534361	50.174397	38.882862	34.065356	29.088509	26.902338	24.963043	24.192918	24.245827	25.006323	25.735749	30.692703	36.000775	38.589948	39.291140	45.997526	50.600433	58.004619	63.607040	68.656161	73.435909	80.831244	81.498846	82.410104	82.040022	80.995029	80.297602	78.683899	75.795021	73.683144	71.786315	62.214138	57.109890	51.438714	46.227640	39.016491	33.141180	27.268465	24.971682	24.742144	27.497857	31.795867	37.300487	43.004039	49.521561	54.005191	62.864982	67.300094	71.491628	75.169714	78.128519	79.856474	81.295407	78.638390	76.385574	66.153142	64.121359	63.184665	63.430054	64.978212	67.059656	68.305435	71.918131	76.602842	78.654406	78.700327	78.735930	78.301876	76.456293	73.864709	71.701597	69.619939	63.079921	61.667876	58.366271	57.048032	55.226677	46.338710	41.977771	37.908429	33.450168	31.880782	32.220465	33.830052	36.672992	42.754679	48.279451	51.493477	54.617344	59.423232	
output2
42.331001	42.331001	42.331001	42.331001	56.856996	56.901592	57.195783	56.035136	51.586005	47.818410	44.684635	45.592904	45.811841	45.919370	46.065360	45.973004	46.291533	46.253933	46.199453	46.058538	46.115348	46.391733	46.088102	45.913964	46.190557	46.239356	46.081820	46.122324	46.125879	46.105872	46.410062	46.426478	46.382205	46.242148	46.257763	46.359946	46.473796	46.620995	46.583405	46.656231	46.611888	46.323576	46.500512	46.519751	46.442204	46.784283	46.796082	46.516254	46.086585	46.063936	46.532464	46.870179	47.120565	47.333488	47.308923	47.297728	47.358313	47.430667	47.407640	47.575411	47.662671	47.718273	47.643931	47.102804	47.068644	47.190535	47.412797	47.668013	47.666360	47.221900	47.168689	46.837543	46.720900	46.676713	46.668518	46.169100	46.008200	45.911225	45.881285	45.815432	45.919200	46.122516	46.227216	45.940502	46.030018	45.953340	45.895014	45.999791	45.926236	46.384406	46.423236	46.204312	45.948025	45.901743	45.860134	45.831381	46.129923	46.581537	46.958676	47.205958	47.485414	47.574379	47.474192	47.610672	47.473597	47.265881	46.669742	46.589032	46.662099	46.993457	46.666060	46.643509	45.981326	45.359205	44.587142	44.386322	45.464248	45.747525	46.377868	46.285483	45.751464	45.539647	45.431233	45.658620	45.772614	45.930394	44.938031	45.366774	45.876820	46.316243	46.582141	46.951869	46.803015	46.698494	47.043969	46.746412	46.645819	46.933788	47.134680	46.782843	46.716893	46.111043	45.315408	45.101147	44.502786	44.424411	44.464571	45.276904	45.718607	45.352932	46.332111	46.545313	46.757204	46.328707	46.032841	45.472496	45.103788	45.181601	46.346685	46.907108	46.863325	46.990839	46.974413	46.857416	47.391657	47.612982	47.788004	48.150106	48.265164	44.789478	48.590114	48.463388	47.372098	47.456845	46.986480	45.991804	45.493957	45.003555	44.773098	44.202156	44.476901	44.630731	44.343492	44.338783	44.740974	
output3
42.331001	42.331001	42.331001	42.331001	56.856996	56.901592	57.195783	56.035136	51.586005	47.818410	44.684635	45.592904	45.811841	45.919370	46.065360	45.973004	46.291533	46.253933	46.199453	46.058538	46.115348	46.391733	46.088102	45.913964	46.190557	46.239356	46.081820	46.122324	46.125879	46.105872	46.410062	46.426478	46.382205	46.242148	46.257763	46.359946	46.473796	46.620995	46.583405	46.656231	46.611888	46.323576	46.500512	46.519751	46.442204	46.784283	46.796082	46.516254	46.086585	46.063936	46.532464	46.870179	47.120565	47.333488	47.308923	47.297728	47.358313	47.430667	47.407640	47.575411	47.662671	47.718273	47.643931	47.102804	47.068644	47.190535	47.412797	47.668013	47.666360	47.221900	47.168689	46.837543	46.720900	46.676713	46.668518	46.169100	46.008200	45.911225	45.881285	45.815432	45.919200	46.122516	46.227216	45.940502	46.030018	45.953340	45.895014	45.999791	45.926236	46.384406	46.423236	46.204312	45.948025	45.901743	45.860134	45.831381	46.129923	46.581537	46.958676	47.205958	47.485414	47.574379	47.474192	47.610672	47.473597	47.265881	46.669742	46.589032	46.662099	46.993457	46.666060	46.643509	45.981326	45.359205	44.587142	44.386322	45.464248	45.747525	46.377868	46.285483	45.751464	45.539647	45.431233	45.658620	45.772614	45.930394	44.938031	45.366774	45.876820	46.316243	46.582141	46.951869	46.803015	46.698494	47.043969	46.746412	46.645819	46.933788	47.134680	46.782843	46.716893	46.111043	45.315408	45.101147	44.502786	44.424411	44.464571	45.276904	45.718607	45.352932	46.332111	46.545313	46.757204	46.328707	46.032841	45.472496	45.103788	45.181601	46.346685	46.907108	46.863325	46.990839	46.974413	46.857416	47.391657	47.612982	47.788004	48.150106	48.265164	44.789478	48.590114	48.463388	47.372098	47.456845	46.986480	45.991804	45.493957	45.003555	44.773098	44.202156	44.476901	44.630731	44.343492	44.338783	44.740974	
output4
1.000000	0.000000	0.000000	1.000000	0.000000	1.000000	-9.506479	-19.246180	-28.981733	58.234377	14.276922	34.041459	46.516951	1.001338	10.678832	46.516951	1.001338	10.678832	0.000000	3.000000	